100
0.742717 0.208646 0.139269
0.437568 2.987931 1.291672
-0.726472 0.286002 0.941292
2.090858 2.382344 1.627087
1.651629 1.290623 0.023065
0.795001 0.400439 1.833463
-0.348542 0.670710 1.223985
0.344996 1.288415 3.426571
-0.244655 0.825970 1.610088
1.204340 -0.446197 -0.895795
1.124954 -0.136624 1.721787
1.051508 0.687710 -0.167375
2.082671 1.160948 -0.220714
0.904892 2.141970 -0.595279
2.015069 1.726078 0.583290
-0.131915 0.186526 0.949356
-0.595586 0.848753 1.673811
1.581640 -0.743192 0.352625
1.958214 1.596626 0.792050
-0.606363 0.860179 3.882905
2.281561 1.867336 1.657202
2.289690 -0.183153 1.284816
2.278702 1.051305 0.651628
-0.787467 1.161042 0.892837
0.465809 2.323702 2.176351
-0.903399 2.439699 1.100898
1.318272 0.092041 0.659540
-0.533282 1.404692 1.535169
0.904147 0.888371 2.528850
2.341097 0.764255 1.292884
1.803690 0.819376 0.093692
0.998908 1.508415 1.345880
0.980498 0.853252 0.463711
-0.334842 1.744897 0.682630
1.804725 0.710793 1.661481
0.720970 1.848856 1.173667
1.964055 1.454023 1.353703
2.359662 1.498866 0.646215
0.997530 2.073000 3.099468
-0.018633 0.466869 2.367169
-0.722958 1.189123 1.970158
1.806921 1.221257 0.846104
0.419597 1.329382 1.263929
-0.337643 2.003641 2.109766
2.673289 1.099782 0.806197
0.659786 2.491145 1.971158
0.781998 1.096114 1.224602
1.263969 0.706390 -0.436419
-0.136029 1.285348 2.016194
1.101678 2.024625 0.950664
2.414358 2.045604 1.550020
1.899387 1.305121 0.089815
1.847696 1.654601 1.636843
0.328394 2.506994 1.987087
0.792496 0.572702 2.584791
1.116210 0.867817 0.653535
2.032370 1.148136 1.249473
2.204073 2.010792 2.125057
1.036203 3.131823 3.094064
0.415899 -0.818342 0.788117
1.549215 1.584261 1.304650
1.582024 -1.069365 -0.016329
-0.848284 1.728821 0.508272
0.873422 -1.099777 -0.198125
2.167586 3.576306 1.566941
-1.372940 0.889062 -0.450955
-0.345754 2.260730 0.799952
0.818147 1.582105 1.495058
2.221282 -0.843059 2.200330
1.966314 2.101185 1.508756
3.013564 1.188005 2.648834
0.479875 2.076895 0.826705
1.266308 1.404567 -0.209416
0.341349 2.684062 1.749770
0.695602 0.162827 0.137810
1.562026 1.393245 1.127956
1.809157 0.539443 0.448703
0.283927 0.778223 1.543628
2.666990 0.153184 -0.035566
2.211102 0.642607 1.891110
1.718970 0.984922 1.062396
0.400278 0.855014 0.687070
0.389959 2.425232 0.711392
1.802050 -0.962383 1.830474
1.757653 2.497435 0.142056
0.137313 -2.286186 1.505909
2.766695 0.939808 0.839299
1.710749 0.526063 3.015201
1.617990 1.524387 1.633213
0.929598 0.356359 1.931915
1.117594 0.768017 1.770326
3.370369 0.280313 -0.124915
1.903151 1.735062 0.214802
0.518765 1.222096 0.328008
0.852887 1.027936 2.510292
1.222125 1.037445 2.163125
-0.862533 1.091236 0.658592
0.759996 2.213457 0.780374
0.064496 2.432503 2.319263
1.546201 1.625318 1.637366
