600
3.015002 0.504389 -0.253860
4.294573 4.584096 0.417303
4.042618 3.228983 0.264645
1.561763 2.040815 3.033798
2.784226 1.776423 -0.718239
3.799931 -0.243719 2.751132
2.783780 4.564275 2.228747
0.218604 3.437883 4.355554
4.762326 2.581431 8.083104
2.065080 4.222955 2.530002
3.695158 2.998140 1.156675
2.763007 1.507665 2.179997
3.822416 5.824999 3.128142
3.240989 5.018501 2.631448
1.437515 3.661465 4.599457
1.207491 1.945689 2.134602
4.393273 5.555180 -0.001408
3.338600 4.237172 0.677351
1.550237 4.086418 4.510554
1.998087 4.126230 2.828091
5.324524 5.020081 3.552347
2.236626 2.157750 3.141647
4.500042 0.380656 -0.316812
0.717986 5.723137 3.755805
3.000944 3.043295 1.226764
4.290384 0.930941 2.989325
1.131802 4.799825 3.308191
2.674984 3.685539 6.240788
2.351364 2.961556 1.908068
4.805137 3.147508 1.707636
5.215229 4.045853 -0.203770
1.959071 4.090471 -0.286930
2.269025 1.832267 2.863599
5.651798 3.648176 1.532935
2.609405 3.143034 3.146885
4.831807 0.678542 2.114304
3.059466 -0.446236 2.359363
1.312111 1.864311 1.926571
4.248552 4.149981 2.414492
5.256812 0.777267 6.266341
2.336381 6.662636 3.281135
0.154281 3.739256 1.158521
3.698774 3.474016 3.603972
1.075612 0.167055 7.109343
3.778794 2.921720 6.535899
3.398056 1.715969 5.458848
4.484491 5.626634 3.906098
3.178899 4.781611 2.313200
2.881263 4.629885 -0.581486
4.123931 1.194941 0.404806
1.677087 4.855789 2.653647
0.679785 3.437405 1.075541
4.672837 3.237203 2.081330
3.804136 2.482522 4.980716
2.853170 4.829247 4.861268
2.529355 3.032693 3.504321
2.555427 5.105339 0.019187
3.615676 3.565501 5.065057
2.240677 6.132259 4.465986
3.354722 3.820970 3.768894
2.959388 0.632536 2.229009
4.949124 2.378138 2.773198
1.765934 5.912781 4.096868
2.200884 3.751249 6.202640
4.121844 0.938686 1.624082
2.034196 0.419585 4.133828
1.806115 3.218549 -1.453070
1.709785 1.014977 3.618471
2.741130 3.725738 2.911140
3.541886 1.091088 5.645598
3.534869 1.635974 4.918739
0.327086 5.555200 3.419268
3.704648 4.641696 2.058085
4.318202 3.040304 2.765148
3.955098 1.065077 5.376513
3.689176 4.087439 0.386002
1.510693 1.413064 3.186698
2.870868 0.730934 1.957479
3.582041 0.323176 2.684949
2.403220 4.011996 1.501588
2.544254 1.938206 4.969822
0.789060 2.021972 5.931634
2.050744 0.123778 7.345825
1.476406 2.595270 3.842577
5.017275 2.743187 2.745272
4.156210 2.056135 2.044034
0.042575 3.528972 1.753776
2.551362 3.562702 4.505440
4.772841 2.186796 4.078310
3.246627 1.552165 4.515907
0.457809 5.994951 1.690544
2.991905 5.007956 6.057979
0.522175 1.217668 2.585629
3.265637 4.027944 3.065637
1.099922 6.836085 4.306666
3.954958 3.886832 6.478928
1.053620 6.054090 -0.244733
4.746152 5.382628 4.850810
5.735705 2.465520 5.315042
3.751454 5.842008 2.920176
2.481510 0.784471 1.120721
2.899848 2.184464 2.597052
2.447636 4.841886 4.554058
3.891887 7.094250 5.766105
4.301765 2.431407 1.188319
2.014006 3.135897 0.909493
1.932770 4.769675 6.545869
3.519479 4.195455 5.961526
1.762745 4.200492 7.007491
4.713495 0.396734 4.258928
3.121411 2.145560 4.131777
3.994595 1.862289 4.573161
2.030583 0.855984 0.475463
2.513270 3.327606 -0.194898
5.633429 4.313896 8.027003
3.791365 2.744743 3.507035
0.980102 5.050387 5.143523
2.233493 0.829154 1.418576
4.781538 1.350005 1.549259
1.842497 2.117007 -0.550659
1.997925 3.894625 1.576529
2.781121 2.920014 3.192357
4.451086 1.566021 4.043565
1.296222 1.185028 7.511908
1.487925 3.949384 2.882834
2.408469 1.962355 4.170105
3.338680 3.370690 4.065454
4.709146 4.954519 3.379640
3.615222 0.317943 -0.422589
4.257466 2.787387 4.337130
3.498466 5.292284 3.338494
3.561801 0.860067 0.667302
3.858850 1.122728 2.381534
5.032628 3.530152 3.343948
5.112913 3.096360 4.348273
4.360523 -1.214326 0.064423
1.964506 4.371061 -0.336062
1.674633 5.678311 2.482477
2.173285 1.381093 0.926227
3.312879 4.841508 4.926781
1.425768 2.914536 3.604349
2.628814 0.855345 5.947180
2.708717 2.728645 6.865430
2.166076 2.095937 0.901865
6.010961 4.047251 0.791402
0.529650 3.436352 3.356591
3.290285 1.977197 1.039157
3.691155 5.059023 7.170156
4.290754 3.675156 1.915997
2.110875 2.858856 3.189217
3.912884 5.713581 4.698038
3.172867 5.545428 5.710304
1.702509 2.808116 5.686838
2.676814 1.856569 3.568350
5.518255 4.224532 0.902860
2.166841 2.610995 4.647686
2.848000 1.035838 0.595726
0.356618 2.297999 2.824388
5.918637 5.199144 5.098028
3.924361 4.279074 0.670125
3.689848 1.193127 2.970827
4.069358 3.977408 5.678009
1.351362 1.678669 4.276006
3.977467 4.381503 2.544285
1.822397 3.641434 3.916660
3.434000 2.101619 4.399390
2.222770 1.267716 -2.320654
3.778516 3.054256 4.400728
1.846405 1.369567 1.658000
1.784714 2.856966 -0.053096
2.428142 2.346799 3.772702
1.528143 1.339592 -3.421173
4.114652 1.377794 3.227232
5.905626 1.939196 4.166601
4.557379 2.405888 1.291232
-0.028415 2.237864 3.504595
3.583801 1.530897 1.355700
2.767292 1.868499 4.436043
4.367916 3.065079 5.446457
0.112946 5.507984 2.426807
6.237079 1.604013 5.380507
5.240812 4.472988 4.668544
2.527411 2.327580 4.525749
2.349199 0.906282 1.380342
3.134561 4.406680 2.596329
3.421323 0.576834 3.067033
2.422443 1.290937 4.850781
2.209739 3.706817 6.857159
1.646631 2.318350 3.939753
3.898329 4.728778 4.605190
4.217975 5.321858 6.230028
3.745796 1.755176 9.017282
4.093861 1.856075 1.849156
3.584160 4.530100 5.619102
4.586260 3.935721 5.152926
3.627777 0.052869 5.324730
3.915908 2.199228 3.248682
1.629659 6.746153 3.947442
4.049566 2.764713 4.038932
2.907018 3.309461 3.790420
2.626422 1.999577 4.622686
1.963385 5.350565 2.627950
2.123296 5.812628 2.013170
4.883736 2.863529 1.511959
5.059826 2.713681 4.493652
1.026653 2.029040 4.951304
1.850982 3.300261 0.017460
4.178871 3.268407 5.021993
3.345392 3.999077 3.162791
3.538317 2.803943 6.242874
2.164606 3.393215 1.907161
2.230352 3.174426 2.885414
1.537481 3.129763 -0.144143
3.659494 3.372862 4.596317
3.587120 6.628634 4.961920
0.362942 0.106507 3.016918
3.313960 1.023714 1.483691
2.456949 1.321294 3.631344
4.865223 5.122473 5.358709
3.485137 2.699058 2.100893
5.486786 5.827627 1.411919
1.398258 2.513903 1.615379
6.145961 3.321691 4.101959
-0.092349 4.129963 2.778398
2.796678 3.533903 1.231943
2.170831 3.008296 2.938952
1.389070 1.086820 5.126653
4.891531 1.598794 3.536138
3.696105 1.768978 4.840357
3.913711 3.385120 3.177030
4.045568 3.844344 4.533145
3.201305 4.459394 4.300197
2.185586 3.745464 2.700207
5.853172 5.095112 3.035040
3.110778 2.840419 4.316611
5.306325 0.808354 1.769802
4.303823 0.780611 2.469395
2.010110 4.112427 5.490441
3.595609 3.147956 1.458820
2.525660 2.220222 3.413038
2.670224 5.562570 4.889685
0.183005 5.587053 7.354100
-0.615751 3.025024 1.927645
0.919151 1.134533 3.764927
1.620500 0.642778 3.055573
2.492711 3.570629 4.995809
2.346760 5.186069 6.236322
2.221725 3.150853 1.586519
1.873778 5.180687 2.907595
3.376377 2.971098 2.448528
3.451574 3.422546 1.926508
3.838683 4.993813 3.335740
4.354107 5.852418 2.716518
3.874868 4.332172 2.370171
4.693845 3.530109 4.738250
1.604347 1.430288 3.720878
2.096867 3.858534 0.000498
1.111429 0.790623 2.828069
5.116431 3.093242 4.119558
1.354196 5.074115 3.145728
3.511522 3.193976 6.446988
3.588964 -0.829843 2.375142
1.305531 5.718567 6.133732
5.414108 3.349942 2.140349
5.155730 5.113340 5.642117
-0.159986 1.852906 4.775919
2.627082 5.474326 1.371725
3.399429 3.684871 2.607882
3.719781 3.136652 0.381236
2.698051 4.221668 5.221448
2.636565 2.859481 1.192849
2.402272 2.579049 0.202759
1.579553 3.504535 0.061303
1.795165 -0.752055 6.997912
2.342698 3.000797 3.992400
2.223234 2.760985 3.581760
2.754900 3.989958 5.108587
3.800729 2.914782 5.994146
3.345689 2.774451 6.142388
1.089054 2.982999 3.092517
2.052881 1.799323 4.057490
2.645120 3.438223 3.207511
2.749176 3.910877 3.945185
4.213105 1.739797 3.948232
2.955510 2.450612 -2.702119
4.393492 2.085780 0.572763
1.445582 5.536497 5.605412
1.672890 2.291830 1.151301
2.690916 4.433301 3.831499
3.458252 5.179558 4.422917
2.876621 -1.005623 6.072196
3.103041 2.272515 3.247864
5.053081 4.184007 1.487091
5.730129 1.940778 1.453444
1.927044 5.272057 1.822800
0.963434 5.178732 -1.027401
3.937844 4.744550 2.855882
3.848013 5.411391 1.338303
0.984910 0.853378 3.726503
1.643838 2.933303 0.555916
6.813257 0.405676 1.759603
4.468856 2.826999 2.629731
1.208366 4.688353 3.263450
3.523546 0.790528 4.205007
2.952403 4.277521 1.820341
3.167262 1.567838 1.280093
3.374949 1.132353 3.338421
3.763819 -0.256418 3.597661
4.758258 2.529818 4.476577
3.036126 2.568705 1.888576
1.754404 1.833942 0.552366
0.662851 4.861404 4.443358
1.958567 0.637668 1.186143
3.691173 3.216731 1.427840
2.198405 1.111408 2.098510
4.071893 1.541807 3.384589
2.456156 1.631504 2.883793
-0.060126 2.821146 1.774266
2.486822 1.478279 5.072146
5.345227 4.334911 3.147568
3.801667 2.397032 2.614315
4.291149 3.213691 4.144532
3.992621 1.470413 1.135657
4.661745 5.173790 4.039700
1.507839 5.932282 2.352622
2.241109 2.956018 0.574843
3.183119 0.730331 4.316094
0.037144 2.411496 1.131951
0.614063 1.150293 -0.033368
2.406783 4.711055 4.258023
3.471334 3.742156 2.808623
4.033678 3.132279 4.345806
2.734574 2.014076 6.263618
1.877920 1.903999 1.958947
1.753239 2.796635 3.727783
4.192914 5.873085 2.536296
4.744775 2.696556 0.720231
5.329235 1.924265 4.538418
1.761351 1.991012 1.847670
3.005657 2.564119 2.863560
3.267900 -0.253318 4.972873
1.389399 2.689445 1.800336
3.545888 5.620045 0.379582
4.812272 2.625507 0.774125
3.976151 1.650856 2.763302
3.939214 1.248721 4.485260
2.007534 3.753922 3.269550
0.855059 3.044904 0.700819
3.254707 4.590533 0.831101
5.067500 1.255518 2.902046
3.250057 5.517605 2.770382
2.805778 4.226889 6.145570
2.822026 2.480246 8.822978
3.687022 2.967887 4.353120
5.141838 6.716867 0.727204
2.856493 2.970752 2.443558
1.640684 4.273208 5.760166
3.437715 1.300596 4.211627
0.599046 6.886927 3.168052
2.217435 4.548400 -1.163762
1.645373 0.905781 5.981037
2.372066 1.549870 1.882497
3.044659 5.072516 -0.762520
3.617826 5.797718 1.673026
3.859689 2.484318 3.560760
2.958709 3.955746 4.542747
6.361531 4.780279 2.071177
3.152703 2.233197 0.589041
2.307377 2.621651 1.739189
1.587884 2.189601 6.809097
1.709402 2.024184 2.752668
3.677378 4.289693 4.295110
3.616420 -1.081725 5.564353
1.097936 4.677732 6.359866
3.273745 3.242016 1.856824
3.448305 2.112923 0.900377
3.141300 3.827299 6.786894
5.223278 2.894674 1.848866
1.810438 2.742755 1.557811
0.500160 4.619711 2.515727
5.721789 2.733351 3.520985
2.122750 2.825622 2.047719
3.880728 -0.892762 4.907390
0.523744 4.775430 3.478013
0.748396 3.346063 -2.148015
3.717151 3.582954 3.523738
2.321557 3.977710 3.807969
4.633939 1.369791 0.607791
3.785534 3.821084 1.501918
2.178688 3.432254 1.332762
0.814307 0.967988 -0.226907
3.707797 3.040871 3.110283
4.827488 -2.723383 2.479981
1.712214 2.766514 4.146530
2.947331 2.271594 -1.283793
3.378224 4.487916 0.898212
4.349561 3.732716 2.499316
3.369675 1.996924 3.074885
3.282239 6.164763 1.735889
-1.418283 4.018609 2.193325
2.771421 3.902382 2.462850
1.138026 3.517168 -2.757297
1.163064 6.063527 6.301035
4.006520 1.155348 5.567120
4.540708 6.347587 4.368040
1.505564 3.355714 2.031986
4.811668 3.161739 3.901849
3.702405 2.789078 5.562016
-0.429410 2.098922 4.938400
1.599756 0.976936 5.586556
4.191516 3.029907 2.132762
0.637553 4.617086 -0.487951
1.893339 3.106589 5.495027
3.254725 2.573387 -0.246199
4.290453 4.114113 2.898593
3.401918 4.112372 2.971182
0.971732 3.394998 4.776660
3.042639 1.757035 1.290798
6.131834 2.842514 3.107910
4.112500 6.146538 6.068655
4.771981 2.471630 4.349016
3.434164 2.444775 1.903852
4.022214 4.816605 2.028060
4.726336 -0.409817 1.541135
2.232375 5.466292 6.219193
2.571009 3.990938 4.509809
4.360992 6.386491 4.542627
1.644910 2.526400 0.855189
4.225101 2.349831 -0.898372
2.795849 3.502075 5.426495
2.183831 1.982512 3.139901
3.527361 2.230822 1.908992
2.599737 2.344627 3.022546
1.691728 3.729172 3.458742
2.209441 1.500432 -0.318635
2.730894 2.928100 4.732414
0.549197 5.461898 5.806644
1.476929 6.511945 3.370839
3.069216 1.277416 4.538391
3.815361 0.204157 3.279462
2.486848 4.706458 -0.265800
1.281929 4.558742 3.096680
3.870805 3.836886 1.919152
3.675240 6.460133 -0.716421
3.193115 3.805748 2.995581
4.130860 4.687730 0.380502
2.201423 0.505416 3.634498
0.847077 1.170101 2.779139
4.119186 1.250810 2.044998
2.679870 4.762823 2.938755
3.369796 1.528082 1.950421
3.248519 2.223100 2.827209
0.769516 2.727313 4.110677
2.832174 1.444179 2.940266
1.254531 -1.177127 3.373412
2.037472 1.933877 1.809009
3.814830 5.841209 1.403763
5.526590 3.922751 5.793311
3.522057 3.155311 4.525542
4.379669 2.071301 2.093789
3.989559 0.739589 2.394386
3.521300 2.158478 0.256449
3.541159 3.941677 3.961330
2.646939 5.505910 4.649579
1.197543 1.697413 5.328284
4.646664 0.257363 4.535210
2.106138 3.516973 5.173965
2.036997 3.245383 4.510616
2.240997 4.042317 3.088722
1.663558 2.703150 4.802164
3.438498 2.064117 1.721612
2.277487 1.824641 2.335180
2.832678 2.603710 5.359135
6.578011 1.501832 4.340724
3.121052 1.408044 3.494604
0.399053 5.962341 0.765194
1.663286 3.353679 1.041342
3.188270 3.758474 1.722514
3.774508 5.137209 2.092930
2.104973 -0.589746 2.969603
2.994065 0.878237 4.468096
4.532819 2.722161 4.294594
2.661067 5.909386 2.793039
3.853722 2.736817 0.822421
1.290115 4.258475 2.564504
4.647662 -0.507788 0.955339
2.668666 3.001862 4.674667
2.746145 3.914428 6.814156
4.410813 2.829259 3.506754
5.487240 7.226396 4.331507
3.673414 6.197727 0.496213
3.641302 1.943519 2.899609
6.007932 3.549114 1.605238
4.949943 2.770538 4.441535
2.305725 4.590649 5.549236
1.998743 5.514529 4.612289
5.670867 2.013914 0.075625
3.171933 1.676465 1.815768
2.695754 1.864484 3.391265
1.422596 0.205039 5.507168
3.615347 1.097293 2.310372
3.603720 4.627367 3.671421
1.500059 3.456508 6.637492
0.103214 4.030235 7.411769
1.906817 2.680781 4.866029
2.253513 2.877946 1.780878
1.914288 5.079749 -1.156338
3.978710 0.644015 4.659427
4.295499 1.144547 4.319563
5.029028 4.392548 3.557564
1.900749 2.202936 -0.601330
2.596201 1.825844 3.336202
3.981851 2.858429 6.715859
4.051633 5.441824 -0.024979
4.443634 4.205512 4.309482
3.934546 2.245505 2.108176
4.625766 3.201252 3.515113
0.427745 2.215469 -0.471696
4.071388 4.178179 -2.261952
0.053073 4.180316 5.613028
4.303974 3.724098 5.629765
0.952205 6.372288 1.342493
3.426765 3.853394 2.007861
3.019378 5.714036 5.629602
4.971659 7.684511 1.346385
5.482876 2.852943 2.724877
6.540617 1.866392 2.639265
-0.185495 1.472044 2.154843
4.356716 4.516879 3.301873
4.126982 3.178827 0.468485
4.511282 2.139683 4.989054
6.386739 3.444673 5.637030
1.694649 3.262435 2.175328
4.380151 -0.560800 2.063662
3.572504 3.229477 3.966298
1.412690 4.118112 2.530609
2.568691 6.092747 1.164852
5.007265 5.095633 3.834896
2.104375 2.640650 4.014251
1.651140 1.395698 3.378556
4.585356 2.011298 3.965038
2.886987 4.192413 4.410742
1.907415 1.921400 1.978882
3.861597 3.040598 3.033114
1.760960 3.695830 1.380413
6.247238 1.844646 3.068855
4.334659 3.719768 3.867247
1.508163 2.192145 2.643138
3.508946 3.653191 8.106176
2.830247 2.611143 4.916213
1.273374 2.598665 1.410944
2.373495 2.092653 0.335651
0.564116 3.935414 3.481755
3.074074 4.155250 7.754797
0.842289 4.359780 5.387369
2.193441 4.348732 -0.566022
3.697044 5.332616 3.054230
1.594472 3.741507 4.668073
3.440028 2.574042 4.334985
1.511413 -1.044222 3.952558
0.765899 2.306280 -0.132382
2.192297 6.173336 5.563368
3.393648 -0.082188 3.516162
4.541884 4.795173 2.627938
-0.095908 3.037908 4.564235
3.732729 1.566637 4.544687
2.815341 2.565719 5.610184
2.398630 3.965948 2.908178
2.484800 2.415882 0.661928
2.174068 3.368145 -0.100500
2.729461 7.271217 7.013028
3.661832 3.858622 4.997996
2.357134 3.337720 6.461929
2.438496 0.364039 -0.373029
3.865047 5.067248 4.791972
3.819542 1.218237 1.577639
1.088252 4.446746 3.940369
1.249022 3.643077 3.544245
2.705687 3.780984 1.684835
6.842944 2.667906 6.523965
3.970253 3.733995 1.125270
3.525914 3.004833 1.304793
3.246167 1.476605 3.439068
5.657860 3.010158 0.415427
3.699084 2.953261 3.599699
4.960107 1.221550 2.648017
3.407099 3.899417 2.723068
3.147578 3.319173 1.302772
3.089949 2.329448 4.632227
2.848054 4.311968 -0.651214
1.999181 2.275631 3.880761
2.827603 3.831760 4.350688
0.582004 0.468111 5.036464
-0.921922 2.609829 3.354198
4.354190 3.249382 2.729663
3.444296 3.413358 2.406204
2.585963 2.224479 2.185410
2.939014 0.948902 2.956449
1.599189 0.915979 6.098990
3.779582 2.965367 4.883105
