1600
9.702193 12.744451 10.684342
6.474311 6.693987 12.427972
9.827136 7.023596 8.323065
7.369688 9.255540 1.669432
10.172373 9.450760 7.725389
8.118345 10.705218 8.684844
6.300641 5.307235 13.020735
3.180782 10.251887 4.030713
8.176143 2.396765 9.023216
6.530440 4.925527 6.842480
14.031014 16.389199 4.135201
6.376646 6.878117 10.145233
4.435976 12.805157 6.369499
8.828875 9.505551 13.595064
9.686871 7.883915 9.442882
6.901286 6.110785 5.137165
2.197661 3.648270 8.572443
11.554879 11.233670 9.006918
6.492442 11.555293 15.799968
8.557675 4.236197 9.220804
10.143165 3.849421 10.953660
6.528394 5.681907 11.194011
5.254649 7.016827 14.536642
4.705391 5.417824 12.685591
6.544876 5.143911 7.848407
9.121834 7.803995 3.968509
4.333551 6.476964 4.549527
5.569037 7.741348 16.767740
10.092801 9.048528 13.575125
4.524618 9.354590 3.709572
5.570092 3.212137 8.727684
4.776825 4.276270 7.924541
6.759592 5.652937 12.291397
7.806960 6.085068 6.915808
6.919609 4.627372 9.963525
5.796809 10.238418 11.146910
10.062391 7.538843 13.013066
12.645109 5.303830 6.900477
5.772102 1.441822 7.341458
11.354124 8.499357 12.070908
10.180840 7.970236 12.972539
9.410350 11.894787 10.265166
7.791074 8.549577 5.991349
5.598318 11.543760 8.754306
9.232071 8.454797 5.557716
3.366534 6.337196 6.850447
7.541586 6.574532 5.812133
4.400573 10.768262 8.391458
9.846310 4.537219 7.936617
7.343194 11.205832 9.121883
7.348204 7.115790 9.086721
3.292083 4.636514 4.676548
5.033209 7.489081 6.744842
6.635558 6.587980 11.180278
7.134685 8.842354 9.601478
8.649388 7.172931 7.841831
6.221367 6.437551 6.928575
8.628053 9.699099 7.470727
4.294173 7.662824 6.053380
11.251987 6.356041 11.364498
7.819609 10.446557 13.253205
4.595043 6.778776 10.310789
10.082823 8.325292 7.757149
7.565132 10.304524 7.394567
8.543154 8.484154 6.512348
6.940030 7.296085 11.594973
8.288721 9.210786 9.637752
5.751209 5.827999 10.781637
4.091215 7.702397 8.450733
7.537995 9.656759 8.309695
5.379482 8.834041 9.335805
3.488521 6.674918 4.392313
4.968138 8.331659 6.102202
7.740004 6.872858 9.683010
2.482359 8.398580 8.217478
9.246583 11.159768 8.213840
5.980743 9.472380 8.100986
6.285228 8.758903 16.463245
8.893856 7.322600 12.545268
10.705026 8.371437 6.996688
4.645872 10.340532 6.070370
7.643422 6.746751 14.254526
7.855536 8.769050 5.660254
9.922677 4.540550 5.683892
2.025984 6.984406 12.235922
4.923996 5.294216 3.738337
8.027791 7.338873 5.488432
5.935238 5.173880 11.140200
12.118024 9.311191 9.202077
7.780081 12.184539 10.039528
6.287782 13.486113 4.038776
9.420614 6.985126 8.462509
9.135575 8.280687 10.174713
3.456819 8.289125 14.617571
8.927486 8.145698 11.148354
9.328779 9.657346 9.241510
7.850920 9.033250 12.904654
6.327131 7.586526 4.777257
5.882012 7.301599 4.027949
10.961769 8.500270 4.059350
7.921361 3.348612 8.793656
0.522466 10.366458 8.743422
4.228253 8.851568 3.738507
9.887252 8.535285 8.481616
8.522990 9.218847 7.686367
8.571825 6.576634 11.672935
4.644804 10.413515 9.873987
4.811060 6.676628 4.056779
1.804467 7.976024 8.005353
7.151610 7.579784 9.156968
8.166451 11.143540 9.137367
9.000379 11.061915 5.975955
4.411772 7.199164 9.177944
2.864177 3.108761 9.611670
4.323233 10.317366 7.158764
8.221083 6.897997 7.917812
2.647861 0.784246 8.580779
7.990292 8.271689 11.212642
2.320204 6.695970 12.529537
7.394000 8.375837 6.861470
9.779655 8.759926 9.942415
6.243139 8.768749 8.109015
8.391832 2.662250 8.978427
4.719947 7.919085 9.019891
6.112210 6.388390 8.383334
5.042820 9.782582 7.910615
4.163162 6.416739 8.042789
8.325831 4.937610 8.692415
8.094387 9.163098 9.230703
7.854792 10.502569 12.089997
5.609353 6.069053 9.537034
7.079217 3.946920 9.894894
9.004653 9.569298 11.978358
9.052896 8.636539 5.897413
7.505089 8.540985 6.956728
3.514278 9.773441 8.772778
9.359091 4.855915 9.000713
6.973985 11.793970 11.436224
6.060042 9.421793 10.196594
7.170708 9.175469 10.907858
1.891285 7.226772 7.824989
7.927306 7.991882 8.441167
9.057232 10.639220 7.265050
8.176857 9.729176 12.779412
9.620083 12.459022 8.051599
9.168049 5.006054 3.595318
2.479016 5.694332 9.787816
4.479012 5.365172 7.313697
9.013918 7.345765 1.848705
6.330025 6.377856 7.366260
7.778502 10.418148 8.693271
8.751626 5.548157 15.675755
9.199273 5.166087 6.023011
8.160979 9.748543 1.514721
6.619811 5.358006 4.535865
9.433636 6.217845 10.011681
10.287864 7.197935 9.031527
5.881042 9.627653 8.270980
3.439139 10.765984 5.772722
5.644043 5.738335 7.633755
11.464577 4.985358 13.516177
7.306497 6.547433 10.863986
8.976724 13.451304 7.690673
8.099698 5.577128 7.741302
10.878402 5.740603 11.532844
5.936594 11.781280 11.835792
8.359174 9.545839 4.596712
8.036291 6.967131 5.870312
9.572086 11.439857 8.430315
7.714008 8.776785 5.741413
8.955179 8.062764 9.760899
8.895580 10.785061 14.528137
5.167361 11.226852 15.797687
10.786310 7.580832 7.084912
9.824198 11.687007 10.799153
11.515292 8.860797 8.999029
9.535181 6.439362 8.056729
6.864687 4.446713 0.658137
1.071597 11.153761 10.418408
7.313471 8.574319 10.510522
10.366403 7.802253 11.577897
7.730997 7.443548 6.244796
4.340633 8.358751 5.488914
8.921581 10.551636 12.268826
9.053085 8.828808 8.478811
11.729188 7.132717 8.688405
3.779775 9.314805 10.449253
5.517770 7.865057 14.142379
2.571415 0.493894 5.629238
9.985801 8.052010 1.767137
3.130130 6.621501 9.582279
8.083824 4.501159 11.894179
4.708220 6.816016 9.593249
7.935856 4.989699 12.961282
2.782584 12.301724 5.272766
9.177705 8.648077 5.617629
4.612859 9.828895 10.367537
4.603563 5.062242 10.032888
4.690873 11.191023 13.650450
5.223236 6.944307 10.919194
7.905943 8.248296 5.172725
11.400980 7.419425 7.134120
6.624741 10.099146 5.814819
4.312739 10.605419 9.559664
2.705523 6.799954 8.971719
11.830496 12.029954 8.349652
4.874274 7.096140 6.615286
9.595685 3.048440 9.724319
10.431740 3.957399 5.993204
4.468660 7.352943 10.019018
5.422970 7.164254 6.596461
3.365072 5.587531 11.432142
2.450236 9.666374 3.979510
8.820112 9.971547 8.989813
7.358284 7.711524 8.205193
2.652157 7.140206 4.416501
8.333449 8.549587 10.330985
6.041852 8.961492 10.203440
10.451253 7.948549 11.791876
6.159254 5.674563 6.474933
7.111640 10.365174 8.389172
8.567029 6.672647 8.383411
4.680333 6.117070 8.122069
3.864020 5.304666 4.168720
5.249776 6.255990 11.473037
10.358419 9.588159 9.035195
8.642572 6.376355 13.653479
6.595704 10.117373 8.634217
3.085940 12.564721 9.699739
9.315025 11.516107 7.184433
7.892397 7.406733 8.171000
5.782565 8.608164 7.971379
7.580614 6.429469 13.701868
12.894852 9.335886 7.350453
8.769441 6.558540 10.194558
7.185026 6.392289 8.000546
7.264026 3.135732 10.949213
10.363584 6.036134 10.250363
6.835490 9.002914 8.660717
11.223351 7.453635 4.003601
11.681380 7.355129 3.664287
3.068810 8.262661 7.001784
6.292791 3.974298 5.881405
6.774449 4.880337 9.088089
2.409026 10.426581 11.548949
8.772382 5.585035 10.509367
2.813122 5.794418 9.146346
6.133240 6.946710 4.845870
6.830208 7.445262 7.365841
5.646921 7.158359 8.436612
7.597001 9.500181 10.580569
8.035872 6.003570 11.426788
4.645813 7.208650 11.536159
10.283091 6.728090 2.364212
6.947815 8.086817 8.102507
7.856410 4.572813 15.325944
9.106288 9.591403 10.143373
4.260979 10.253723 12.412117
7.748118 8.824491 7.934989
9.306545 11.096960 13.156229
0.421555 8.108007 6.510781
7.172434 7.658153 11.598286
5.848989 7.722668 6.807663
9.493267 11.030979 2.928025
7.626061 4.579923 7.028726
5.696922 11.837259 7.275374
4.617478 7.834056 4.557602
10.885918 11.298674 7.715239
3.811242 6.030291 6.464215
11.144284 6.955261 14.879627
8.893887 8.341008 9.235218
7.063098 10.295077 12.558396
11.329411 4.745022 10.177644
7.009056 6.778556 7.668235
3.195239 9.667592 4.037439
5.460881 10.924056 12.483186
6.877296 12.477647 10.680817
6.673382 7.551476 15.949804
6.584813 7.090305 3.215301
9.901386 10.463683 6.976552
6.116998 7.837459 8.008892
9.125598 6.847548 10.924768
9.034825 10.700646 8.200431
8.584737 10.512531 7.317824
8.183269 8.999806 11.340952
8.826912 10.475618 7.224977
3.090597 7.860740 8.316991
3.026748 10.327409 8.055183
5.368617 7.262836 6.461276
2.867849 8.499339 11.993525
5.449712 10.255479 8.228036
6.886215 5.521163 2.042736
5.017592 7.358585 10.625235
8.173128 9.491239 3.549984
2.831473 4.768676 9.497028
5.814703 6.272952 7.445345
7.048796 4.031447 7.845138
4.299678 6.550397 1.027737
8.376910 9.968950 6.301080
8.340819 7.798368 8.626488
10.208806 7.503853 9.250045
7.681849 4.918169 14.316320
1.552354 7.706547 14.573084
9.181432 5.750182 11.598195
7.662937 5.008066 5.785450
4.700007 4.774612 3.547932
5.136360 6.703044 11.055370
5.009628 12.720622 4.989781
10.960301 9.917915 7.410325
9.652080 5.613521 8.030609
6.781382 8.451967 10.882501
4.205164 3.679048 6.893672
3.959269 8.116062 13.873117
4.442149 11.360451 10.752178
9.145500 7.134109 8.947553
11.997741 8.542016 8.713695
7.351972 7.929507 9.007548
3.610584 7.402021 10.956059
6.711178 11.166962 7.356083
6.120977 10.657429 9.945235
7.013006 10.526821 13.147208
7.967683 4.102615 12.181193
6.901041 11.846341 5.923920
9.373940 13.076061 7.673931
8.763830 11.299335 9.967450
10.030823 8.185904 8.789839
6.676446 10.063359 9.656809
6.801241 5.806219 11.467163
5.302170 6.412671 6.967971
4.290845 6.545271 7.736837
8.531032 6.388661 10.648706
2.954465 6.559262 5.017022
10.510056 7.432114 9.708757
7.243399 11.177885 9.475329
7.324963 8.094500 8.240244
7.483426 4.872963 2.934085
8.905301 10.385624 11.109388
4.518569 4.597337 10.893325
9.692161 6.788686 9.607034
10.657601 6.695580 2.304637
6.714826 8.054325 9.528795
6.267756 4.961869 7.520423
9.685769 9.088434 7.164970
8.450335 6.244549 8.749604
6.135646 5.263947 10.644232
10.104396 7.697187 9.324216
7.222401 10.273620 7.961704
7.993881 7.517309 14.972705
7.689799 12.622966 10.256007
9.611082 7.011620 5.867377
8.805936 7.336627 7.078128
5.075918 4.162217 6.864573
5.753786 9.530332 10.537353
6.646097 8.183988 10.641701
5.636786 8.056307 4.799832
7.820040 10.179856 7.676344
10.419300 11.672512 14.078040
9.835855 6.972612 8.888883
4.765429 9.047446 4.084014
8.106996 7.497466 9.932759
7.835738 8.379126 9.402034
10.893398 7.231124 9.375183
7.275630 7.583626 12.639738
6.624943 11.174734 12.130182
4.688918 9.837212 11.715877
6.446132 6.436791 9.823659
12.397032 6.338546 9.440236
7.761672 8.412367 10.321579
6.721637 10.174427 16.252423
1.838573 8.736531 9.532450
6.805646 7.223801 11.720151
9.335801 7.543200 11.921959
7.309417 8.955686 11.334855
8.212429 8.645110 13.386802
7.101884 11.275698 10.288690
9.339720 5.396951 11.543163
12.808104 9.822487 3.604756
4.657843 8.176180 8.442176
7.843307 12.939135 9.946081
8.872360 8.079884 8.983055
3.220656 5.433816 1.811266
8.254250 7.035561 11.534388
7.522287 7.523693 16.174995
6.770055 10.325440 13.282021
6.776854 8.369854 8.049793
10.588357 5.482251 8.336117
6.372457 2.980881 13.731895
2.697996 12.049378 8.632231
12.661614 8.705405 12.053613
9.395985 7.166119 7.824323
4.573754 7.541802 7.549550
9.536055 6.215137 10.920904
8.361383 3.432758 4.404329
9.316262 10.997009 12.263417
5.555626 4.348806 10.981623
1.523108 7.636411 5.613162
9.275423 11.809027 7.914217
7.860346 10.851139 8.776969
11.141986 7.896991 4.481834
6.324097 6.791587 9.338147
8.715417 5.794806 9.811842
7.164048 11.001122 6.694475
1.322197 6.366735 13.022341
9.698958 4.221199 4.660378
7.231865 9.778166 9.960921
6.594030 6.579362 11.126308
9.113522 7.856253 4.076747
6.013982 8.854960 11.862188
2.483598 3.764854 6.511295
8.899242 4.733991 10.208473
7.068206 10.911523 3.085309
4.853592 10.206873 5.016503
8.598704 7.280520 9.924513
12.318566 7.243781 9.066492
4.018800 4.632497 4.768392
4.534425 9.128794 9.771025
2.345435 11.575635 9.127144
8.447076 5.085193 8.788782
4.999048 8.065384 7.095981
3.101424 11.792816 9.337413
7.433423 7.651526 7.083341
7.394860 9.800593 6.921288
8.169825 4.508172 12.266651
4.857843 5.272640 10.086828
9.956133 8.795544 11.992788
7.134769 8.353036 12.211359
5.799264 8.022994 6.236240
7.921893 5.359098 3.697886
6.763033 9.886006 10.559027
7.601793 8.515370 9.274514
6.943286 13.235701 8.189599
6.133757 8.343046 10.213829
10.325773 8.719918 3.104489
5.913292 4.136735 12.891051
5.489783 6.644676 8.123685
7.722364 10.799376 8.414509
5.684059 10.726460 7.196391
6.902578 7.532721 11.774686
1.620427 5.090642 11.055316
8.942588 10.321052 7.557698
3.579074 8.882470 5.854602
8.312998 8.672220 10.131270
5.044526 8.368018 6.743185
6.649978 5.871484 6.506257
10.701339 7.335703 7.470198
7.976459 9.560945 9.901953
5.684230 10.940527 11.531810
4.246055 7.744586 9.914567
3.312518 8.267990 8.397066
4.878490 6.717859 9.108573
5.728901 10.065409 10.999391
7.978655 8.356172 12.099948
7.477405 4.960276 17.784937
5.570266 9.308300 8.720818
1.031094 9.671725 13.108856
7.838207 6.678328 7.438751
6.824239 8.624952 4.250779
8.301002 11.917035 11.087972
10.266567 7.025115 13.809809
13.169544 3.070889 13.940459
6.010559 5.462462 5.984137
8.661387 10.798744 11.608095
8.582435 2.956811 12.505611
2.383499 8.539292 12.208953
12.038382 7.605016 8.092557
3.287517 6.945517 12.322298
6.851518 5.817683 9.769442
8.155446 9.604612 6.273163
8.255856 8.734977 13.096915
-0.013983 9.550142 7.544398
5.225928 6.598901 7.791710
5.742743 10.535963 12.178441
6.507548 7.166213 12.491506
10.473290 7.909103 6.969446
10.774536 10.287652 7.600439
7.033770 8.032292 11.114723
8.741313 8.349968 8.318058
6.028980 3.413256 11.041400
6.580333 7.144033 10.514865
4.120074 8.045335 4.459720
12.584594 11.713882 10.920883
8.648052 5.270930 12.652497
5.810658 5.767661 5.430599
8.603177 2.333019 3.800795
6.658965 4.906858 7.925848
5.230222 7.028313 5.230688
6.220342 4.277772 8.983823
7.670436 12.925848 6.699808
8.200372 4.670658 4.132142
10.780188 10.617548 8.331840
10.885489 8.482929 6.977006
4.417134 4.272915 12.602647
5.332547 7.947361 9.857953
8.773374 11.371291 8.202961
7.011490 8.036984 7.394133
8.956963 7.389242 7.581122
2.616677 5.540360 7.261372
8.526541 9.502702 11.008333
4.563156 4.714901 7.316991
7.942146 6.098649 5.693414
11.426801 5.947725 8.061275
3.836355 5.508748 5.741393
2.900541 9.422316 8.363289
6.378544 11.599176 10.842273
8.891384 8.241681 9.550107
8.974401 3.672016 6.997497
11.398317 7.960444 11.928078
8.738480 8.445298 12.901743
10.339735 13.098665 11.107871
8.503351 6.752770 10.934224
5.121767 6.629047 14.004202
3.573896 4.940557 2.778661
8.396249 5.552975 5.304506
11.358001 7.567890 14.015933
9.166874 5.769156 12.934543
5.833403 5.445620 14.283629
7.427562 6.942134 6.498516
9.832080 5.767252 8.998468
10.704243 5.061466 11.413365
9.794743 3.776131 8.544694
8.323707 6.536549 4.485517
9.363775 6.037616 2.802871
6.718982 6.771145 8.359380
12.431282 4.187644 6.705270
6.450314 7.938188 3.893135
7.155541 7.759438 8.936417
6.932018 7.133077 5.774717
9.762683 10.236158 8.951828
6.134055 5.883298 7.527592
6.462943 14.640402 5.494530
9.314942 7.191623 10.494949
7.585169 5.215812 11.126653
3.510220 7.291164 11.538646
4.643601 6.293281 11.604767
5.636478 4.633092 12.838819
8.012596 5.221016 10.159566
4.391783 4.021272 9.736963
6.236883 10.006719 6.403847
9.041937 6.260214 9.574966
5.844252 7.587251 10.571706
9.703768 7.874505 7.282652
5.122952 8.577312 3.194062
10.455829 9.396570 7.903447
2.508386 7.134136 11.140443
10.686338 11.884398 3.346352
4.243276 6.756639 13.870186
9.337518 9.620308 12.856341
6.562634 9.767962 8.391736
9.216695 6.198952 14.117387
6.396702 8.911327 10.659074
1.809367 6.844604 8.726182
7.589777 5.735124 4.400063
3.255319 9.846279 12.344024
11.506596 5.971095 7.054170
9.223508 6.958051 9.899502
8.197168 5.835592 8.056217
8.764464 7.252241 10.995900
7.402150 5.342546 7.458213
8.049946 4.781973 11.742597
5.888122 9.034132 7.853617
4.655884 8.191435 2.705850
8.203444 5.090080 8.251550
4.587233 7.488030 16.834510
6.654305 6.793301 10.816792
5.312784 7.063756 8.245471
7.773675 2.303579 4.551342
7.395611 8.983489 11.861044
7.235109 5.506395 4.521484
4.982710 4.584541 9.403144
9.440769 12.145820 9.769475
1.981783 5.185068 5.244606
6.339717 12.002565 5.203614
5.508368 7.981980 11.430301
8.603982 12.230226 12.590008
8.186129 5.655253 6.844640
8.331345 3.503772 11.779244
7.725404 7.366664 10.281120
3.443147 6.163537 4.217102
9.394764 7.266193 9.942493
5.415068 4.930847 10.144321
1.489017 8.995493 9.603275
6.407162 11.335758 9.989132
9.199534 9.303715 8.168983
4.087862 7.096210 11.632806
8.637387 6.348456 12.847443
3.572847 7.204521 14.695098
5.702907 7.521216 4.610946
4.363673 9.868723 11.024120
5.911948 4.759974 10.384717
8.699104 7.583629 10.110437
9.562637 9.404864 11.209750
6.199266 9.320013 12.417770
9.242519 8.982085 6.628921
2.802509 8.998454 6.887453
9.239103 6.569065 5.989547
5.496963 7.980246 5.137381
9.690244 10.284651 6.866924
9.620991 11.384107 9.914693
10.568790 9.168159 3.417416
7.913551 4.391040 11.296074
14.391684 10.125986 10.214438
2.001002 4.669424 11.369060
6.218128 9.507110 7.976163
6.380072 13.583807 6.014369
6.991967 9.842670 8.692170
4.846473 9.164002 0.882252
7.743806 9.787252 10.668739
2.240576 8.833584 8.827830
7.052060 5.978652 7.302742
8.410888 7.492705 10.845765
6.658657 10.328308 11.200266
6.893368 6.231657 11.223090
4.400440 11.532666 7.597562
2.646439 9.464400 9.155399
11.175013 5.848568 9.540491
6.354395 9.615876 14.272155
4.317979 6.444019 12.506271
7.561848 6.249957 5.624384
7.041896 9.534793 7.399716
7.959943 12.492112 12.526785
5.944676 8.249931 10.091200
9.770940 9.066038 9.263005
11.203026 10.944376 3.647317
8.243154 6.999083 8.564782
5.522980 10.418817 7.426066
4.582513 7.656614 9.803969
4.197015 7.669086 9.137703
8.600025 8.449846 10.152373
10.719573 5.271223 10.141108
9.588668 10.931612 11.873441
10.698680 13.671524 10.199888
1.161018 6.593144 10.557320
7.221309 5.164653 12.062020
6.319843 8.139470 4.181982
8.284639 9.810716 9.867469
7.263186 5.651642 8.731681
6.862905 6.997823 10.026421
12.682453 10.928827 5.162095
11.611709 7.305648 5.890287
10.213150 7.542050 6.877382
6.102096 4.567659 14.745070
7.436001 9.408692 6.385499
7.950686 3.660906 9.212836
8.785049 8.129946 8.986291
7.853675 8.217085 13.477559
6.943032 10.239381 8.937489
8.391802 5.111262 3.964953
5.998355 8.997035 11.611211
3.078307 6.769659 7.120411
3.397628 9.280130 6.355366
10.869838 11.741939 7.452337
4.891480 7.752273 4.765018
6.053492 8.012812 7.495029
3.164950 6.860260 7.824962
8.108897 5.261319 6.431741
10.907915 11.750548 11.200541
6.910292 6.438051 7.088881
8.754465 9.532340 10.134449
4.436176 11.925989 7.305237
4.030741 1.046216 11.359878
6.284579 7.730598 9.500856
8.158579 7.776419 9.452082
8.594772 4.187558 9.946937
7.251173 13.360355 7.626475
5.047556 7.486258 8.536642
8.723948 5.851103 12.116015
10.452631 8.856536 15.547191
11.955861 10.791883 7.594200
11.409673 9.186799 13.467724
5.135242 8.807164 14.767478
8.775771 6.411497 9.590439
7.837830 11.067723 7.839651
7.170896 10.545267 7.050096
6.374186 6.630845 9.146871
4.708385 5.257884 9.504721
2.349478 7.125854 8.519268
7.023759 6.216247 9.904438
6.599774 10.239598 4.492714
6.280102 7.153240 9.839357
4.061234 4.473392 13.874314
2.752291 6.546356 10.930260
6.543789 4.312682 7.694073
9.458886 9.664745 10.773761
4.838387 6.816578 7.976253
11.282385 6.782936 14.652196
7.688708 9.370348 11.729859
9.271252 6.613662 5.462614
7.168431 3.552315 6.067275
6.952768 7.226386 12.138425
4.979145 6.745972 9.582571
8.362163 6.553358 8.513904
4.394763 5.620332 9.133212
9.542354 7.967885 13.931649
3.171190 6.066535 14.620524
3.889623 11.710990 10.486494
6.672669 4.123770 10.463760
10.159535 5.721428 8.539049
4.936161 10.084136 10.198101
10.212849 7.503475 11.318523
7.814234 11.248640 8.889027
6.307773 3.520798 10.248518
4.721680 5.180472 8.204966
5.040832 10.292013 12.755823
6.501864 10.099231 12.240971
5.030615 8.006206 9.860046
6.592470 6.089678 13.768322
7.224623 8.880142 11.899237
8.389474 9.010126 7.767574
7.373682 6.968655 11.498265
3.876909 8.173164 9.834243
7.062662 7.170255 10.459237
5.009278 7.644357 8.464105
3.171118 4.263795 12.314739
4.146887 8.722831 3.945228
4.400117 7.952691 12.451951
6.936412 7.739681 4.097436
9.341713 8.199678 9.465316
8.660175 9.999341 9.641497
5.902623 3.517255 9.631898
7.017411 6.571558 14.551831
7.823823 10.091750 11.640577
5.999007 8.540629 10.759874
3.657378 4.665544 7.943941
6.698524 9.370852 11.885027
6.073117 12.700095 9.057367
9.870261 13.504062 7.853747
8.304365 7.364701 7.785496
5.919010 12.170222 10.474534
9.010565 5.718460 10.732469
5.131579 8.551481 9.554834
3.289320 9.295701 12.100115
7.155711 4.079763 8.145251
5.251236 9.406935 10.646379
7.613720 3.837868 6.080275
12.278924 13.035876 8.697635
11.949271 5.872667 4.267911
6.159649 8.866855 6.482615
10.117450 6.862362 12.630619
8.081227 8.472609 11.776831
5.343043 11.195282 8.087553
6.054642 6.049075 8.872212
5.419934 4.808335 11.132496
6.854602 11.559075 5.553928
7.590634 9.125246 12.364674
4.441949 7.106509 10.460541
3.151660 11.321489 8.479711
9.720900 6.188434 11.501924
7.903087 10.053984 8.977273
6.926061 8.207193 9.934405
3.824689 4.671884 11.569515
9.630462 4.604977 4.389853
9.290019 10.504299 14.595327
5.775320 9.659098 7.063495
5.978293 5.261096 6.429086
2.039367 12.844647 12.129564
4.734118 10.944753 7.369265
3.816052 6.165225 8.581583
4.579776 9.765200 6.268451
9.833339 13.197907 14.352740
2.107993 6.664987 6.611137
9.430838 8.421874 10.455019
2.492083 7.232724 5.921942
5.232918 12.438944 5.203115
3.824039 4.986509 5.127188
8.993606 7.126795 5.950753
4.062907 2.308734 12.629376
4.522338 8.798889 8.677899
7.609974 7.806947 13.008603
8.634215 9.878449 8.120491
9.359375 9.245802 9.810345
7.370681 5.760352 8.373668
7.602113 9.273061 5.467851
4.545226 8.956337 11.913958
9.368356 9.810600 7.726101
9.222499 9.463685 4.859625
4.666608 14.983241 7.422744
6.702992 8.521923 7.666138
3.657869 4.700779 5.464218
4.997470 7.848520 7.604940
7.607660 8.352810 10.155945
6.317356 8.260077 15.360642
9.313252 12.282834 3.293061
1.396161 9.476825 3.394040
4.577882 5.635896 7.719692
9.191779 7.614673 3.486558
9.659563 6.963144 4.625855
5.238824 6.347619 6.948993
4.150427 5.524817 6.716581
7.975825 10.717620 13.614687
9.887376 11.289871 5.296987
9.674558 10.798373 5.507079
8.705300 10.477609 5.018748
5.003679 11.237332 8.522935
7.322869 7.663417 6.891815
7.552195 9.204466 5.622120
6.820607 13.381513 10.300254
6.677070 8.361276 7.521981
5.629974 10.376144 11.544885
7.246312 7.128607 5.396200
8.820509 11.178922 7.182519
9.935650 5.629024 10.681552
6.389762 9.794631 6.047768
4.234438 11.788988 6.787542
2.027385 11.619219 8.194827
9.520986 6.458408 11.230381
7.456799 7.735209 7.823079
4.734700 6.647341 9.963938
2.501466 5.215983 11.834890
10.076668 7.117187 11.071419
7.034886 8.772392 6.855148
8.320155 8.750700 9.502889
8.374056 7.276082 4.810517
8.980272 7.759852 12.044782
5.129905 11.233634 7.527311
3.733781 6.848928 10.118236
6.225621 1.671107 4.624022
5.812387 3.399172 11.581663
4.617315 2.629742 12.369253
6.510509 6.883629 9.797492
5.122860 9.846929 15.360813
3.998844 10.886290 6.229211
4.636330 9.904902 11.437683
6.545119 5.928308 7.547297
7.548167 9.729363 5.841959
3.259826 8.630758 15.146057
10.597604 8.275764 10.246572
10.207188 9.710170 7.885563
6.296976 12.959183 13.654885
4.451489 13.207934 10.077067
7.018588 10.590331 10.189854
2.224130 4.274162 10.320023
5.049877 5.764104 12.920472
7.872347 6.575310 3.653524
6.491994 2.591376 8.678604
10.166757 9.209204 10.760076
4.963662 8.847036 5.459767
9.103334 9.817655 9.516077
6.282667 10.736708 7.281660
10.642645 11.582079 11.230885
3.320713 8.389125 7.468152
6.582536 3.004873 6.366955
9.256034 3.616388 7.109939
7.111426 3.240267 5.944126
9.234448 4.116099 7.868996
5.812482 7.478350 6.835523
7.754565 7.031994 5.849186
7.567933 7.334405 11.196815
7.526870 5.647100 5.914567
7.197801 12.502152 7.830828
8.410417 4.007002 7.261330
6.766757 7.679087 8.372187
7.834438 6.696442 15.853881
8.296937 6.199514 10.089539
6.693361 12.810425 3.604892
4.559018 7.930326 2.464466
13.570890 11.095616 9.574456
4.248016 10.162677 7.262608
9.879637 10.443952 7.527489
4.512993 7.757308 7.347844
9.233454 7.328858 8.579996
9.387594 6.257045 14.715153
4.536705 7.957583 14.892742
5.449434 7.285901 8.408124
7.537471 6.149623 12.527830
8.053868 6.115079 9.879911
5.603515 4.079185 7.485958
8.450908 4.894595 9.193887
6.812797 3.287750 9.123851
7.265283 9.487924 8.092471
5.248878 10.431033 7.976506
4.789521 8.715650 0.593160
5.602181 2.990839 14.372292
8.044778 8.316528 15.645690
6.379161 7.725385 5.876520
6.001171 7.939001 5.545031
5.652165 8.182185 12.564525
6.954891 8.916923 9.012702
6.482419 7.893076 11.220001
5.128983 5.735258 8.536877
9.046074 9.538293 10.408518
8.522294 9.387295 8.098999
4.916635 4.408673 5.497483
11.681499 5.071247 11.078878
5.684295 9.390600 10.180818
8.660508 3.392563 12.782690
8.028936 5.612476 12.771544
5.542038 9.960891 11.062558
9.447229 8.388394 6.685930
5.322414 3.750313 10.820373
6.111806 10.152723 7.599878
6.970183 7.638050 7.908974
8.601322 5.594947 6.868755
10.774937 5.430404 13.838994
9.287430 6.931470 6.419739
8.381911 8.929755 8.374809
6.610555 11.277230 7.701719
8.335991 12.670797 9.704716
8.918609 9.959491 6.136913
4.510918 4.828345 13.373281
7.924077 4.404545 13.789254
4.821469 7.327638 11.321741
5.555079 10.155855 6.630029
6.939347 9.295396 12.005409
4.070438 2.008056 10.723441
4.254700 3.714810 9.452077
6.835072 10.899704 1.725709
8.841723 6.285010 9.944973
9.136668 8.712970 11.570118
9.602983 7.594921 11.475816
6.240706 9.999635 10.450105
5.699333 5.173100 6.307633
10.421744 7.809563 8.394449
9.257593 9.683782 9.964407
1.947920 5.849510 11.027531
2.014269 10.792249 6.684335
6.103786 10.770465 14.818845
6.146556 2.892706 9.873325
6.151485 4.430470 8.289553
4.816953 14.565579 5.106516
5.810195 9.457115 2.345711
6.384364 8.155892 12.346280
4.087215 2.287224 5.374501
8.723240 8.649929 13.688415
7.752096 5.635328 7.031482
6.097796 8.985889 5.825186
5.090352 8.510625 8.138379
6.095565 8.118292 8.909438
8.433945 8.199303 6.699766
9.918403 6.899261 9.996370
9.922542 7.123100 10.376674
7.529914 9.668966 13.934513
8.050870 7.698870 10.966292
13.041045 11.677242 6.317079
5.858381 6.124362 7.666551
4.096382 11.026734 7.121221
7.455922 9.882251 10.886136
6.105607 11.266800 10.172009
9.380502 6.104475 7.600136
5.948694 9.627472 7.726504
7.612378 10.487309 6.831009
10.612114 4.777922 8.347691
4.129956 9.104574 16.219974
4.627019 9.058504 10.286071
6.533627 4.794467 9.090216
5.749603 10.145894 10.458899
4.582143 7.094634 -0.036409
5.408203 0.168712 6.520803
5.460505 13.181256 10.319501
7.423531 12.108131 7.600340
5.244464 9.606025 6.730740
5.384368 6.004604 10.526734
10.214081 5.556684 8.716964
9.024546 6.014469 6.697436
5.666203 5.474061 7.246938
7.563496 6.329319 10.025443
6.594576 5.024621 11.161794
9.788431 4.136178 6.512186
6.944308 6.639950 8.819711
5.559648 8.011482 9.053382
6.266475 10.942864 8.307307
6.655739 3.625350 13.063911
5.897996 8.822871 6.861408
4.734998 5.421485 -0.032767
8.760386 6.637467 7.697410
7.988643 7.373178 14.792282
4.798947 7.687288 13.046987
8.014894 6.597407 4.843608
5.860590 12.111804 5.420323
10.893350 8.917317 12.501288
8.869928 9.017282 6.332009
4.774166 4.441355 7.479200
6.708228 10.658690 11.297940
11.230290 9.948373 6.351778
5.567812 10.712471 9.700166
9.117217 12.307307 16.075260
5.978930 12.301350 9.009904
8.896332 11.549231 5.707531
6.703529 6.900963 10.144263
6.024106 6.357200 13.257552
8.172369 5.698317 7.442981
10.369400 9.111787 6.128991
4.871052 8.826036 6.240288
8.535575 5.595353 12.413770
5.853979 10.383433 13.334217
8.342626 5.514694 7.164904
7.044486 7.801547 6.294588
7.810446 6.281125 8.459793
7.543781 3.127350 4.937916
4.349314 12.128781 8.501202
7.798770 5.058863 6.283285
4.096407 7.381836 10.642355
3.821773 6.323441 10.307030
7.021757 14.640774 17.000445
5.530808 10.280190 12.290271
8.727416 10.368711 12.618221
6.635201 8.613681 3.983528
7.955718 6.215343 7.860854
9.234877 5.588602 11.245884
7.139181 7.737686 7.818145
6.301160 11.791773 11.758731
1.387888 8.167098 11.274977
8.636417 6.169475 11.538163
3.899094 8.400426 7.955388
6.744271 8.279939 9.136610
3.836542 6.998526 7.902446
10.155062 8.533653 12.173438
7.076499 7.812568 7.556857
10.288917 5.167179 5.012686
8.019378 6.923689 6.744133
8.546283 9.058455 7.603745
9.537732 2.847258 12.128443
6.898887 6.283040 10.531872
11.804131 4.188744 15.097029
7.314250 7.708763 9.233804
6.171677 8.556523 11.835065
7.998401 10.256603 12.793348
7.711962 9.821896 9.309439
6.816160 12.998752 9.853268
11.247920 5.722444 9.119762
6.505393 9.684841 7.661065
4.568985 11.989301 9.981065
8.770780 10.361681 7.055451
12.011685 8.382957 12.418671
5.708752 4.240095 15.947981
4.724463 4.894964 7.178423
9.203269 5.478952 9.293594
8.290901 3.717874 11.719581
10.274966 10.983095 12.230209
8.252050 6.001644 9.290723
5.408790 8.971958 7.667799
8.104260 5.881888 13.980189
6.183452 9.827101 11.080564
9.048455 8.956476 10.027576
11.044559 10.042772 8.851711
5.614716 4.926110 8.887567
4.451587 6.401586 5.905141
9.117345 5.764484 3.611952
5.483892 11.939576 7.760099
10.320472 10.402788 13.848431
3.668251 9.808897 2.952907
5.784771 8.358237 1.956921
10.851735 4.321144 8.482473
7.827834 6.894837 5.724433
6.078314 6.305989 9.101967
8.930590 11.347569 9.934862
9.597240 9.069599 10.705543
9.345498 3.499247 6.820549
6.048626 5.998390 6.408678
5.081366 7.675671 7.519836
7.766617 8.557666 6.056660
9.212322 14.920453 13.673813
5.230332 4.915238 14.104641
8.384628 7.311924 2.734713
9.264443 7.781644 10.953003
11.464665 3.947267 8.523481
6.320498 9.976997 9.005308
6.331335 10.166884 10.655375
5.788583 9.039279 10.626660
2.911680 7.416957 12.991378
6.037979 5.261295 9.336202
8.143248 4.082911 8.329486
5.700332 9.691078 6.349742
6.302423 10.450677 -0.837262
6.241437 9.976215 8.361060
2.368594 8.904561 4.861723
7.938416 9.311578 7.813735
9.395912 9.482239 9.507086
8.101155 1.877750 11.461876
6.175093 5.849982 10.530303
8.509441 11.139339 10.156539
5.150352 11.373305 13.597660
4.947060 7.514925 10.177680
8.910885 9.761934 8.288260
10.850298 12.150717 10.577070
0.493337 6.717331 10.255339
4.830672 3.295151 8.178932
8.404716 10.773721 6.028213
5.979680 9.727444 5.971716
8.612941 10.670172 6.770607
1.654767 11.849179 16.896336
9.979358 7.309334 17.437179
9.026703 5.673899 7.192786
7.696201 6.281574 6.838851
11.141229 5.642160 17.067027
9.471168 8.489846 11.779529
5.329354 3.289693 12.935675
6.821596 7.225751 9.907716
9.165005 12.127220 7.714163
6.862545 9.988070 5.272279
9.364236 3.236977 8.573413
8.245481 5.716843 7.680495
7.561094 10.544475 8.532662
5.086813 9.897312 9.756574
8.158013 5.036479 13.083052
5.436801 8.607627 13.397346
5.771011 8.814817 11.411498
5.106823 11.482095 10.105648
7.073413 8.479710 8.623383
7.919027 9.140914 8.699952
10.344120 9.374913 8.876344
5.385533 7.250168 7.895000
11.018339 9.985848 9.742669
8.389710 7.541273 11.586684
5.078083 10.447295 5.855050
5.959439 6.380021 9.688375
9.944764 7.183122 4.506637
5.843608 6.148652 6.843989
8.468090 8.944124 14.255766
7.146819 6.513055 7.776741
9.735497 7.622043 7.314075
7.370988 2.890669 8.176853
0.956667 8.145908 9.920842
8.094504 6.198458 4.632515
11.616653 6.047767 9.905907
7.693752 6.465329 4.925662
9.061755 8.284158 9.267060
5.216912 7.911372 11.972611
8.018264 8.753243 11.651551
5.816856 8.987089 9.752253
8.699386 6.944224 9.099516
4.287778 6.803147 8.895063
12.287555 5.111917 6.948913
5.151064 7.839632 6.212688
7.605792 8.319704 10.623516
9.363772 4.921008 10.703655
9.236677 7.564439 10.159524
5.921490 3.243533 4.742683
5.145491 2.808755 9.593812
7.330719 7.826758 8.888213
9.308426 7.729682 0.957011
9.823575 1.978988 11.658356
11.156114 4.374235 8.914452
10.379402 9.628058 13.116803
4.631743 9.410298 11.246050
5.040713 7.306712 12.004412
7.131326 3.886381 6.211540
10.615710 4.933603 12.691433
5.948042 5.962255 10.851512
3.462401 9.065552 -0.717900
5.775007 15.247681 11.090275
6.616287 7.163857 4.041923
7.066107 3.787253 8.800986
9.434206 3.547077 7.525209
9.741622 5.692499 7.889125
13.024542 7.385697 14.878690
5.750235 2.592185 11.841329
7.126673 8.274501 11.844449
8.858791 6.547718 6.910642
6.463891 8.904444 7.521173
9.906519 8.676850 3.708510
10.226503 7.460506 10.428558
8.878254 9.773969 9.489626
8.848558 11.501146 9.260615
5.151768 9.069580 11.436528
6.239967 8.186789 10.581157
7.099020 6.884727 5.804405
5.432071 11.961085 11.288569
8.537837 8.025925 9.348886
8.952875 9.217093 8.063717
8.206387 10.588618 11.443675
9.184816 11.385919 6.597808
7.765536 6.092298 9.001880
10.538087 6.303830 8.630134
6.665878 14.368351 10.766522
5.554651 4.809607 10.299034
3.900080 9.757618 7.933013
4.267212 9.615164 13.554052
9.365726 8.532859 13.505890
3.407191 7.645013 10.033323
8.784573 7.875980 2.540013
3.323845 9.699537 8.645899
8.217539 10.752235 5.825069
10.085605 7.140453 13.981105
8.163406 6.312289 6.998239
6.338795 9.957620 7.514823
6.523775 8.645901 6.512797
8.333661 7.630430 11.479166
7.511274 7.633088 10.664703
4.799533 8.174957 10.384073
9.561996 7.955270 10.034331
8.431348 7.813360 2.370269
6.274884 5.582784 11.844491
9.790456 7.764201 11.866345
1.746693 7.297292 10.112090
6.610016 5.988433 7.817466
6.736921 3.539144 11.701270
10.385392 13.743959 8.833567
9.681407 11.819747 9.076461
6.474451 6.945129 10.839728
5.598098 7.836960 11.724707
5.492259 12.517788 8.215589
5.428624 7.968185 13.782456
8.276111 10.139688 10.768822
10.651851 11.044898 6.766486
8.703102 8.294491 9.443602
9.668020 8.555102 7.564127
8.429426 6.814273 11.735069
1.253731 10.686743 7.535040
6.468472 10.294337 7.705578
8.721174 8.716873 12.212620
11.354048 12.263898 8.116153
7.707292 8.086982 6.980346
4.926957 2.935045 6.732946
5.171230 6.225842 7.248038
3.371146 5.496805 11.263398
7.995207 8.126991 7.505526
6.266528 4.663925 8.885179
2.340725 10.170335 9.962564
5.497433 10.094841 9.312612
9.151214 7.335432 10.110804
7.886970 9.200865 6.007310
5.409652 11.473295 11.634893
10.880992 5.709052 8.489562
10.600393 8.234442 12.415303
4.311902 11.169143 15.628360
1.090935 10.835636 8.468530
8.238611 7.914386 9.022326
5.071129 4.764873 5.199840
3.928008 9.927759 12.802135
10.207993 6.222477 13.700516
4.153059 9.305895 8.510728
7.881636 8.246974 8.996965
8.215909 11.836584 9.533364
6.455993 2.549374 11.978866
6.338163 5.074851 14.713325
8.174189 3.814804 10.238529
7.609631 5.916276 10.788936
5.127408 7.223836 12.206603
8.023612 7.163933 9.479475
7.016224 3.558598 11.872841
9.839562 9.271685 7.277911
6.346068 7.516302 5.854033
7.977013 6.943531 7.505584
7.829649 4.214075 9.870063
8.734721 7.955696 7.554513
9.113549 3.750896 11.692902
6.909259 6.053805 6.553046
4.291891 9.830567 7.927123
7.288872 10.911790 4.721125
4.830711 4.783611 3.140573
4.841850 4.431318 8.499578
4.248143 6.882064 9.202532
4.718485 6.340230 10.622719
7.570610 5.236282 11.388740
7.221867 8.631177 7.427175
6.067096 8.070856 12.763583
7.722268 6.361737 5.036742
12.806994 5.379210 7.550466
10.073826 11.136592 9.905106
3.306383 10.996924 8.708708
7.607602 13.028460 14.361527
7.335880 5.509216 6.236960
6.596273 8.077254 8.184520
10.087734 7.947827 12.307015
5.304465 5.831000 8.562438
10.562450 6.726073 10.590647
3.991870 6.749222 5.109356
2.361605 12.241461 12.920327
-0.911960 7.371848 9.525374
8.519408 9.335482 7.859281
9.845944 7.214849 8.842517
1.396173 7.534769 4.465999
8.169033 10.121196 7.574561
7.149371 7.927707 8.226526
7.228527 7.823261 0.897690
9.731201 8.143861 8.590372
5.511069 5.732747 7.709489
9.086411 8.126549 6.468412
10.130035 9.873878 8.159676
9.288941 10.857079 9.238950
4.309442 11.867961 10.251170
9.636718 10.364419 12.923014
6.351128 3.186705 10.249204
5.797457 8.023667 4.973176
6.765907 7.291831 9.116286
5.742423 6.964322 8.984669
2.968896 4.526406 9.524074
3.747603 10.943393 2.897565
5.609976 9.497495 8.056139
5.682298 7.594839 8.244034
4.164613 6.629141 5.741864
11.715190 8.067782 10.970146
7.882134 11.099230 9.943565
9.467946 6.271726 11.450870
5.733232 8.036412 5.172821
7.194272 10.351250 7.308923
3.126931 7.700954 8.775654
7.716660 8.787702 8.122038
8.399619 8.555825 6.617012
5.131116 8.050165 9.043465
5.330682 7.058852 11.357889
5.869601 8.100273 14.700186
8.105058 8.483995 10.587532
13.213434 13.333067 9.219324
8.092773 8.973105 2.232315
8.084398 7.056097 6.333616
6.186706 9.389302 7.374402
6.360488 6.957995 8.990260
7.614694 6.301986 6.153174
4.782948 6.788468 8.028711
5.331949 7.961615 7.886289
11.061266 9.427074 10.380702
7.057689 9.531990 3.232128
3.175325 12.375401 13.397301
7.157977 13.862533 10.823293
6.870879 7.123360 5.713785
8.615093 9.455375 7.578607
3.470422 7.174572 11.211151
9.531701 8.549691 11.862001
8.279973 6.477677 5.834445
6.409002 6.325080 5.001427
9.117152 7.776850 7.287681
10.834751 11.305540 14.382042
8.047522 8.327939 11.079775
5.831605 5.158764 7.124296
6.981844 8.355625 14.006857
9.467846 5.815582 4.469913
8.098092 5.501490 9.202928
7.601572 6.440244 8.452166
9.569467 8.159650 11.284876
10.641696 4.718793 12.123473
9.111858 10.943452 11.486999
5.840437 8.361522 11.767971
7.714427 5.877415 11.750109
11.451408 8.305616 7.889682
6.893275 7.872396 12.005902
5.203716 8.124601 5.808254
7.372291 9.041689 9.831206
8.969531 6.235642 7.787127
6.864660 5.280435 10.892836
8.127284 10.709616 3.500299
6.303140 6.741231 12.447609
3.386291 6.132520 7.922592
3.667168 5.306106 7.334591
3.153676 7.539999 9.100419
8.079933 14.121860 9.085958
5.340002 8.487400 2.076622
5.459271 7.271110 9.776246
8.372763 8.721800 2.628979
0.438463 10.663012 5.865891
7.916308 4.046799 10.094554
9.022471 8.716970 12.945136
9.283431 6.461943 7.172324
6.927000 3.879237 10.048725
6.398228 5.600364 8.607870
6.067498 10.394775 10.125158
9.246509 7.582670 6.753438
7.922697 8.813614 8.227427
2.975411 9.069423 9.335542
3.950673 8.520741 8.327692
7.406545 8.231127 8.352927
2.168034 7.036011 8.297468
6.356792 7.557019 9.693623
6.230088 12.361362 7.416210
6.890969 5.553898 7.753973
10.134135 7.335316 9.548936
4.907810 8.712183 6.593486
10.317756 16.339313 8.892858
10.249740 10.267437 1.499368
5.901337 12.407834 11.727290
2.600435 11.841618 10.472071
9.119606 9.121223 13.573766
7.092573 9.157762 8.351411
7.040417 4.002598 11.466290
6.840925 10.890832 4.917440
8.604886 0.985021 8.106467
9.207666 7.995200 3.102615
4.865452 5.115861 9.815450
8.575313 5.966640 11.909191
7.560091 9.179898 11.962334
4.723488 10.228205 10.642250
7.459036 8.651636 3.930475
2.022471 9.948704 14.205515
4.761279 9.037537 3.405469
7.392550 5.509501 9.178909
6.507791 11.458712 6.185869
10.532216 9.133667 6.831215
9.236522 6.825099 7.255254
4.690546 10.540827 6.829763
7.068669 6.284882 11.455769
6.052845 4.973581 8.174311
10.238183 5.283369 5.756490
3.287095 8.486810 7.663440
4.866627 6.630019 7.493331
4.878790 8.460359 10.349771
9.642208 4.983411 5.195436
11.186644 8.266828 8.694065
6.889588 10.154554 14.042995
7.575825 12.373363 10.169360
1.222696 10.606323 13.452500
6.533935 6.497251 4.525418
7.443709 8.286574 4.069049
11.547690 5.628210 13.193063
7.773683 7.699707 12.050141
6.729574 4.663452 7.788142
5.995224 10.443970 13.117777
7.456125 7.660176 11.299562
4.174253 7.231608 8.328554
4.991180 4.748667 11.003746
6.874828 6.169841 6.473511
5.852758 6.471771 10.203094
6.000685 8.477589 4.484665
3.828645 11.495357 10.310260
8.685937 9.419329 12.089313
8.214454 8.550942 11.354520
6.620736 8.606897 13.045640
6.197304 6.938959 8.053682
5.469620 9.410873 13.090890
7.709454 8.073908 9.892610
13.658101 7.597523 12.719065
8.542696 8.349615 9.375210
6.083133 11.262950 8.509108
7.953994 9.880324 5.124213
6.551098 6.968021 6.999847
5.728106 8.574029 9.017535
9.523494 8.504931 12.952900
6.673688 8.794391 7.717080
10.039733 9.160080 2.981216
5.462343 7.789346 12.969618
11.289082 8.355826 4.364825
9.634660 7.953848 7.466459
6.332199 8.454725 4.868149
7.982443 12.673394 15.807744
7.090413 6.291830 6.399259
9.133677 12.316478 4.257366
6.433659 4.501604 15.664986
9.112083 6.543137 8.540796
8.651203 6.508734 9.637778
12.393229 12.341566 9.388587
4.488994 8.858840 7.460521
4.640143 7.673441 10.739789
3.240090 8.907355 7.719418
3.354017 14.868510 12.132588
2.187042 12.348295 8.739593
3.208777 10.803912 8.530465
7.622299 4.586666 9.861165
9.430159 8.745901 12.384356
3.880660 6.286243 11.780140
1.785918 7.450518 8.372355
7.291464 7.653431 8.283762
10.008764 14.315706 8.523957
7.869689 7.953593 6.688611
1.795560 6.648793 4.337943
9.533826 6.045220 7.316324
8.405514 10.822872 5.969712
8.533108 6.467451 6.017300
6.801660 11.391330 11.505010
6.661840 6.022204 10.209667
5.903384 10.427823 4.578399
6.585717 12.115178 10.736842
4.432332 9.284567 7.021819
9.576235 5.909236 5.121349
7.208317 11.249844 12.523292
5.220875 11.373612 6.969190
10.578480 9.457335 7.994090
11.463126 5.732188 11.444223
5.886282 9.248570 2.876542
6.070232 13.049493 12.563088
8.764112 6.300696 7.830235
6.416829 10.276976 11.791468
5.935016 6.925862 3.426068
7.479158 10.093545 8.766976
7.435498 5.382786 12.676567
3.848276 13.054403 2.424134
5.083658 8.674306 5.477553
11.221175 7.408906 11.041866
6.585199 6.808789 11.252376
6.701832 0.589742 4.094068
7.335374 4.405030 12.537789
5.193801 6.242707 11.798811
11.238294 6.344744 8.340975
9.950104 8.814307 5.897122
2.761022 9.233592 5.792416
7.197011 9.740635 5.429811
3.663778 2.820381 6.382631
6.268199 10.630129 8.508191
1.004080 8.289672 8.995347
10.359379 5.412724 9.107202
5.668822 5.863482 6.865589
6.935507 8.591880 8.370578
5.084548 9.755772 10.123877
3.778387 10.628287 11.840304
5.445440 6.002970 7.062024
6.186461 9.214597 5.921936
7.375276 4.394793 7.725364
9.487273 8.271273 7.843971
4.945856 9.823602 7.894884
4.421919 7.088423 4.214691
7.901790 6.033173 12.926100
1.560345 6.530105 7.335000
9.883349 10.382154 12.545542
5.898664 10.581386 8.427781
6.641489 9.923964 5.408089
8.327796 8.616309 13.033721
2.512702 13.680601 10.645148
7.061624 7.280616 3.236603
6.756009 7.199823 5.820992
7.173622 6.113574 12.312850
6.267471 9.467523 9.582836
7.111672 9.500002 5.897954
9.403071 6.884413 10.205805
8.178299 7.723126 7.788678
7.387528 9.095315 14.153362
9.349177 9.233597 6.363515
7.954202 2.887213 1.363523
11.443881 8.912255 9.687154
8.160444 6.872941 9.593941
7.124596 5.999807 9.420903
10.637991 5.876704 11.405152
6.298925 4.191080 6.069536
8.340628 7.832655 12.525254
5.202807 3.682357 9.906562
4.046814 6.287602 7.838607
7.834987 9.515719 5.802103
5.034129 6.153782 12.404130
8.240296 6.728106 7.708967
11.330241 5.361191 9.667113
9.474350 9.849661 8.806777
8.055593 10.524737 7.896757
3.960189 8.934467 7.639212
6.661261 6.618578 9.735269
8.051736 7.352103 9.255881
6.760092 4.967372 7.975375
6.716315 3.779733 11.195191
5.370461 10.218257 10.149059
9.885326 7.547943 11.183444
10.423477 6.515167 9.743667
3.289304 10.767390 5.564018
3.205783 9.320218 8.890480
4.277653 5.052872 5.961398
6.826336 9.644816 12.602192
7.739831 6.311401 6.153410
5.173740 6.921268 12.196615
4.294024 8.496877 10.051732
12.267510 4.003190 9.449330
10.788936 4.545404 8.746711
7.465921 3.660306 10.502199
7.638725 3.361062 11.475678
2.545582 10.594176 12.518153
10.153944 10.759074 13.645052
7.173050 12.674274 9.376089
9.592166 12.773060 11.278978
10.791102 9.377529 3.894257
7.900310 4.781823 7.650193
5.174424 6.627392 9.393027
3.457165 4.626421 4.081125
6.453406 13.297660 14.724415
3.441279 6.609729 7.231322
8.796845 7.636842 3.711689
8.040133 5.095667 7.779895
8.675784 4.802331 4.779124
3.695256 7.695905 7.338549
9.655867 8.688920 8.951887
7.402147 6.988210 9.846956
5.686276 10.057858 11.021695
7.759628 4.956715 7.496422
7.240285 6.707295 18.407729
8.474649 4.034697 7.618617
6.464489 5.336141 3.805083
9.786262 8.409612 10.408299
5.009930 9.941303 6.773065
7.680413 8.177104 6.474903
5.358762 4.351628 15.130146
4.935836 10.214794 12.120897
7.699816 3.441605 8.705016
8.150211 7.929430 6.701461
7.611506 8.285796 4.703702
8.336347 7.527495 7.633504
12.910258 12.203760 4.091209
9.792027 3.233005 9.090791
9.392159 7.220746 12.604282
8.616630 7.733203 11.934317
5.791914 10.513666 13.453285
6.089625 11.125977 11.618758
2.160413 5.603723 7.101755
6.397720 8.956255 10.633015
5.812275 9.547799 3.372317
8.537454 10.359601 12.760371
8.734657 11.548419 8.175835
7.266188 5.104090 4.099152
9.521796 8.322262 7.534905
1.922358 4.930914 6.799720
3.219606 8.279975 9.945823
5.024588 6.162857 8.436169
7.018238 8.133746 5.611634
6.920787 6.069856 4.655466
7.260808 4.859159 5.435408
7.293371 6.518388 3.671053
8.760323 9.076820 9.616355
5.147204 10.175254 6.704254
7.277100 7.576738 10.290606
3.693638 5.337705 8.024810
5.840983 11.584066 6.482623
5.218410 9.395085 3.301421
3.444414 3.954502 11.279145
10.369453 7.763928 10.342626
4.595484 5.729073 12.507947
9.237468 9.576637 12.478325
6.174963 9.187601 10.020516
5.640149 10.165740 13.199352
