100
9.989140 5.948277 10.792657
7.956275 5.175222 5.377099
6.703956 4.490685 7.212824
9.375751 4.360500 9.180899
6.369437 7.493395 7.078265
3.681086 10.522123 9.042701
8.113937 13.267542 11.832005
0.996747 8.794735 10.471688
2.979808 6.299551 8.575156
13.219935 6.198502 5.294702
5.942885 7.283055 9.867506
5.189515 3.899076 6.875726
4.400837 9.268241 5.368093
7.357129 10.908497 10.724796
8.868639 8.007138 4.701335
8.047352 12.473176 8.992286
7.958920 2.347941 16.168222
8.258691 8.392877 7.628556
7.531519 5.820943 9.507596
6.396999 5.652695 4.125160
7.542651 10.036060 6.752335
8.150499 6.877893 11.551143
8.040355 7.072140 7.076295
5.052355 7.283222 8.554367
7.144854 8.081366 10.603841
9.545705 11.936639 10.728092
10.173759 9.187136 4.497186
4.050645 5.067976 9.040267
2.371373 5.896609 6.649871
6.128990 2.791710 11.445280
12.933252 6.321904 10.954940
5.738988 2.625303 10.030047
7.930592 7.516291 9.506684
6.342576 11.673350 3.666912
7.044417 9.874738 5.938409
6.543909 10.101136 12.038351
4.667891 9.665699 4.900482
6.790211 7.669554 15.856985
5.669432 7.176860 6.765369
7.098239 9.346940 5.978943
1.662307 4.572077 14.953162
5.349273 5.540828 8.305704
7.788160 9.564496 10.739540
5.822088 4.303849 9.499499
7.801060 6.645348 0.467436
6.313076 12.230636 6.356766
4.833638 5.070002 12.860299
5.664439 7.514153 9.993686
8.914896 11.740387 9.675424
6.827832 5.548709 8.071801
7.734946 5.851124 12.578629
9.667337 8.917648 8.997742
5.650871 1.873884 7.945112
5.465857 8.329240 6.876033
6.501644 7.705390 9.749384
5.432355 6.287847 7.047806
5.907755 7.623714 9.664535
9.517322 2.657385 9.770553
9.862253 10.170838 8.989418
9.482424 10.786369 6.964766
8.725516 6.175839 8.387025
7.355715 8.761345 6.730383
5.354834 6.668463 11.291202
9.142086 9.979151 13.751437
5.024078 10.272792 6.054318
6.613462 8.029401 2.125383
8.606959 8.762724 8.838552
5.747025 10.627841 7.116328
6.829143 9.788680 13.745320
3.904174 10.315998 11.208160
7.506048 3.236165 13.672350
6.663267 4.717098 6.249825
5.678369 8.529281 10.750177
5.836162 5.941358 7.868852
8.114763 7.789516 12.835910
7.551791 8.108402 8.618114
4.982252 3.766229 4.030331
5.399761 5.989769 9.063192
6.690206 6.333304 9.695551
9.689942 5.922756 12.880064
6.493788 6.023940 10.116184
5.865132 8.332631 8.886382
2.730739 5.026297 11.719430
3.054896 9.221503 7.456731
4.328856 9.613714 10.604668
4.363719 7.628422 10.491445
5.248657 9.343228 10.456236
6.456892 15.581035 10.731931
2.269303 8.812519 9.018196
7.929336 12.218813 7.241212
8.820733 6.909122 3.410797
6.302650 7.624907 5.118843
6.455842 4.815681 8.568715
6.388071 7.625862 8.172893
6.541576 9.042641 12.459619
6.211681 10.838815 10.288582
4.549919 13.334530 8.460899
2.188743 1.452413 8.824063
7.747521 6.328789 10.671617
9.584774 11.399949 6.332083
