1 1000
25084
50628
25865
85630
6961
70455
22518
38014
40206
53718
5686
77068
2473
33100
35153
73108
24989
64425
91860
50185
49800
37409
16366
41376
42350
30091
94518
16882
68596
23171
5091
59198
30981
83369
16338
52900
49648
27008
79044
139
96200
79855
36029
97533
9571
11459
98598
55173
31675
71339
41388
15544
57808
77787
66495
16105
48708
34378
72596
77267
4286
89525
69955
35795
74184
43545
16970
23851
64337
10620
38696
4225
96268
7365
97986
78366
13838
9247
57666
14383
53364
21242
29843
34887
17787
48522
72550
83547
48614
56486
73776
58276
88891
72138
93450
33825
53638
54998
34512
51699
70933
46029
63650
2687
97626
87287
56518
47471
60620
87455
56516
64817
16231
57909
47688
46902
76871
43405
20548
48821
68337
91102
55851
5990
76938
73957
74071
74855
79294
5151
28484
49850
18394
37906
94259
20581
4658
57957
91048
38097
82621
67203
53644
69995
90292
3356
99851
75878
44086
19812
79831
62519
86982
12851
50884
79255
37420
77795
37738
44037
24688
86773
16390
29762
17570
3628
16409
66803
90933
70415
42824
69090
92415
25836
87546
85821
18139
94000
45725
35094
8391
29712
12641
20705
7110
40131
34779
76729
10207
88294
41123
80988
8828
1942
65111
72074
33836
64281
37686
8234
42786
21174
89574
57348
13652
18936
98670
35688
78780
77264
39357
74246
60698
72304
46561
24852
67696
63984
96080
48204
13413
70220
2787
10986
21603
68900
8502
79186
78041
70011
20265
21000
42841
28505
72546
21719
67963
96745
83689
6571
89400
95228
98379
72150
57200
90500
2007
3791
2373
62681
12388
74222
85213
35511
12233
17169
14788
82366
55267
8027
8200
58257
70035
97391
86427
87224
29341
95449
88052
23903
83050
90790
70830
64244
2247
29383
97864
49036
30276
99058
17347
76382
72246
55457
87240
83399
64245
99345
61919
42469
81086
42883
58872
46396
7347
88127
72582
82836
17622
97388
52032
68696
60657
82681
98430
35448
17714
91992
4418
34345
11719
1118
13484
41600
60614
74148
83076
42234
79399
97192
40180
27575
52840
49741
71724
22746
39785
9206
96636
53675
56877
9967
52477
52246
98783
74565
2089
81673
42346
67849
44062
36569
64800
58865
4351
89438
66036
45623
32659
45714
70592
70392
55876
14102
37152
54710
6721
95629
20469
29462
90397
76191
39235
46371
9325
2776
85043
18953
13646
54054
8433
12059
31165
16734
51823
61005
41629
49048
15233
75898
75860
71310
9215
16800
11598
87713
11654
47487
5529
44309
38935
48478
74599
28848
67830
20102
22512
74174
3405
40933
64685
59888
46311
90732
40285
21464
98613
74545
13476
35182
64044
67278
5384
1903
39236
79744
13650
64953
48635
23113
69939
18928
24528
93262
71996
13500
16680
44346
37380
1960
7021
27481
28870
8485
48138
66270
51329
88069
19985
95550
38806
58881
22773
56850
19277
7603
8336
73433
13809
51292
18365
78643
65327
7808
8607
87175
5083
43077
97977
92478
2987
25367
38036
11046
61498
56327
67964
97424
40550
55815
49123
16434
38546
3824
12796
63334
44709
71292
27713
15785
11017
86988
93134
65597
95181
19268
69700
82632
71140
19434
62023
25170
57380
78218
42304
38475
3463
47189
90652
72067
46029
27549
843
34959
15256
63003
86242
67275
19855
70441
10585
53778
24284
92168
10445
17192
57646
25212
89983
37457
81911
62859
61076
42903
84079
32513
78323
74984
51887
86671
28426
14485
51383
84359
73866
41845
64393
76578
15302
69343
64524
5979
93559
74260
18089
26897
763
25075
30801
92200
80753
29474
3669
42440
61855
73580
10381
49181
15661
40317
5842
85782
82503
21544
29155
87270
50238
9442
21284
99110
1288
15620
91482
29968
57084
89741
69617
76837
74486
38814
96374
24905
24185
38524
22685
52994
92904
15985
45212
32989
63692
68619
62446
41128
14290
33947
53906
26425
88553
12056
92137
78117
41800
24826
87771
50698
19718
52607
43346
25766
72832
93577
81630
48062
98807
69598
30639
30904
37296
98022
50334
26817
10034
37809
62597
5479
34059
90383
72770
28384
52811
31094
52408
75521
79975
2975
15278
80104
47191
68009
67342
2867
40665
53652
28167
82695
35980
27944
62988
87338
56341
85708
18323
53481
46014
47567
61590
84499
21266
73314
20181
1339
27010
82684
41074
15066
71588
83445
77460
92010
65422
62923
6084
15629
99391
5024
96019
80708
65046
84090
20467
91449
16761
74178
43705
97685
24784
77509
34785
38314
75432
79670
92458
21035
33328
71946
17174
40622
85183
37787
5131
40177
63852
18790
36757
76882
61108
28332
1377
86838
17367
3156
54884
30691
5276
29448
946
80550
22953
34676
43143
23406
26891
8266
14977
28430
63124
49473
28740
52223
312
10129
58229
23836
11919
2648
91071
44932
65335
42393
96914
76700
20591
86743
99743
97930
37724
70366
60861
46651
10087
22395
89127
41726
51453
97855
9467
82854
14863
20384
76636
77324
69104
4791
74929
54923
31833
21411
20804
56322
15112
54949
64357
22198
75004
9026
24964
56909
59067
79365
65146
26164
86508
91226
33697
57114
86750
14483
68535
43379
30719
68039
90783
30678
5573
89614
75039
49086
51209
9351
57668
87469
17191
99474
89145
6244
57440
6070
36884
82381
45016
35164
50154
94738
48888
35441
19445
22339
25004
20616
97557
43923
82054
55734
48332
48731
61850
70613
73024
76438
43136
89730
20669
15043
7381
25535
87473
66279
17306
52049
90766
47144
6067
20195
24811
75187
12265
63777
34435
17655
3849
413
3797
16392
78275
59534
95619
64349
84716
22988
77939
87090
75292
96822
41521
99046
57969
10124
21066
28734
65898
6741
25714
2240
76108
45946
50879
84985
31489
30441
54028
86776
40916
65459
94328
5457
16150
91854
75268
21339
33661
10932
71480
58514
4415
28482
97406
50613
73691
66650
62598
72873
85392
77089
20705
84309
65636
53026
53702
46948
56063
649
6415
2598
48429
8968
27292
24974
97792
86934
18960
36149
48107
18699
4527
98998
32648
18982
36455
4337
59603
57383
97508
81609
96141
66389
25593
71493
34010
69337
95038
3954
49891
77729
92365
34303
69429
33470
31779
61376
27264
8071
85733
36236
29369
43251
16953
53247
49496
75234
94025
71352
18746
37557
92868
26844
13088
81586
84892
33202
67950
60897
40297
86181
86190
79474
83588
20261
57963
6773
93037
46630
63158
80447
47334
52703
452
61484
3157
20492
48045
47863
1830
9964
90639
516
17702
33316
72937
58743
