2 85
94065
84101
54292
87776
29179
42155
20332
30046
64607
29347
88108
45995
45321
2367
30835
26777
38987
62707
33475
27584
60120
35770
1378
7900
73642
58865
21148
29069
75581
31067
85886
1462
91218
73723
8636
48222
60941
26109
93101
77523
69655
71214
96330
24418
3324
89630
11954
81344
63918
10821
49416
58276
35137
65052
29843
49514
2509
51136
83454
39122
43023
97490
98070
15391
87176
82586
65903
57721
75453
8575
44575
85739
9685
38352
7425
55301
69662
47166
21139
93083
53288
18048
48696
19877
73512
398
43415
63229
29238
34854
59002
31812
87600
33578
9200
22461
5941
52096
28780
87376
17611
88337
72932
10280
85081
14026
402
35253
41902
8318
43702
35723
41976
45730
28466
43490
80205
75184
94669
64692
28870
53349
77809
41730
41471
83555
22765
90927
51448
83855
23411
88227
45079
51475
25275
35849
74404
59805
92446
26097
44972
44543
83260
44879
10334
88237
89591
23803
40113
70018
5429
22319
43420
20828
93346
47244
7676
62523
69675
49173
55058
10214
1605
58482
28226
5830
50660
43438
94389
42600
37156
48153
41976
47360
25124
36104
58779
72449
21925
68208
67251
19973
79087
78862
22520
55211
70093
23074
327
96596
20652
98223
46114
76293
4224
38429
17355
37481
69024
50520
32652
65740
35300
14126
66898
20992
31086
26900
67662
36252
33630
36929
97395
54776
3004
62674
73722
70707
59826
98405
80641
51757
41072
66462
21511
54573
93830
42693
6546
21500
31117
54501
80522
70727
16767
11567
6555
40610
86458
92757
71863
30240
56385
39055
19089
25915
22395
31162
73763
77874
19666
6132
29961
45062
74549
22145
52420
64701
27639
13257
78872
43967
73293
98263
83790
35483
22452
60476
71218
68611
3913
9354
17270
25068
74639
34809
41006
30351
50028
45446
70322
40106
43212
59087
43967
42496
79101
95352
4662
97269
66513
81097
79291
20083
28191
37389
68248
26919
82243
73877
14936
96517
59705
25011
96940
5792
43782
64352
37033
10515
5711
30166
16423
26139
62176
31990
27716
79226
89287
18179
96831
95637
69366
37381
25341
86742
51972
14760
87048
32012
71500
4538
37227
79430
24684
51633
65816
1244
13800
13314
57602
37958
60389
80907
99810
33827
95567
54026
26070
86708
79539
20707
78398
59453
4421
13086
2046
59147
66523
69607
15102
8616
69232
41708
61069
99817
75106
28482
26010
12897
99956
65377
51193
47755
42925
55076
57156
55620
33271
98218
71191
25582
20577
62135
69651
41134
97822
17427
34300
99663
18948
28394
49083
85533
18029
3754
27805
3723
65465
16585
14354
69582
35882
6172
68239
87743
15207
22849
77900
63965
27066
4502
48070
27304
34258
12671
1950
80391
17793
96100
68761
65251
83711
63121
38494
78794
20677
97972
91483
58958
30195
71619
74784
98179
60555
17683
31811
82244
6099
67042
55194
62062
83255
80366
72452
92579
98661
31516
12000
13289
81423
92786
70388
92872
22572
83900
3720
75376
12408
57387
62376
93457
7375
21841
53189
85696
76534
20007
59573
88153
95602
48776
87534
37016
71663
53299
96559
54622
13626
65164
65624
4946
33223
45819
42317
72253
19052
79084
28727
16781
88644
56590
43651
65972
22446
15572
9856
66374
53867
86071
65541
29790
27235
67281
93481
24793
5952
32484
85321
39545
22770
96529
32294
67716
13993
97185
18501
7587
76734
33376
33901
73571
15691
79421
94764
6199
6126
88427
57906
3508
27882
77795
60020
47635
6406
52608
53482
97843
65004
88929
83602
95221
40587
97514
61419
39614
10070
43396
85658
30424
70082
69592
1513
52785
90668
49592
20579
89243
209
14134
39577
22282
46612
35339
40672
16889
27515
18642
45969
83077
20658
30122
21864
33105
88679
60088
97061
16576
96716
19138
25166
28542
53497
54325
62699
1272
79879
52703
71496
93919
59190
52022
26167
85993
60040
53392
16108
34511
37795
37257
511
43888
33683
85248
21261
92013
88901
54457
5046
38315
18445
37277
41856
66260
59682
3093
57908
26070
87805
68947
26972
11747
10141
1290
54251
87055
90790
39345
34805
93813
38941
73219
11954
49011
61261
29026
28608
74345
86566
74287
80254
66302
81593
99732
60625
80539
84861
75130
74754
21453
80749
58451
95582
97831
14919
81138
9846
30590
65134
78830
56253
40876
20009
5698
11564
38126
13346
41520
5185
11621
79816
64377
21275
89433
74190
93959
960
71857
27210
9668
62743
72444
81239
19520
89551
92812
7955
39886
20470
58133
63873
21063
85410
1779
33575
8518
50668
61857
79825
53930
99504
22594
30317
33048
22991
19996
11630
3766
95117
57368
24777
73297
27603
89732
4763
54104
70029
19025
69153
45919
32013
49397
78814
18909
16231
66121
17816
60845
35123
59884
88763
97137
72846
29727
78037
28490
93049
81352
89240
1954
64280
46607
70139
74179
724
31171
39385
51453
31130
33526
177
82019
46586
89436
16165
21582
29961
85393
34363
2041
27007
75536
28351
44164
48314
69885
1054
73745
26329
507
64236
72330
98881
58422
39711
2617
78780
92795
51410
88110
66773
49595
21060
7516
10077
14444
85846
14716
9801
13032
70512
96617
81298
23020
93884
42307
69076
31066
81098
75181
12367
51639
81130
44174
36521
654
67893
65075
36682
57867
47013
36907
54718
16929
91640
5194
57367
34885
92370
5703
13288
76816
4311
91230
16555
78432
8021
24462
1756
66488
29016
48476
29692
61756
57011
93935
18447
26614
67262
13489
36638
95316
16210
8853
30646
48807
84527
1611
34343
39525
54647
21997
7205
39240
24753
48694
47691
65037
89767
85350
89523
40438
19240
16416
27711
46856
27334
69003
13331
42446
3289
19796
95385
81044
5306
25962
55964
11341
81577
86913
1293
68206
35431
47280
89217
35376
829
68243
18672
754
70836
8746
73592
88084
46202
85624
25080
33949
41955
53188
47766
70390
88550
10523
42361
18445
65884
64780
22832
66931
38980
31179
54985
27743
19170
58127
44218
4008
28891
12692
35356
57967
44827
98426
88075
91763
49871
69828
5672
97210
70795
66713
48599
82127
81157
15846
43424
56318
42552
65371
70642
25210
23938
64617
12188
1496
62950
36523
53458
87569
61515
37754
16302
63652
1628
12694
99596
77585
57446
86404
79085
38239
45661
62315
91542
7256
84694
62230
37070
57928
61486
46101
57091
14113
67234
31900
4133
27353
74933
77154
60008
24842
54990
73475
92775
22961
18423
29919
18556
2480
43359
47385
29193
40269
29113
52920
28915
2737
66266
88906
21921
13897
92703
12572
45281
66984
92548
39523
72996
30499
52334
12822
27069
58259
43779
10033
25157
30103
77805
59284
9882
68848
43866
46434
59
46659
36543
38690
27374
96474
62224
80578
78299
11203
71433
84847
69198
64335
81481
90334
24601
8693
46834
45574
32175
10189
16938
43011
11946
90229
13437
62741
25798
99151
57112
86527
81220
15233
46927
67017
8168
96308
63448
74718
97467
40469
49582
17710
17354
88631
43056
65421
8484
78063
13823
75442
54880
39479
27043
29818
79061
88491
66087
56834
23873
12143
86584
85040
11075
5767
8426
47115
94432
30141
16979
8606
83457
90368
46030
96698
89267
85919
31769
34865
81286
18321
37751
71707
80079
2960
4911
40628
83175
6330
80171
28924
14505
48399
88602
79414
20984
92438
15
82858
40182
22168
4640
52483
11182
706
81607
27473
48043
89543
5764
94408
34366
81756
32185
65472
65309
83195
10477
23795
51902
1793
94762
28322
4448
83151
57663
70672
71363
69485
62494
85157
28491
290
6303
108
51905
221
55387
71861
27665
70960
30290
99476
15309
95503
7046
18657
26536
11605
90973
76598
91100
41600
96099
58804
29509
58672
901
63486
4324
27500
82200
57884
87901
39580
29200
7065
62426
6704
6313
92006
58469
79864
54434
80277
33585
53674
50428
71422
70418
30624
89919
96573
10272
25623
74070
54962
21849
24785
38222
40768
38460
9843
58107
77487
67022
711
93267
7179
90297
30843
689
82498
98152
78721
41748
47017
69548
52334
39485
18456
65498
37211
89012
79305
16971
18886
45987
18877
66458
72882
67770
74423
48650
41570
52841
56895
3454
40642
58313
83200
43198
30495
59348
99819
67993
42634
68488
98834
39965
58489
20552
34381
49505
82854
39131
82201
4347
13902
45259
94196
46314
3667
83975
63778
62542
15226
65377
5323
38443
21742
18865
83610
99690
1691
99473
20512
20088
17652
5503
87759
8837
93613
87133
46656
41797
30049
80148
26253
61842
66702
98253
82999
95593
41300
61271
6145
69673
39450
72996
28339
58775
17385
82155
23929
60156
35055
9128
92001
32197
37117
54455
12928
1986
17353
78205
86382
98216
22925
62943
85285
82607
71430
62089
52646
22677
4534
43273
26261
24857
6787
67377
67928
63873
89941
95288
81499
95796
10203
29209
25295
14593
47079
44434
8262
66998
33134
69223
91768
94601
33033
36445
4002
74195
66071
46719
48738
54384
32248
78941
28796
43040
67699
76616
62424
98697
96369
56439
1154
5299
25120
15012
67816
45034
22641
816
23776
78880
26011
57339
59455
77737
60981
18765
23459
78876
86591
67504
62346
22873
68602
79123
47544
93693
47500
66985
21045
46320
97342
3656
11117
36152
77533
41898
96110
42850
59036
79791
53262
34336
66639
77881
60418
17862
54610
48079
64648
4204
54560
92571
73534
96720
86941
76428
78120
817
89293
66580
91182
26228
76986
78635
57916
70627
14546
38058
99425
53033
65830
23153
85168
10071
14669
68130
60226
85474
72703
18787
50513
76099
47770
95456
80734
8085
6016
14471
79725
75707
60214
90794
14820
39607
70503
17728
84431
70932
66655
71493
72351
51389
96433
68981
82214
28260
91570
39701
19101
98236
28635
28938
52927
83999
45963
62400
5835
41961
48291
51268
31621
9594
67208
60426
88470
80536
27556
71688
97127
79211
15429
37625
78730
17376
9596
26299
58257
38439
97120
29874
78901
97268
99305
4003
85777
22754
76117
90649
56260
90379
83398
97667
76594
4721
38978
39988
4995
64856
66993
25986
62595
24905
65955
11816
11457
68625
84136
75012
16144
97248
61846
64921
32617
91243
39846
83854
20935
89162
77847
82797
68617
36635
24746
84581
59443
85085
48004
59337
19086
62934
72943
73198
87299
15693
99801
23953
68836
50128
4211
91375
62372
5104
10932
92875
54873
77760
76340
53835
48577
78074
1841
96027
86490
7225
76429
8137
81193
29216
73870
17447
23604
25074
80605
9549
64936
13783
38407
98516
20052
39390
15871
46236
23499
42358
7674
72775
7590
16307
96690
86587
22464
86287
71364
89412
28376
50982
26449
41071
30098
19289
12769
91600
82295
12588
72411
7806
65809
61320
81454
39986
87119
14170
8939
32267
24135
370
77257
60013
63695
79076
19616
83869
74595
99595
62510
45542
28866
94401
77206
52408
72720
8424
60635
31652
44502
15908
36137
73249
1726
62335
39629
23721
71991
26564
98392
80189
99895
35780
50208
64445
76052
92788
33022
67441
67786
82028
14897
41603
33560
55242
69210
41986
88323
36973
31774
23937
75665
39867
10696
80342
93807
17148
79844
5019
89324
63388
41284
64561
22811
16236
51711
16056
93877
47746
30221
73527
34037
3029
30093
51130
99066
58306
12223
86191
19689
58057
20426
1897
99720
58480
25687
32669
26756
95327
65363
15720
15660
16803
50897
98055
88372
80267
86886
41116
70035
43502
33580
65712
18053
52035
38656
42252
72681
54119
79524
68446
46084
53851
67997
84635
73052
74883
70838
71927
14334
40713
10523
94766
40249
17143
51519
58623
52257
35648
97270
4012
44685
44952
92891
71163
95352
80376
67564
21271
45476
251
89929
16016
92243
35651
17913
12951
21292
72149
8517
1699
50300
37528
36763
8463
99506
31162
14604
99065
17314
22604
29806
22021
21571
36993
39579
62520
85233
95603
72848
74429
79467
16157
49487
36036
62838
52866
93469
98589
73720
87877
12101
29217
81182
96846
43763
86698
48215
21964
73498
46454
48215
83373
67854
50472
31797
91816
48843
90663
12333
14580
79724
66205
91134
66766
27828
13946
75245
91382
39785
91406
48609
3443
2132
26994
58917
97291
9443
28543
55561
56299
57831
13461
22400
89253
83767
99286
70051
36141
52106
62697
12365
12091
62337
8248
60542
55116
80187
82354
8729
33377
87518
35913
42469
23679
19221
67797
13679
62893
75308
31119
43558
55449
8310
83703
55422
75123
60903
16494
43726
51216
33627
38557
44434
5001
54957
5165
44298
53497
34369
77516
89721
24611
74427
47502
39110
55369
82213
47850
13758
39510
53741
69785
15856
20629
96388
71546
64784
95928
4384
17617
72917
20242
88667
23651
95067
59037
71794
77659
71650
74004
80071
64809
53965
45562
47584
21502
44099
45170
66181
92497
89330
85637
11654
39965
60007
47711
48051
35136
9559
35666
97569
26973
81433
91698
95820
61499
38089
92759
72592
81157
93542
5278
10638
46024
53301
76456
26637
24183
41245
7225
57206
54442
25097
81594
59735
33371
19785
28856
74882
5256
56433
58339
87403
36372
13080
25072
92173
50214
43610
53847
6021
76488
62935
1238
82997
53769
57938
39596
27587
25467
52467
71774
21303
26262
2053
16950
64897
21716
2488
34527
26577
14642
13600
89770
49885
52021
8020
59788
45566
49667
36336
44446
71891
78950
96308
17755
74140
91532
77955
13510
10208
98922
70629
87426
28201
60660
4901
72023
72291
80358
17427
58580
58240
68607
49443
84903
46614
7553
37228
13511
62015
23506
19146
12235
68057
89502
90141
41520
15524
64818
67144
5782
90503
65346
25011
24547
43914
41156
89225
21727
23421
95667
95674
29655
19568
52462
45050
62203
20889
83766
73632
42080
83953
40659
25737
43006
39543
41552
26450
70226
58732
36986
83009
76893
62709
72901
8477
8035
21756
38567
39729
11854
63439
77467
64590
72681
23840
11647
70502
42149
61411
74166
28273
39447
82931
57415
24587
791
31629
3228
85300
81507
44276
4484
73743
43482
33771
84146
42948
57378
58814
27356
77534
66498
24794
46588
13421
59816
69936
71538
90470
26853
84310
25088
59422
1516
94021
17293
210
4151
63932
13603
74178
98466
81916
87217
55025
33197
97930
23529
12231
64702
28209
69283
47215
49565
96157
78392
76889
15990
87488
71976
82394
29435
36529
30036
85479
31296
88776
293
46493
93405
25251
91684
64092
75023
77700
68607
73351
86455
69489
1098
96486
24089
17971
56924
11716
68734
59096
68302
53298
38771
77073
62047
27362
17544
94068
68115
13836
24690
76859
91759
62669
61705
42498
3647
46114
41642
43085
25040
4274
39958
44385
59350
30337
69490
32294
75751
13918
77157
17003
91678
2774
60445
84738
30714
53630
71531
2175
25468
39182
26530
97053
98796
69728
56667
62714
66804
74901
75956
58710
89123
10704
75884
36920
50156
84889
78569
95369
34693
85692
26035
20375
36585
81799
69526
34771
45174
75055
17220
45907
64847
68908
58128
49969
5051
41496
22324
70986
5508
41524
1068
61440
71705
91907
38296
99512
83244
11181
50815
44156
88213
93630
35751
56187
69326
32452
41821
98628
1748
28948
9555
63151
5164
55878
95389
74388
92220
89908
73523
39762
46126
24351
79954
97449
88977
70666
85659
48160
59607
47549
82002
1152
92663
69604
97633
56887
61613
3853
56786
9654
18453
87341
16184
62675
1812
82076
70375
79976
78415
46964
45240
37778
13010
99798
24966
36371
91914
29894
62036
51696
12748
3210
62564
95956
20556
89262
99297
67627
79750
39779
55766
72072
33432
60443
75636
66015
62950
367
49937
72748
3509
75481
35971
53834
65296
95354
90025
26077
47591
48853
82371
75241
28939
83730
80916
69176
28307
57373
82887
64376
53625
20421
36328
68346
30238
14621
31846
72884
20258
92733
98904
18848
85613
32866
97045
64027
27337
11146
31002
43559
83205
3097
17832
54858
41684
31095
25795
81484
37548
34864
43380
90589
58599
47731
56168
29868
72421
92851
96239
64689
90952
79272
85822
57060
71959
13007
92493
58852
92732
27238
43641
3922
96902
80945
74371
64723
53671
58233
36496
24305
64567
93735
22919
38586
6447
20013
45622
4639
52591
3325
54509
32150
97657
144
48417
40569
47891
16832
17163
47173
16905
16655
16583
508
75817
56254
81333
6436
80293
34230
27163
25542
36660
35043
25536
4399
23409
39219
38675
31346
25243
79964
36194
73028
24820
24627
15107
80990
44226
63638
35087
85023
45968
43043
20098
90247
34446
19039
86429
21405
25933
3088
28036
60267
6276
30786
51552
44189
21262
18310
22141
76101
99401
38318
76173
3449
86009
43699
89156
71635
29955
19888
64826
73905
59122
13892
59244
75539
50869
17747
51835
2175
13343
52006
62315
71040
66246
16486
28710
4803
75365
69989
6294
19416
80378
39413
45743
95767
82088
26639
40802
9465
10486
30286
88523
20731
35246
67441
22404
11614
23231
91517
17904
66441
14140
33976
93009
51046
67322
22319
8210
60513
50070
14576
45182
76524
77197
6161
79782
573
86498
22664
33183
13199
29339
10480
6626
50717
96996
2123
89163
84458
64075
23258
28698
64924
76482
34502
43317
77307
47553
23931
19492
89239
9985
13896
38323
60704
44354
24992
56948
63116
65637
42812
25786
61684
979
39639
26687
19895
70741
65232
46207
25590
62489
1292
42683
88214
12115
32049
34423
81378
5114
78604
35772
83302
94055
31788
75927
63476
16281
51588
13816
35683
34772
27245
41684
48235
10749
58818
74627
80650
64479
22434
25698
95586
54730
8530
3922
88729
3662
95704
23992
1912
78053
69345
46363
37036
59526
70204
97641
98120
40115
14204
70866
38050
85708
12474
91179
37041
38649
12721
90765
89013
4516
43040
70803
16911
15228
42284
27360
7876
79220
38395
56983
94174
82658
93562
66304
42764
79808
76568
59209
54461
48590
68520
21155
46281
57423
5891
53825
3304
95431
33348
10013
12024
6211
96107
80915
91964
3953
1882
25988
89079
5060
2107
32819
29589
22513
54007
26731
20227
28565
3712
61848
14706
63436
969
35978
16312
50779
93129
89109
53039
37384
50748
14515
72948
88573
129
66433
94025
62568
91997
80285
30227
51102
50582
54639
65116
64723
46393
33629
36339
84803
22773
34197
59623
95373
59870
33863
38864
71986
16043
12744
86854
98971
29688
88368
47879
7024
73284
92285
67318
92866
39060
45070
69079
99970
42222
23624
94196
45639
6239
18133
59962
91116
11990
68416
78781
13551
22663
44282
11696
63732
393
7928
1709
36480
82104
71891
1907
47806
68531
36103
67075
27453
46047
68052
69059
96176
42466
57568
26363
14317
47369
20691
8891
84751
86019
94841
20178
95924
28612
9476
34584
88703
62627
23143
32741
26199
90876
41820
36536
84454
76943
30047
21105
77179
97566
94993
9751
47753
33427
8470
80467
68678
61784
78103
86451
940
28765
54817
31560
87931
5974
86084
29000
58517
48250
85108
51437
49825
26117
38475
73332
94153
78582
84518
77279
23772
5650
6372
29172
57388
46080
77770
97115
14257
90411
25153
57860
24356
22115
20438
37214
31365
43195
81818
61953
68629
4780
22496
83877
34525
28881
87777
22857
99557
39114
31675
37997
45310
54906
57005
48664
91353
6056
24829
29620
98158
99841
24050
11788
99286
68021
49466
25013
40592
28405
36966
89378
96192
61372
5545
85198
67595
27523
79165
73910
3324
38602
81918
58492
48995
33654
20012
89893
19569
93454
34669
53052
85789
20253
24297
13454
21154
13907
55821
2827
24638
24644
66601
69227
38356
23719
81041
81479
52491
79448
65663
37051
95341
33655
41999
75627
3850
6694
48514
6971
50066
17551
66652
42741
47966
96220
46279
8007
98088
45373
6253
83938
21582
18342
29057
48445
3347
79150
33879
95087
94622
38418
69544
59257
85561
13391
73135
95450
58835
5867
24686
23256
69182
58445
202
26334
35442
90688
73962
62361
18152
77076
54812
76281
5984
57821
14000
93974
64604
9650
69020
44745
79331
3663
92950
34734
14751
59828
23901
36777
8446
63204
94288
49342
83253
32711
56757
71799
75512
4712
27732
21666
23939
76503
53593
9489
1269
11464
45302
60120
48400
68082
89470
58482
70202
3537
67147
34172
67454
34981
62873
63833
76236
8849
12393
8588
31125
54973
68319
94337
84464
44756
33380
27428
76408
67366
5764
7848
98348
62055
23377
22882
33837
69199
91135
38604
78051
4504
94342
69827
9849
89795
80387
95432
56636
43763
84631
53410
42912
76271
98151
23547
51163
19237
2234
24799
68968
84386
96190
84640
95237
36155
86755
96437
90709
327
75326
65718
59103
84034
38568
70625
51885
35404
37724
4856
56846
21800
33308
8865
73813
75006
18317
81925
32023
43609
85495
13457
13457
84042
69862
98616
82848
82083
35851
87855
56295
34396
57755
82256
6061
59473
43791
47128
90812
71938
99811
94505
20483
67698
69720
92904
64692
20329
77425
66303
23270
9938
43673
71324
68821
42878
69820
3185
17374
2687
18250
36722
65923
91501
47031
10586
91565
99236
57693
80775
21925
79460
26168
86841
72793
36944
52329
12471
67357
41520
87668
73770
66600
31984
53378
32543
97715
66494
59168
40681
31549
4463
76190
42814
24106
95450
57169
9557
42783
46076
91473
22254
67880
56403
67068
18730
15570
37923
16145
12686
73489
80564
48469
8517
72955
70737
18642
16859
17323
74954
21011
22690
14335
97620
48201
85777
91579
99108
56713
34304
90532
52055
25580
53006
80453
15597
49261
69115
88781
75305
77807
24206
94831
10259
4788
36560
2081
96439
63495
56718
97598
55811
2099
26076
164
14060
1930
76141
56502
810
17855
61723
61979
50871
62156
74533
91357
73524
88557
268
21323
57412
23203
84790
81239
23471
81522
2155
6745
70081
68259
57146
73834
96296
52771
78773
1706
98457
17729
66449
12379
4300
25492
63367
95300
61819
81651
1109
86831
26663
60891
76478
85930
72563
9101
99686
26346
73191
90798
20503
52355
89071
64325
57950
48753
67609
45184
39535
27987
64667
5071
83581
63723
7914
93639
14435
43071
25956
4320
50590
31355
31623
49240
49263
18860
36439
64846
88542
96422
12156
39464
88434
78656
12641
24653
13339
64947
38935
37035
19944
58910
40944
93427
23601
78629
80933
49016
22638
52525
64272
94196
53598
76705
93874
47650
84609
10897
22639
21797
83774
28621
11469
81472
61215
58414
54616
47868
15631
26894
57697
49605
80451
96139
33786
1325
20750
63305
65212
96583
86891
76237
66945
35373
29751
89058
11850
79227
8628
14711
54202
58482
63207
63743
80346
99894
1211
62447
41459
72464
50108
900
93079
525
65405
59707
20632
91005
29267
93207
70095
97525
13207
77791
20502
2637
84200
85725
40206
63427
43782
53856
3035
57078
82968
20890
31715
65099
83495
32451
3346
71659
50913
9492
8921
36483
792
18509
40746
73636
50624
65488
53854
64161
44020
58947
33232
54675
67633
56594
62655
81528
61401
64587
37391
87055
62706
75328
200
34750
17860
72008
1270
34765
63199
926
32583
89768
98195
17985
6033
27873
46421
15475
27529
83083
10753
50522
91661
15392
3314
55137
73979
94812
31372
45048
76600
47007
83955
71568
65962
28335
28561
97408
72701
76820
77588
97731
60674
67003
9006
76215
46700
88596
68947
22272
47697
92019
30430
46915
62255
45170
59980
62251
16068
35438
74207
40551
21685
40869
75421
34058
38216
79807
19727
63050
11401
3554
31938
98978
87785
84060
19401
22224
32827
27101
88857
46615
1685
34106
23723
19070
64309
40811
10078
38703
50937
30158
88595
40185
77318
58178
9583
81838
46242
41420
48380
85222
31130
38998
33224
1787
12220
36811
38949
41323
12734
61917
56743
60249
87830
32351
52873
54027
64287
22570
37000
65389
36891
27548
49831
56493
35467
44693
22505
57469
50136
72536
51418
67509
58414
19952
86535
88878
92412
44585
95649
46184
87573
47922
19550
5860
75410
88066
4087
64555
15950
61840
23947
86725
86760
72473
82075
45795
805
73534
30188
12758
46411
67235
44040
84373
39783
55793
73437
73724
2952
34260
49949
36775
7361
43774
51580
22426
97227
82499
96085
61405
93121
78875
96134
34424
66210
20804
78671
93531
65299
6877
75991
72153
18874
83179
12327
39400
94404
50552
22732
29987
85856
99759
20729
36521
31425
80641
34243
3451
55328
66083
51236
59041
98680
45069
42361
60261
13480
50173
96547
50358
66389
59666
59562
56455
31269
50610
22293
8750
1573
37317
93971
89253
90308
62359
92214
10924
9782
58937
74610
37093
57105
78241
53794
8343
82739
13445
40420
37772
94235
1796
96280
19
54219
35838
24261
97407
67405
58263
78132
94309
64107
78296
30611
25186
67380
79757
68627
7122
76350
33608
21322
98746
22655
87517
8081
58240
99059
6212
86471
35086
21305
9786
33101
93170
42518
24928
60681
6753
32848
61786
69571
72239
19476
22993
41386
93080
15377
49522
25072
26779
4859
39533
81449
20089
92137
98871
16401
17787
46871
25576
83715
60201
85764
73534
9411
48020
56021
38232
54004
8941
11408
26204
66338
4299
86850
93489
71450
8425
1786
3941
65837
31749
98156
73417
69169
85571
18415
64432
50304
59624
3647
70035
19255
55839
7803
87088
74776
64407
24808
92391
54696
32067
57773
38235
59858
48601
87348
39287
20482
10100
83087
98759
24203
81874
37329
19322
35074
74294
67121
72807
52224
52743
77675
23684
5347
70127
89247
91600
62670
35069
48207
6059
55301
42404
32037
22777
78034
59546
14731
13539
867
98937
53873
9782
95401
64417
50635
83010
40762
56052
32880
43356
86352
27961
80892
52252
38152
31066
23118
79423
64484
59846
98123
95878
39049
26223
63482
50198
19650
51724
8166
34678
86875
10425
52575
91060
98055
15506
93753
39488
89403
35356
46859
13807
69712
45213
96177
48890
11813
61374
94890
40892
39098
49584
24699
31319
98486
57156
70379
61744
88898
30417
26949
63215
81836
88851
97497
9344
34693
46118
94939
52692
772
80303
63618
43649
91904
35315
1002
86685
55258
63645
32050
71751
68849
69661
74431
1919
42251
23172
56600
2377
8275
70089
26664
41294
94485
36999
28767
94970
14948
8796
35281
73919
74645
62635
14261
23184
11777
25435
61831
552
80743
2358
34727
76993
97959
23564
97464
62493
97352
56077
33057
46112
81972
32498
50191
32819
2743
55637
64690
40099
99523
32564
33979
74464
1422
50450
93477
86431
51698
62806
41481
72632
9836
29290
15751
52360
98014
42205
40292
18928
45326
83969
27335
5141
66949
1166
53115
43774
6288
74653
3568
82426
16098
1038
30362
14615
13648
82723
83248
31051
54099
16355
53839
54255
76810
85207
82612
61086
22294
29072
18597
82523
80412
31295
75817
46120
25574
46908
61963
47120
59330
60352
45659
5055
83617
61355
36269
56676
7386
69374
45496
41942
57765
49730
12601
51275
13984
38239
31725
7906
44077
56902
13338
53563
18610
77032
33191
88602
63992
76956
15903
32424
19724
8157
23731
47378
86241
80714
32788
19112
67692
31268
36733
49470
79718
64627
24295
74895
21166
70978
37811
97877
22245
21822
74660
67058
12336
18459
74210
99242
60921
87535
74232
47238
65391
60660
88854
8915
35553
6251
30128
31458
97990
87380
2525
64006
67736
84567
68154
72792
30677
93374
70180
34038
22781
87512
72769
39647
17719
10840
13496
23000
7852
27699
92532
57419
14121
5926
13926
10947
33825
21582
69248
12178
25161
34862
6746
90507
82363
85837
92528
12648
18612
28085
63426
55908
6261
32052
75923
48162
47045
44159
395
42949
39982
26442
13685
25174
34780
19314
51714
29281
41761
32019
9476
48984
45268
81938
36723
81102
84397
73845
60236
43837
99179
3173
95916
42818
95150
13459
79737
51067
31037
71920
58522
53168
6976
9108
2331
1703
52455
19960
73418
68782
18114
12123
42652
76757
50727
27457
16265
7984
77840
75759
3275
59514
48474
83121
93187
83405
91847
75348
76180
92427
47516
34988
37222
80249
29379
86575
1348
47518
37770
68568
73631
54440
92579
34437
28105
66791
37603
37818
89178
14288
74371
31452
42638
72828
89761
86934
8197
29895
2400
83095
35459
54417
54307
19634
83885
83808
13334
26013
31858
30172
39526
60499
16191
32945
40260
49810
23209
95792
31078
28285
80968
88559
50886
859
75862
96741
99137
37270
66484
14447
38265
82013
51237
15565
36595
84770
40497
55973
37562
81821
38436
20927
79162
29351
86636
71048
39974
70912
5342
35056
3506
90666
59154
8395
62521
80332
91170
77172
41689
62192
46415
7333
45618
86596
35549
67104
43147
73213
38034
17929
93549
3055
49562
27465
89126
86902
57862
31853
25063
32177
4776
94053
96422
5762
14776
36934
60765
31503
87795
41737
84457
84356
15351
13609
61324
49518
73000
18632
972
69281
93070
67467
83729
44116
86101
79226
14570
42976
22763
7521
25161
46276
16997
85905
24003
99844
76987
33663
17169
50725
26855
72580
76114
22770
51658
45372
33254
19738
66568
44967
93300
66608
78407
25771
56069
3242
92883
42064
55175
92995
46877
35747
15435
31289
90327
70899
35143
86480
67834
72471
99573
74221
32992
70150
41938
76379
71818
58493
38400
91753
860
66461
79909
98698
1564
17738
32810
69299
89078
96301
97916
3265
23099
75923
32878
83473
18557
94924
69428
33766
117
94796
4938
7399
69021
7534
88779
71550
72310
39660
50043
5466
29732
72648
93150
35469
2573
79270
11038
91343
72093
75024
42473
38137
40677
91153
61648
20907
15543
34682
77450
13447
4940
90880
92110
93779
32479
79580
34557
89115
76975
86569
77942
89837
5024
234
85503
92315
30778
51617
94947
63900
8521
5977
68462
38507
43388
48189
55155
89031
18598
94239
20807
86257
44224
62034
85155
47826
2532
83088
2534
66194
89587
76853
4433
59362
62481
40450
47497
97331
26212
46971
41496
4956
64697
65769
41100
67032
45886
1080
97558
22277
41577
42938
35437
64071
58127
45987
57577
87651
20238
3851
1576
58212
19332
847
55628
24889
53942
4592
73371
93077
96394
6578
45821
76270
56397
23966
38306
48191
24717
92865
9498
550
79968
92203
82939
49446
41340
71153
49854
18662
6588
14956
78658
9584
60929
78007
88456
51795
495
7604
28309
96897
39532
808
48531
52306
64613
48122
3280
88160
27305
3001
66077
41929
54987
11379
55729
14127
92196
17086
11780
44315
59119
25907
87860
93846
98155
6030
79907
52623
43228
60783
22903
76760
72203
20092
61113
78473
8513
42269
4886
18779
64656
72830
29761
84494
54763
88177
42511
26211
47208
35913
58362
77315
66053
86080
7231
95542
34784
29778
61439
7405
37694
13536
5922
18937
41797
85614
7823
87409
9218
72261
84629
78992
84196
99922
17477
60981
58686
41061
10294
57441
13769
74419
13984
28477
1216
12340
49025
71793
29122
14181
19100
36045
92212
93575
38836
29828
48476
20575
58325
58988
85895
76596
63948
93280
62468
41972
75274
69406
11430
32335
22373
43146
44742
26554
68246
3209
34719
28590
42172
83430
68592
36870
33528
96560
76990
33893
3183
71994
72399
62573
27820
58618
1488
28489
24411
33354
23184
87492
27438
35146
79363
13232
3932
87836
47520
55456
81693
12263
82210
37038
22640
20341
2443
53718
98069
57973
2108
20376
93203
28057
80959
61914
4083
24345
15230
17252
29282
56462
33833
54115
12659
45464
38227
73159
18267
68665
49557
62436
7764
61048
97450
27124
88283
67070
59921
51411
69650
60252
21359
9794
15838
67939
21547
12678
18666
37995
815
34214
76546
76141
76301
28656
55224
36489
3576
45300
57795
6496
32839
95974
23355
18555
37846
92001
31551
31618
57508
94879
76079
39654
26710
73314
7154
81624
77970
39759
74065
21199
8485
90702
3994
76742
18078
28683
43006
19195
1969
11703
27635
87538
17461
6503
34483
73776
33446
30164
92123
56704
8035
61753
47181
28785
6481
24185
65038
15318
4919
37239
63401
73893
10176
37916
20362
2873
99292
68180
25700
37072
8830
3857
69323
40013
1759
42502
49114
3063
72730
92941
71503
6808
86223
16962
36170
29439
36225
93510
1842
42591
95255
57117
45648
74190
75934
45424
45394
89766
5477
37611
83817
11847
32672
29216
29804
33715
64070
54403
98674
29873
27571
62476
16668
2635
28615
38137
74568
32399
86148
52713
48223
75186
45492
75425
86825
12968
8769
38954
4179
89326
475
59953
7184
36128
81686
62790
25204
82211
28137
14398
187
14141
79088
81042
80000
74199
93514
90205
55719
57570
90044
80322
40244
28495
73901
93283
58353
53685
36904
64363
40172
45839
53469
9317
76310
97180
57024
43107
20517
44541
63240
67320
43251
52219
57329
48830
92125
7742
68347
50801
36549
94039
77992
92977
19313
48726
84354
21188
49961
3573
48691
96562
63805
87499
86475
32392
49949
29434
74238
46869
81054
34274
34947
9072
86716
89387
36118
57296
12722
34975
87703
43026
43172
21581
83785
9335
87030
42216
20531
76675
56786
66214
19779
14111
18534
47842
68678
46808
97860
80026
52529
87198
29984
44913
79771
24550
43893
80174
18336
72168
97824
98619
44608
28162
32515
62055
77629
87859
75748
87940
44481
95648
19435
25130
7446
84627
38504
56754
22092
32023
20619
65340
98455
22685
67082
90026
96047
78650
40862
18979
86862
19367
74406
39440
24532
96544
6978
28002
36774
21733
87065
1290
83531
86588
56757
67488
27470
77613
10690
22365
83135
29380
89682
57921
47570
33683
55643
28653
87519
5389
9047
11210
62688
22796
47620
43680
22198
58572
5378
41280
13379
2190
71447
94011
41553
19862
69230
18632
69898
27917
58484
7330
31999
61855
29338
66791
6434
64126
79030
8827
10699
60606
14593
74979
35990
42839
60794
66762
3267
37350
80994
14432
59285
49580
79614
48726
53172
18670
84760
73091
53899
79635
61502
12417
19818
61737
52866
62801
52421
18080
42360
31411
76691
71021
39803
59215
93297
27176
79016
27695
89629
94159
72642
12834
86523
78849
94796
60763
56722
46020
11186
5327
24304
83967
61249
58459
62946
92129
84554
96796
17501
95960
72515
26325
18296
76058
92645
14797
75664
36128
69327
13
39586
86566
49954
38278
12468
68524
76771
3754
45069
59576
58301
53390
9337
35890
77468
95407
61638
12423
70450
83145
20873
54406
22038
3489
62969
26150
95488
5309
71315
91966
22222
19078
22453
23275
35394
57837
41795
33550
50594
65667
5669
13291
52055
33568
22758
44779
93423
44093
39606
18491
36539
87353
18217
10187
34225
69112
76279
44368
65354
99743
10554
5890
21157
65786
14643
38142
22307
38838
66469
52454
17802
2023
98616
63132
60418
65795
14807
96554
37914
79877
31571
86141
19812
32843
63198
27302
97780
89593
27504
48376
33669
5204
7014
25580
82037
19015
27294
74336
67620
22945
91164
40179
85401
49973
87656
81163
34749
66361
8301
51472
10622
90823
94011
27598
44557
77760
53319
64343
28832
38372
24038
44830
10097
63515
9109
53181
79261
8783
18708
64016
99141
4591
82439
84312
89393
43021
22132
41401
26664
73313
13351
28220
47642
52292
3472
53133
33110
76598
73316
27070
41556
74489
18744
67811
31724
56372
28778
27316
70557
21328
59896
17582
46695
23742
61318
74386
62193
25616
33020
56036
2180
2939
1957
10766
99534
59707
32786
49563
67936
72847
40437
99548
19312
53337
60838
89510
84504
1887
32482
42833
32021
88365
25575
9019
96265
7600
70649
5283
81625
80444
80416
73678
89200
75176
584
21190
95034
88429
319
18102
62314
44714
30426
87536
90932
1186
3185
29287
47284
81757
72287
5588
52453
19843
61347
32309
13835
97828
64225
42826
69354
84723
8257
90103
95564
39078
23054
32709
15775
84696
29785
87392
40532
28327
42420
82394
50529
89783
18712
41286
47840
5036
58175
25086
42414
98356
25514
36030
58285
63451
17661
90951
55779
81012
61982
21149
74584
67159
28601
41993
34012
40286
5023
58648
48638
10951
77570
73530
68758
21685
69339
35812
74076
86191
33156
67054
81647
82975
30911
21525
21008
35379
51981
71962
78916
88352
87223
37186
25045
74011
14633
73140
56785
68670
66161
53150
12617
59785
85893
28593
96211
66942
4282
35936
52073
77795
72750
91876
31592
89060
66911
55419
93650
18798
42801
89796
67469
14838
42380
21285
42082
72208
65852
31814
94782
43512
73328
70419
69460
54733
10363
27933
70777
95344
118
59322
95142
27082
96251
38177
97402
2851
31692
48110
58549
42924
43914
43044
2974
70454
25662
76582
99071
61688
5076
16701
83844
61933
24827
8022
43455
72051
41062
62912
10278
85997
40526
19986
71187
77570
28301
58979
55172
47005
65444
6352
1753
87531
90807
68410
46904
32224
19180
53382
16556
71442
75184
40827
32962
90235
46322
99943
89706
24412
97253
57402
85372
32405
52962
2825
18929
9262
64483
51084
2758
40529
97418
98721
20252
41709
51992
22663
38970
59316
97430
78531
26090
43166
6352
20927
10744
67365
36117
23942
25142
46246
27256
77353
46650
15366
68530
54622
6270
74731
4030
58459
50720
15135
53147
57375
67328
50769
21133
51561
15237
1587
33469
11391
57271
71389
66868
51977
11526
50568
88804
41172
95810
92051
41216
95759
66465
84866
58207
69329
22812
13851
99004
5073
78802
97191
34713
27180
39972
96439
61079
28226
82647
47068
34559
89562
83478
81453
28733
17946
51341
44325
33760
87567
58766
96259
38332
45803
2768
39816
94919
19138
9291
52092
92159
428
64797
69226
85763
38599
24232
47807
38389
47602
2674
25807
82814
76306
81732
60528
2058
97392
84395
82173
65576
73401
19930
6004
86988
16894
86086
88377
98764
63538
38953
96561
19142
8558
72096
24839
8377
45552
26157
4650
57735
82807
22389
93069
43674
94569
45218
24901
75195
74285
43139
61231
15324
52722
78183
70440
19088
34854
67014
27763
77134
9183
54232
56311
30066
15254
60379
37566
37147
36679
89970
26999
78318
46835
95904
64244
33713
83902
74673
69101
49201
52657
39954
22395
43133
34104
46804
87518
12072
54629
58029
44120
23019
22924
52087
54864
69633
35429
36559
8303
50442
65901
21719
96582
95752
29221
46580
42022
49445
81905
45168
52935
72363
98362
16346
44674
12842
73293
75489
40855
5205
2042
35133
40263
12741
11414
42182
68506
46133
3993
67674
70459
48389
47265
40220
67768
34775
74029
26832
76259
16501
4418
93664
29107
3913
49898
17465
79715
60867
60752
52111
84945
68566
57445
78037
27809
13883
25087
96069
11704
11629
44916
44222
24993
1996
42051
76929
29643
50938
32363
18196
78697
24033
89042
77119
81137
83083
31296
75762
88478
168
1409
84540
37806
8652
55719
37333
53092
17422
21477
90645
2567
57994
91413
75067
19969
9695
49651
8839
60289
10738
88416
14912
64730
30441
42560
23439
79841
10929
97468
36386
6195
50809
30945
69706
95757
35669
84575
76317
58738
59868
41962
55637
80969
80810
92861
16239
8859
84319
27890
51053
83257
77085
17003
58389
4277
66702
44396
98639
23396
59452
39679
715
61059
42103
59887
48248
93230
97939
95245
20174
9194
81383
9614
75301
65020
70255
93226
78300
21680
18635
70559
4275
76628
50941
96652
92049
79962
49391
1335
72448
58905
96939
94727
86795
95660
35937
98507
49863
75666
47429
51729
74023
88908
34830
34735
72006
60131
96504
72958
8225
53727
40195
60890
27130
96720
18929
58724
39190
12585
51308
60032
36288
60832
11742
97398
54180
89008
79735
9909
75061
86552
75979
70796
88456
11449
36657
80527
97238
35291
84197
34200
91166
2248
58119
49155
20321
56079
7482
7153
35876
66659
47206
18215
9009
23706
97622
59084
22614
32879
99162
51790
60900
5792
75686
7389
92305
19504
72497
48237
13495
88550
19863
24633
15924
2604
67192
36699
57128
18385
3159
56885
39929
30215
827
64364
82098
98278
68337
71047
59007
73511
26985
21716
82483
33354
62100
72676
54275
68401
15277
69994
39497
70786
69965
97279
51233
95561
51125
63041
14543
54356
48807
93808
94711
9589
5037
5263
57987
46308
8593
13609
74049
86266
63460
19209
85859
58199
38072
61665
70429
35292
68741
87172
63146
21874
53799
48940
27719
32897
30110
65685
65847
94906
16333
1792
48989
58350
89115
11281
19109
84084
32150
43569
43707
66567
99531
7373
62546
80293
42863
51061
91359
66514
65689
57309
3164
76339
79653
7231
46886
88147
29683
16920
97086
10754
46822
15847
38827
51760
29510
90897
11415
82422
7358
8479
45902
57006
2686
78366
25826
55830
12090
79390
54954
13746
57290
89012
89278
57639
34056
36185
73820
96672
2805
19784
79846
41868
28596
69028
71170
58045
6381
21839
91929
73963
6155
6964
38488
78416
96638
62526
99986
17546
28538
88894
44572
65148
69046
38122
5744
25708
8879
21592
75563
55718
419
13799
16527
80984
44566
88983
40257
77941
70767
54412
63083
29522
71420
68463
75675
64332
48874
59372
31075
12575
60590
27157
7159
5168
86592
89533
74930
60549
30778
94718
8146
2407
84541
69236
56695
71463
66636
16128
94856
30486
68303
82694
65486
7211
49745
67888
89910
84770
15874
99240
36019
8119
89334
94593
18714
32719
8261
57263
55685
14735
91625
90538
82129
50338
62595
58384
42880
71576
28598
45344
29207
14722
75498
66047
70561
85143
69290
9271
68170
16786
8647
48883
69924
25905
1203
62500
49894
21496
37798
35263
63016
19084
96061
56669
28137
85752
31062
84282
81129
90219
17013
630
8431
2264
72450
89495
33572
30485
34824
34756
2773
72156
65560
87756
80789
365
19108
221
60346
28587
73540
19438
21307
75354
25205
29781
5848
14951
81013
86449
91954
38240
67368
60514
75951
74040
52022
86988
9527
55813
38346
64728
4409
68065
30389
723
16359
27820
4073
61005
46134
80264
84766
80026
20159
14364
7409
39444
87712
82353
58048
35160
37884
97368
24463
81765
40407
99970
76262
12480
88219
84775
95376
15922
56405
58112
1438
32776
42745
91821
46242
72370
99674
22864
46101
62117
43826
63279
50961
38681
641
27030
29527
69932
97605
11218
31082
33853
61575
71735
30674
30994
39310
55419
39739
50546
96554
84889
71603
59724
64170
46864
97584
54798
58854
82657
1351
17838
89270
52917
67798
581
75257
51572
64763
59343
51759
79630
99258
8012
55455
50198
53595
63714
79699
65922
27018
1689
57302
11053
30133
2845
97565
3669
90065
35808
66907
40445
41558
21078
7979
17804
57151
1879
22122
71341
31115
77376
35514
13453
97246
15537
7232
68863
87008
1073
19175
88795
41917
49670
49339
70139
13443
63357
96335
7677
66599
94056
69080
22500
77761
62395
20623
55991
47372
23022
30035
61824
74183
68895
73028
69005
11606
4141
65673
63187
43841
80669
74635
64038
40020
51289
15864
24803
18141
37132
53698
35143
93618
6247
48733
42388
66536
66559
22212
52819
28637
33389
33268
23661
17807
89772
90415
58832
76130
86815
92251
8433
51359
9288
99392
4292
73263
86866
2030
41349
71588
58152
6644
24147
55856
69084
12682
59151
95212
9409
24361
97346
30995
89713
96909
99572
25700
59464
44602
72022
29955
94919
68500
90937
29848
91761
34053
84020
62767
22257
5819
58722
95799
38643
21288
58305
77923
1095
77056
88052
62124
70497
20382
91266
44620
34268
97055
28630
5285
75666
37989
86653
21528
48741
21430
51499
22990
9465
22875
57622
44051
86903
74081
66936
94422
38060
1851
75698
51914
39112
79742
95492
36552
43776
99875
81814
72459
41836
15145
97074
53042
75882
9393
68103
99041
88697
92448
92807
1888
9055
15520
83210
30939
55715
48319
39401
96833
52211
99727
19812
27845
43424
38564
54909
84064
68669
12633
96155
97325
87460
60043
3848
83755
65168
44861
52627
52767
51492
50386
15598
66703
55491
56246
22544
82664
23670
97398
49781
72216
40553
42915
3321
32277
78030
56947
32705
8405
46488
22847
74163
82035
11457
96838
91672
28369
13797
8617
31009
89072
84837
34957
13503
73882
70021
36540
24681
31096
51022
97284
44314
67996
40717
15575
93425
55353
92466
29001
60495
15270
40369
82005
33948
91358
8677
27033
34083
59843
3112
86709
21457
89174
9084
33040
43738
23585
84837
17011
11252
59245
40045
84075
72954
53356
44927
54699
53674
58097
85196
8968
55560
91987
20553
78012
71864
20877
66863
39428
33672
41889
94329
17953
91044
1264
99049
42587
36096
54148
77668
30969
73137
89927
49298
8330
23764
59368
48991
60864
390
54365
5757
5679
73226
45948
23071
62354
33191
95233
22687
19175
80391
65579
26969
71982
90681
50079
47981
8654
55151
25667
91457
80848
72097
33252
75453
6146
39336
78929
79598
12885
40644
39646
10787
31551
32471
70145
68979
31993
72455
952
31125
5890
544
34690
36838
80315
36624
98465
97927
11082
63465
82079
3932
16311
91651
19398
26191
86257
47863
10342
81738
27690
23524
27794
66240
88054
54158
6435
12421
38417
9466
70036
54258
92086
43956
91173
97922
19880
32361
80216
51127
80269
18253
94231
89110
90670
18967
58476
63718
84761
50112
88327
89397
51327
12583
30715
12340
4022
57263
82273
63702
69528
98815
65300
79829
84610
44290
80628
87852
96790
76037
90947
47998
37881
22204
24171
17358
68246
79389
38838
21124
43161
8739
27540
143
75317
33196
78617
56861
6335
4475
5052
53253
9584
84023
18745
19102
66918
84138
85071
4325
29796
27619
22627
50650
28974
25173
13883
6212
45870
67445
70596
4137
41074
57280
71757
46262
12939
48915
41578
40029
65647
63889
94866
15090
57240
14016
42305
45101
29507
66092
26391
24971
83186
28771
88983
90445
44138
38904
68936
98936
87862
24832
92983
27795
18306
67447
77459
25324
21249
44988
42512
2387
90728
41713
32005
6749
53232
39676
86094
67395
81240
3817
37483
7360
52000
90342
72926
29495
68559
78789
73137
94954
89358
55133
97998
46948
79883
38313
3077
95024
71703
90632
618
25984
61289
13403
80084
20487
3576
91818
18527
51711
12613
67136
63947
78307
49647
94058
20955
66390
25596
14748
57462
8155
58199
67276
99465
27451
91020
57941
48611
76642
32110
80150
38808
60354
62386
43344
35743
28495
85169
72203
82357
7553
57898
20529
55031
86325
87581
27057
50443
79660
60305
38462
38488
78090
80464
30382
25545
24216
73158
43516
81550
55043
14053
26214
85339
78555
97443
32399
28135
57493
60506
78877
29646
40777
47719
66653
41680
83637
71852
78426
98832
42424
37871
19850
54549
84183
22169
53378
46541
86684
58743
83100
91141
42450
34460
37848
21298
55530
9693
94136
6475
79673
6483
71778
94092
4408
83581
44514
4213
69634
79452
84422
32681
75034
36117
39840
23919
75043
69394
39848
97973
27941
67521
75767
37512
72847
39379
27724
15069
22511
53439
22059
89163
54524
61885
56313
69582
37069
96107
56770
31750
45663
25483
52244
82070
34258
69347
70049
43110
13676
80860
73312
19073
55669
49987
51404
60791
9338
53099
39331
7612
38091
37449
29737
83591
30525
69142
26883
15220
91784
