8 3
23943
46731
35618
17154
82695
91649
22164
3084
9276
26302
94242
27842
66407
44453
39648
96748
82636
23106
27429
76789
34708
3074
74794
68909
20588
29910
99086
2473
54020
25556
82485
38814
34225
96118
71652
78217
33227
9241
71367
39882
54416
30942
96875
21604
27359
52173
16708
39743
44477
21869
44904
34311
66740
51693
56722
83594
87567
40095
26209
92957
47775
31447
87318
18200
84825
22193
96953
58389
93174
17896
88980
77077
75409
97631
31670
93627
2605
89340
68946
24303
10924
30376
43422
47804
38329
74001
1109
46995
24704
38920
40053
32230
74160
84771
74977
79309
47935
76444
96864
49541
90150
42832
81244
71276
4417
12417
93124
44934
54321
68308
35466
43291
48698
36404
68390
60150
95333
82381
16082
70120
24159
79793
29579
57603
55351
39831
37270
34943
17508
23063
76793
11097
55421
40080
25406
78831
42783
23170
37556
38373
57323
52500
87885
16931
19110
80559
28736
59700
96247
9281
24169
9449
16268
88699
94756
48468
84405
63571
45942
83438
73095
46307
63908
69393
65722
62024
27706
56350
64492
90468
68453
7736
63036
3388
83418
47143
39696
14459
77165
98391
77871
50733
40858
32470
33319
68165
82719
34778
49033
79224
45376
77656
92232
75903
63618
94606
43326
30233
90800
58490
14407
71238
51194
48640
55331
36973
82928
46792
46360
89463
48076
31806
82350
46482
70565
53840
23697
20463
2493
37748
75059
35684
72852
8639
29063
79691
28498
35087
24839
38849
37345
92674
48399
24360
96624
29340
69216
22086
61746
8741
45886
82595
52349
2825
4659
43439
72299
93622
68873
48122
8572
43810
84659
21657
96466
20194
12005
63688
5780
19188
90711
93090
11756
29974
18695
83051
61065
20044
37748
56615
64317
29502
52163
34464
89920
83448
54174
15812
66891
22953
24592
77124
51742
10340
96298
4150
47835
52481
4193
19508
71752
55197
84909
36284
62161
45046
50092
31598
89828
61841
30397
43856
64275
1940
13798
65613
73365
67371
93103
50577
29701
85607
50244
19055
2914
38490
5047
21052
35182
76477
6939
87569
8111
45995
80522
75277
98512
67139
60352
1521
73697
86569
71165
99810
24179
22565
59335
24010
60797
17539
61894
89239
81562
70834
83527
67130
23624
27397
5658
82826
90123
56053
92435
34079
32968
8925
28876
35351
86986
87324
16098
11572
30880
59030
29524
67836
59421
595
4615
55607
55799
94943
66276
9717
97833
15049
82136
32934
57617
87268
9555
58432
62706
87593
63690
6812
51731
86995
61237
88889
70302
43841
93266
35095
44802
34775
38528
45886
14514
74366
87237
33781
91011
37055
4872
78923
99346
98444
10871
75217
15612
33655
86083
83806
42724
18617
40319
39210
58800
55725
47044
97331
54764
35122
91248
23611
91846
31181
419
88072
6544
94916
23041
79075
4482
37636
74354
42009
3285
39388
2021
30973
52105
60351
55720
71364
5631
69222
1618
13512
59584
94284
33914
98598
93845
50288
78621
59455
4620
85686
39196
66874
12793
24295
89755
6689
70674
19500
91459
98656
97715
52535
2273
26185
92472
48443
4164
62707
32230
70511
52547
3222
64834
42030
56821
45072
42967
13178
29368
19619
61205
64852
49739
85589
41292
57062
88499
60879
67765
58297
51162
35839
23530
7071
3851
81494
58442
26187
19127
55594
65142
35284
76307
90644
29142
45366
56087
91091
30196
34928
21121
84744
85151
98758
39696
83928
36554
13441
87946
16718
95627
75147
21015
11414
36028
57780
11619
46594
17213
49263
68255
91561
43408
52821
88609
18211
72316
52705
99391
48910
78187
75538
9752
99053
45484
37549
11308
56132
90258
20760
54815
60285
59538
23680
70586
79589
76105
73844
34153
67535
24979
13160
64670
92144
76885
26867
81709
73826
57941
1392
92590
72866
5949
13377
56542
26770
16635
35080
81214
18199
96036
32012
43058
41244
6860
25018
9251
80173
99055
11745
92734
70300
47244
22676
68659
24288
20964
88524
71319
8977
45952
32484
6819
89870
19784
23164
77234
21175
397
10422
26246
97139
80032
16348
68516
94795
26456
96632
99219
43597
54832
48026
63169
57418
7430
98773
42527
76760
25630
8770
31584
87857
76221
7100
53533
14194
22286
66851
56820
53853
87552
32090
46693
99895
10470
95688
34323
46891
76438
86746
15401
18725
64267
55519
57683
63927
61987
62603
30144
49272
15201
85941
52807
52896
66860
75289
3871
5518
61582
86390
27461
94434
23414
93745
61145
62531
37207
77553
65377
7322
84103
54657
10949
50709
60896
19825
28370
1413
68802
93300
35640
97825
47023
89315
19884
75648
6926
7225
54630
19874
40265
27382
24963
32616
38895
74653
19076
59224
71986
51157
90222
25754
34665
81355
78888
64638
49200
88366
85760
86803
2436
39186
44710
63953
36359
75406
54191
65777
32578
93086
24372
42415
71997
6306
97904
70799
12073
83133
73541
49749
30199
51126
50104
39083
13598
84314
39601
22079
29946
70456
65532
7970
75559
59588
77834
60138
426
57013
33265
62065
56584
28455
44359
20116
93836
52410
14859
56853
24678
98449
81309
50106
90823
73971
64577
4331
79014
93709
9824
6296
31326
73391
5382
72785
22605
46346
28069
29611
69206
65241
29297
90530
64288
37973
42210
96305
10389
14942
66165
58716
29381
72441
37323
12711
27424
19917
67528
32988
27135
45061
885
78857
21340
15537
88415
78175
56245
49733
8534
10261
54253
27544
52655
64547
4619
82758
81954
94247
67769
48559
38508
91491
18662
24502
74575
28157
18980
36291
36685
65661
32427
26721
47633
97619
95412
53376
19558
64783
87199
94356
63165
27270
42030
43956
41067
2836
28456
29276
56745
90037
79639
86156
71410
24810
67209
97415
78953
81626
80883
90548
80529
97487
65705
32449
19570
51253
96135
45339
58203
20478
35500
74007
37850
11168
35097
58348
4838
84245
8439
22230
57718
81531
6766
22453
91622
72082
271
79500
98169
56352
24875
4611
34962
27248
34201
17829
51546
70511
9876
82370
74814
71246
93755
95182
49358
87139
96143
52640
67038
69319
62680
11733
43561
61177
64513
33866
73129
44762
95927
11845
54272
70287
91758
36877
24882
66434
75964
49453
45833
67777
79227
8246
54191
86846
50924
77146
96152
84013
69551
14225
52694
13193
31052
33431
21826
26831
28365
31532
60794
90722
85089
99123
94973
55845
35099
76500
13296
6532
7280
33786
70045
86252
34077
3157
99567
67854
48799
51801
36824
4960
59833
32382
61099
123
15314
4670
76610
89054
40788
15578
19544
12362
38477
84181
22512
23620
95698
81879
47117
33622
80855
6347
11800
60335
40729
69057
79389
51262
25461
87533
18958
35291
93261
1799
33695
27070
37226
35689
64584
94821
42805
82420
92550
48498
54236
53579
62586
56843
76243
51222
32872
37433
47441
30080
36953
91402
29071
46074
73114
30287
57164
32662
8507
34654
50636
97100
60720
78288
65780
60184
55188
3876
93232
46906
53793
43355
1389
33749
66617
48058
10239
8465
84705
89388
77852
56922
84000
99197
39999
52510
96676
49280
65638
48210
87517
42633
32821
45742
18081
76147
24433
31916
12454
23068
27493
72685
64491
53860
87136
78548
9423
13266
58549
68169
98392
88271
53914
66167
35214
92457
70634
10383
31229
34225
9027
91555
89174
8125
69736
62475
36143
46727
22304
57476
80351
94028
33781
34476
64163
64301
31318
88935
11355
46706
3797
97789
98829
20162
97258
44217
3617
98221
45454
97932
18116
63938
85345
80200
2886
3481
47589
60038
41627
3338
81153
90624
72094
49076
23743
77879
97673
73431
57549
60590
11070
22554
66784
52013
89153
58438
56940
12192
80539
67049
36173
69941
78617
55348
18274
13345
69131
79293
61837
27772
83014
39294
71668
56000
7939
89716
12739
52142
71773
83649
18439
92778
5207
9642
79252
98298
10611
23642
3777
54794
53596
11325
83687
53771
46717
54502
31237
68367
62663
6217
73215
76718
85327
42498
22970
81957
10094
79340
27073
11922
78752
33771
12132
84569
99653
47683
94771
83970
66339
98206
79463
94841
97698
54442
68698
22316
85519
69336
24202
77233
7609
43902
69883
23325
87991
64438
87634
93134
80768
19453
56698
90114
36113
35253
92994
33533
72939
65379
28733
34663
39410
60850
20352
17036
84111
85070
81288
61114
61775
87658
51666
66503
9730
88411
69057
53224
10364
11130
12892
25243
51224
33318
4205
65086
70608
94143
73827
62453
83526
35213
43696
12424
9247
43127
26316
67907
78690
68428
69392
92181
89405
10045
73468
42673
11264
57568
27826
82864
39360
15951
25912
37388
98198
38855
1306
29606
30813
29258
1638
96066
41016
60478
4238
11814
73578
23820
51817
66622
85467
24257
73906
33883
17113
57136
18696
43056
59797
89262
37996
30643
94338
75860
15687
81634
36602
8449
41601
52987
18073
79413
7339
55394
94816
89943
81974
53056
79059
18065
87673
34302
46587
12111
15663
93518
93284
36803
47190
88866
13920
41443
38546
36723
56547
42345
51208
91676
17765
36306
14979
86236
31779
81473
1778
16055
23454
34201
25064
63478
41530
20998
46523
55650
49664
84500
79078
54989
33853
36918
22503
1001
95809
53697
97569
72079
76417
79599
70651
86810
98358
93116
73215
91305
16795
48844
75740
40896
83698
91203
61604
37896
22304
47820
77423
20714
11436
66515
17751
25592
76453
41642
35546
93317
40345
327
28635
93223
67966
37412
26592
75324
80589
65727
89845
33858
45410
60216
40072
63710
12253
47830
99691
19990
46276
11713
92950
79735
59647
86953
7042
14640
5946
4382
67919
43252
9767
62742
58014
44028
92377
72618
91672
69155
53898
50297
34693
68552
78838
87172
85558
38288
350
11024
25596
89921
9222
51591
60270
46472
3671
3672
35015
45843
34558
16658
68774
24536
97195
48012
99276
91757
20147
35009
25826
74894
78670
40972
79600
20922
98425
6704
23046
74709
24821
75027
63767
56904
34343
87998
64857
40093
72950
36414
18855
86691
79920
75334
10656
63728
24741
12139
4101
20346
12458
30599
92638
38941
60760
26551
52629
27512
74442
68381
76089
34128
76899
95966
25949
24811
84645
28772
90231
90774
75163
10269
3105
93664
12432
21115
60763
43612
43702
89299
35239
13475
74272
85406
86508
67888
44136
66778
34612
53986
37354
40137
97358
10206
84230
93489
52941
37322
66914
34587
41670
66803
72518
79445
39414
68712
84191
59920
82649
32573
25373
57506
78836
24009
41364
12805
80077
82728
1886
1270
44558
89465
41079
2614
3045
38689
21696
41773
22022
90950
69630
71458
17352
5717
83448
100
6788
68317
14780
72517
34458
46162
37402
36282
72171
8523
9639
64284
91456
48227
52571
73353
97825
57788
32435
92676
69535
80472
49713
51473
59339
53150
90519
50874
29916
1211
17584
69964
97005
1790
72647
15706
14204
52763
1965
61818
59629
3465
49335
53155
9701
19844
2046
46421
29775
37323
48990
65553
38490
38531
66871
78653
58521
78610
9007
97089
21058
1573
9774
54252
89072
41963
2784
46544
3745
58872
44887
51938
45720
99875
30950
30907
36508
69704
36103
89210
72119
20838
95734
16287
37112
39298
44340
77489
44018
85603
8165
88825
85307
73396
63986
21829
25581
8901
31880
36486
35560
25513
37462
46226
56718
83386
39379
1859
53574
69617
86006
99574
18458
61294
68413
32877
30776
78390
29831
36813
52981
3407
82073
74049
40645
39494
80604
41301
1957
15562
30333
51644
42385
42831
98220
26347
48014
26924
64926
10139
11778
765
3084
79019
58678
84226
13842
10363
72155
64190
10928
27154
8162
24888
90092
89657
56194
51805
70957
7006
18966
63900
41185
21651
36893
13673
56633
6476
29465
26875
58024
85476
92816
9550
2248
16344
11789
68002
36821
71210
68384
26778
35343
62815
39354
46558
51708
59906
64594
98681
77188
34975
72035
10395
18484
88905
20747
68248
63995
62613
72877
97991
32688
79356
47568
27972
52874
54877
75038
70926
75110
17817
46727
16298
81605
96213
45595
77631
99179
63515
80179
97592
79617
21241
45577
98821
38036
23168
90267
51226
84244
65414
13516
51310
8278
70629
41315
26205
35410
50651
78186
47655
24454
65288
57840
79247
31889
85170
13159
23677
28280
64804
33895
63996
35045
65482
9545
9372
12067
50423
38061
45393
34211
74528
14133
26994
22522
28895
75816
87067
35649
14224
33135
31084
15316
81559
76411
73128
72083
82104
82909
10327
54852
67965
72845
22724
47503
36564
22948
78463
25440
7663
51394
10076
77833
18786
26408
70610
18557
74824
47423
97085
92214
41758
44239
83165
43376
23558
3977
37077
44236
68550
41118
25037
83726
13607
95205
87536
68191
77686
41081
60878
90379
28230
99161
93595
82756
25068
5734
38670
86622
52546
92360
39140
41713
27397
25097
11386
22746
51862
16921
54006
67002
64156
21289
53311
87222
71393
80848
44832
41205
99537
63016
76682
15461
50814
26802
91439
12982
22207
78382
25863
60797
99148
25028
83342
6418
68995
36542
30276
31059
88934
96971
70412
64383
92283
84286
57198
11996
90987
4236
15733
59569
1795
51410
22418
81837
65238
10573
92055
76222
44441
83328
14172
87866
91526
96370
45341
21242
826
10285
29210
91418
28118
64031
45494
31258
79938
87325
38617
73888
33061
52539
84942
10900
64078
81622
83686
38211
61071
63146
47411
12764
71420
46844
23693
54422
84816
88018
62480
68328
28105
90741
53788
15919
60807
17942
7636
66220
35761
34790
77664
1443
63632
91229
8043
35645
93425
18004
75142
31271
20775
60778
91171
39377
44743
98915
27354
5552
5099
34500
50408
99004
70384
16985
5834
9618
54936
84207
16039
15028
52296
83898
74564
77732
94186
34576
86093
63245
34989
57932
73330
4058
90400
8780
8071
78236
29403
49396
87076
27848
83798
8457
21059
11766
74703
33430
29253
51844
91145
4490
59021
25394
3720
62744
51235
38659
81750
71766
34611
52258
22912
91167
67499
68794
52409
56305
11968
87933
32470
53679
52074
68094
19825
62464
48259
32535
67975
37326
24172
89412
6298
15048
35848
66790
67919
61312
91487
1761
14097
8078
11133
73886
67884
427
85008
75881
29139
43127
40173
16052
42714
5268
98924
85779
95485
43753
11175
85214
4535
23968
87007
92658
88396
72199
76663
6736
35423
51219
26295
35709
80956
76152
80299
52224
4048
73778
82337
72007
12108
78272
31951
72066
94311
41444
44074
78502
35096
61380
83631
30187
38463
48780
32607
33807
66941
63081
82427
54833
49656
97039
14060
25270
10232
12341
94045
16712
51149
61172
43391
65746
5542
49003
64740
60038
41563
6590
40389
89399
95556
31506
77564
6079
82272
30770
33674
50425
20879
76781
6994
85896
26616
44918
60348
39119
18820
34627
40724
76727
76097
34255
33641
12844
8320
82392
45038
49312
85880
5218
2619
57894
35649
95954
8621
33144
46521
68883
14050
89330
94434
84020
510
85813
9665
43080
98089
51269
41921
95716
72271
25547
47758
50341
46047
78356
84539
98472
75692
18544
81565
21776
59918
1652
94157
78244
81378
31896
94602
14894
93926
95385
78996
48477
42238
36761
14802
70435
34547
75610
71021
28312
2446
65190
74867
22901
20673
50794
42134
31674
95966
2615
44746
55177
10622
60096
80746
96488
2427
73470
20659
33283
57015
75343
17031
82695
84019
17266
78091
33385
51832
51693
84842
79453
39666
41512
11633
10943
75887
49487
85328
3726
50533
56467
98591
20939
56777
34538
99735
81503
58297
54667
97140
10290
32563
6835
14650
10229
61596
93154
81069
87129
22746
17118
89527
5557
24857
53135
81446
84420
42698
75906
96588
16292
71295
73158
42877
34328
56593
71762
95252
60456
15451
94045
16494
10396
11644
12964
66893
83748
68632
50248
76151
96243
31096
29550
5621
2847
66437
54909
72980
94979
14065
49379
98247
56637
1231
91216
82723
54384
21173
49305
29793
80579
94881
22870
85632
78016
98033
71365
61761
43158
17162
96197
70281
88823
66034
75707
73730
13019
19990
79985
51450
3580
71876
82130
81827
17367
55890
94703
26897
94673
48854
13950
80255
43568
3179
1525
97002
43166
59091
30611
61525
50186
91791
58648
33987
98374
18728
55079
79936
72426
95626
99563
20185
3631
9028
82736
84318
62037
54473
13093
13287
90525
92498
34241
50957
47536
85050
28507
48461
68374
5952
84688
79593
61152
95497
3424
14342
76703
94747
21618
41134
31818
90755
37740
96975
6972
91056
6939
97243
48788
19893
57553
8902
46451
75915
40546
44203
94178
16013
62502
8744
83657
5978
65755
92957
79544
45655
41824
98225
33602
28714
65754
59756
85725
39200
49362
83454
39780
60040
87029
33879
66581
22229
6740
69677
55956
44608
92354
73370
5318
82596
61880
83067
662
4768
628
51185
3507
97817
14197
41764
53648
33557
83265
92827
75843
14657
83935
55589
4838
23276
20574
94804
82617
33513
95532
11740
7198
13329
12736
71832
17116
7743
52560
31110
16637
67987
63227
45926
11120
2127
73665
22783
95751
85725
31814
19066
72986
58310
96307
83941
95554
90076
39860
7953
76799
56594
69819
91092
19091
2175
77532
71015
93221
46911
98575
76137
17822
92049
89425
10395
25935
96026
36867
99106
95369
30912
14537
70025
84388
27440
10572
50140
81945
16921
67865
73902
99976
39791
57120
72979
79794
58665
67990
55175
2560
14051
36595
36069
68698
51676
60501
37936
16977
71481
80635
97742
86006
29152
98090
84360
57152
97694
97932
84620
64778
14818
4108
38699
57458
76896
3323
80635
73756
70127
43599
63094
25133
90027
79774
66937
88272
34291
4967
76422
58676
65932
38025
58402
53932
35196
69258
91928
47630
90192
58770
1780
6709
22135
11693
19273
49215
83461
59725
13771
23599
85777
85605
86326
13516
72375
55727
61189
75488
14551
95047
61020
87290
5811
94862
17151
98189
58261
36520
47736
10287
33159
46238
6644
15866
82649
91837
3495
96974
86047
13973
61156
46541
82192
11675
7174
82174
14856
4775
60202
47659
21702
33846
81426
962
19503
91561
73571
46872
36682
26724
57928
70401
14946
2481
73485
5722
27431
73179
6597
76991
83852
51827
22501
7029
50410
26766
66374
81986
16701
20068
62086
38191
79586
37107
40040
94125
49855
23002
38320
91661
5082
41055
84872
80742
94785
89706
80222
819
83841
73287
76323
1939
87022
86407
53805
47687
44994
33887
95350
52824
31670
81992
59035
22574
68266
22590
42910
48570
50659
64066
42053
35244
83752
31768
18297
8414
28324
50057
19175
47399
32071
29857
69730
64425
27525
76306
29375
14852
28117
37999
3767
80032
68051
59986
68969
74343
87871
89688
34261
25960
22939
33343
13474
2070
41777
58223
29625
82407
203
78510
19144
95414
99545
51466
67329
93537
57327
34643
63384
52907
72452
65821
21352
69019
10677
85315
62574
14203
40479
16031
3788
24442
36904
96659
43176
29290
50263
47268
8587
26371
49655
84441
45346
58334
17272
10208
84352
58171
66574
5354
55546
24540
16464
64138
41417
46951
85882
9305
26700
95880
27916
24725
70244
89325
44393
99774
16342
97832
60249
23799
24908
61937
86791
37419
35572
51649
70851
56485
17727
71000
83521
52375
94628
39671
22072
43252
10043
19239
54789
6742
15682
7312
28549
761
65147
44163
90206
97758
81740
79313
10071
41769
70013
79985
74555
14051
64094
65118
74938
11577
735
99222
12968
58075
63990
95453
22077
59005
87772
38456
74803
27257
7312
78514
8043
10764
14611
32571
33544
54421
91786
21892
99889
67897
79167
9508
90292
91201
1472
72405
29790
42234
4895
39159
66820
95444
94160
92749
76701
29060
62510
42780
48869
69347
90391
70319
46460
65132
971
78101
37253
33890
37073
13600
18920
96263
85617
50376
13296
70950
96571
3399
68174
2506
61791
41595
93396
32132
43091
54183
2394
34666
18513
93841
94268
95090
66421
39845
60282
61563
68451
93297
35127
47461
37247
26312
34555
77172
9908
47999
4561
97393
21646
24403
15754
2664
70047
70080
11896
48491
83134
22379
17555
93485
87203
62586
46711
66824
98796
64278
44292
44920
63228
9072
90013
79006
48438
40697
43306
13758
58182
51433
85207
54498
49273
32537
63474
87700
1376
59048
78000
77703
23057
94554
96808
61359
43782
1588
23479
4805
99772
24513
24027
38308
89396
3505
35704
70894
15702
95861
12630
80039
50985
15076
74400
38937
59068
94105
53414
42479
54401
21170
29021
34586
8108
13331
34842
90415
59801
50721
25818
5831
14627
32199
12317
70238
27597
58324
67814
6996
95165
38011
64445
55439
28924
22450
9614
91158
41656
46355
9287
4632
69762
65471
27933
19555
90576
75926
4584
76558
70332
60863
89122
97520
53923
75527
23948
87525
12999
93434
78313
98608
48301
57131
49793
23028
10848
68082
93664
98778
51244
90056
23988
99151
2563
71853
95698
71139
41116
75843
35186
6442
55983
21073
47342
85726
15515
49792
97223
76860
27936
65153
22752
77091
14821
90374
72545
35064
80883
77316
31254
53124
29336
13271
53997
63668
68037
74750
62524
40632
10320
75771
57752
59557
17363
67508
94111
14420
33675
19477
74031
3168
73114
44203
396
71787
65253
20362
43614
58266
41463
70088
16144
76276
46492
89665
75859
50280
46695
28657
31257
24740
70541
20092
76027
20862
18663
21994
30611
56687
73492
94531
7330
85907
72692
36087
99564
46826
30254
17017
8695
88410
75019
38975
36687
8683
9753
25412
13285
3977
4649
35238
17451
56646
3441
46089
62938
46134
76907
28049
57772
63857
94644
48492
89890
73588
94606
11526
37631
73375
78655
95730
93356
15929
9455
94856
35762
21608
31502
44994
91939
58745
80588
14526
55025
34814
83070
21855
38581
71147
89056
67372
11305
76248
69581
93007
74670
51203
79369
1430
84808
66379
28152
77302
28637
94773
1732
37667
10777
15371
69595
11066
42893
86744
97102
93592
86635
1421
147
95423
52172
33631
32004
23608
41259
45191
90751
99916
19975
85376
36740
67465
292
11725
4057
68068
40106
82608
23273
89041
4613
17716
52832
40812
2563
78436
36401
92468
20794
27826
8913
42186
47520
93073
10073
29271
17808
1947
65064
71811
96811
84812
81823
16831
63349
58821
38723
72412
6228
7978
63806
5393
40085
79844
39070
46009
51142
24031
46484
21874
23869
65261
45303
68415
48431
65186
25567
26247
89306
99542
84970
24053
21724
83366
17018
60374
91354
86195
77268
80318
5146
95777
93059
66531
92841
22137
82516
36479
32405
30408
58744
94483
38836
94078
12740
49503
75003
400
24628
72459
60392
9367
57380
66593
23897
98798
32021
56112
21747
83383
17583
63402
7964
14679
77049
72391
27521
3157
73794
7648
2832
18847
3067
77493
39423
23750
87227
40840
34628
70909
506
84320
21242
51678
74742
63911
1763
14084
52945
71372
80960
54322
95729
77185
31258
74859
1855
75677
61597
92408
8936
34876
29912
25029
12543
50810
3070
25572
39417
61340
54760
87080
99344
52584
25617
97867
93088
69479
69848
46985
62125
15050
39202
55779
60475
16994
96949
44989
66261
94374
8830
91968
69511
38993
95532
68537
67939
98050
61682
67192
96192
31930
33737
37457
98038
86305
14572
26367
39395
38722
59354
38716
36553
14346
21208
91690
97006
41741
39724
49965
8923
55777
21155
87759
18782
95361
85292
67003
17000
91755
50874
96194
28207
13347
8070
90585
26316
67182
32811
50393
18814
41527
41288
83261
15046
67405
66114
93416
55785
28707
23327
9276
59698
43406
86924
47332
47373
99403
37560
92523
58604
99127
26327
54819
76998
84693
52383
27711
61075
71500
88622
81145
83729
58726
24835
61965
9059
94130
98656
30427
62125
18690
47919
47817
6360
28078
25306
82079
9492
19119
63345
61034
55153
74661
41703
14361
23973
6706
52309
57443
73866
55549
26710
24479
81117
42095
46537
77866
75520
43481
90739
93957
66488
81612
35482
70420
89520
9664
90187
59553
72052
49934
84661
19222
32630
27381
19916
9702
52493
25721
89831
2853
65297
95615
29954
98956
87073
74227
6524
28662
31485
68130
32634
20709
19596
92801
18946
91230
95255
24516
737
74728
78508
34439
79750
84721
86268
37192
54757
21194
33213
35242
43221
90662
41385
31573
1234
12127
33917
81425
83163
59216
10171
82574
63477
42044
71912
29471
72807
40486
64174
65210
70716
69750
63004
91770
86980
27931
16577
63933
69138
7427
51189
7014
43647
25829
86384
56124
81606
39032
88689
46281
60167
34457
70456
41180
644
52841
25036
90664
11943
41388
84054
42626
75770
15883
12516
98983
15661
24658
18791
36692
83956
99635
35254
83724
29254
60482
22664
34550
33887
19991
74653
11515
41374
64783
94678
65804
30760
86155
85913
88123
67332
89712
61038
91165
64189
78981
17669
76911
23971
79832
86125
89901
20426
89177
19646
4348
80329
8637
58193
75969
73660
15389
674
43304
68674
24180
59829
27167
63840
86053
83246
55288
31837
10354
15671
21706
53380
63078
67134
75504
21221
11020
79284
3465
97748
23638
67663
62390
26024
62551
8041
29248
36637
56489
31839
68015
62258
15688
46547
65235
44684
92884
22283
78495
60146
22803
88559
34185
57167
1261
91663
48364
13011
46862
33306
77351
82354
96072
38952
78779
6499
70703
72818
94448
56514
87259
95060
66480
22255
2537
82642
16266
90669
94234
31728
47729
45123
93778
7608
41179
85662
99258
70872
38083
52174
30399
34369
519
91748
94193
53290
97834
7387
83525
16715
78675
3404
22611
95554
75820
85207
64057
99633
3812
15521
37814
67710
83725
83281
42767
29777
799
52626
30286
38906
32723
18900
73854
17449
81993
50539
85648
12147
82307
77902
74905
56756
39
34778
46642
60232
76865
18476
97943
49040
38719
76746
76744
84339
85523
91195
94667
84667
42037
42762
49191
13812
73182
15143
53035
52368
27086
18054
76197
78821
91238
79966
86284
22669
98415
53516
57847
52486
63217
429
23651
29616
20829
71655
85840
61457
23044
67073
19844
78420
13949
44422
80072
96966
23811
97383
31046
14232
10356
2486
8081
45727
23476
44683
7901
25815
99272
26082
42018
50108
66587
98427
64285
34703
84701
66809
83759
53176
11678
94724
34140
64350
45527
9543
70414
33520
16450
76626
32816
49087
46173
46809
28883
74466
29068
8563
8300
3281
9716
22653
37779
32842
64160
81780
97478
12176
62943
99646
19908
82854
23043
45250
33331
92120
87524
60940
77082
14099
48220
65834
79623
15688
76329
24753
29963
17325
63342
95352
57977
90139
47857
93275
56331
20305
62238
26906
29981
6256
33635
87544
72815
70141
45427
27869
66023
64162
67235
48852
13101
67502
92784
66958
56334
92848
80726
71933
58905
86784
36218
50617
18117
25174
86338
6431
87177
34064
72471
28524
97602
97584
45738
35174
99249
62108
17676
48148
44410
30141
26356
87042
37030
93409
7134
45534
75170
81145
93798
69437
25182
667
95729
5463
2735
92640
17860
12166
65229
8391
66698
94123
32501
81201
59283
9097
94088
87459
55184
89896
2379
43368
11992
94675
34789
62380
30470
94459
79172
75746
37272
45522
89
29630
57393
54576
29495
80443
74937
47890
96343
33783
23800
12821
86903
54162
81406
4928
97750
94963
2462
58680
25018
86275
55086
1929
82987
48688
94376
2979
46101
44459
43884
81274
60330
91498
45533
5350
46877
98247
15807
3777
33544
28159
48383
24812
16679
35219
41067
25386
79707
37035
33078
21891
88040
94062
93686
51683
85655
90123
63461
14872
86228
57044
37059
37720
35377
82334
19186
10648
38082
61122
47576
33589
15455
47550
10273
17519
1157
90357
52763
97162
56597
37035
35064
25228
52755
83626
69488
32289
50473
68320
78364
44794
95425
14078
7708
79593
76527
60090
57458
52454
26181
2446
30180
78382
27868
17175
48542
32895
12625
11223
36397
13917
5254
72787
91045
12368
44061
50102
18844
21092
56001
62892
94637
69287
98621
19784
86615
84270
96898
98814
13723
25457
96070
51946
3489
91914
69279
11175
25716
32890
86892
47385
73697
87685
16909
9476
94652
54417
32326
50450
92507
48266
37087
31697
9401
77601
93383
32914
99156
50952
14956
21995
8911
62456
45349
28342
9329
64363
32841
89232
88165
50402
88885
75835
50104
94017
61034
57692
70333
69646
57100
45342
85004
56693
5060
61709
32479
64327
46463
32284
34292
97142
18413
18336
2062
23675
91747
19538
38451
91312
40761
56561
38543
72854
5292
44445
49040
21233
3453
75261
22473
20103
57681
44315
38031
1956
18479
52611
66655
17017
77445
18471
24758
5624
42147
80253
41206
91098
16446
18847
67144
71994
4303
81898
59381
93015
59218
13792
88715
86709
71815
21959
73823
91292
90036
73575
64229
10584
23136
7728
96281
81144
72890
86642
50458
86607
41104
20227
52617
52054
62585
90460
814
18343
29259
12220
756
54787
2885
6339
1736
93422
40999
97368
95998
54318
17173
57317
54413
54512
3000
52214
430
11490
35965
95549
63936
71994
66515
14256
82630
79469
9713
521
75687
13241
59662
41733
5134
83708
93863
99079
82536
9627
29597
12146
11753
18396
54932
57906
63047
27500
85814
38515
38044
44473
75246
33064
1576
4761
6093
9286
24750
35266
60776
22279
13522
34159
17719
75591
55362
34433
49911
25162
96490
89116
79722
31412
50877
80038
64626
48719
55539
17900
46490
26249
79141
60285
79245
90708
65043
60332
20124
72260
92543
26834
78972
98164
16080
47562
89222
98946
77488
63571
28598
34478
96270
32913
17324
23998
94300
73933
12974
92125
28113
1360
16164
9688
91721
35468
31130
72704
17888
72628
70914
66539
79515
47166
83663
99730
81407
74440
56315
67828
63416
51184
49379
34770
63604
20283
42693
73137
95589
12943
86696
45083
38882
9753
42644
30334
96614
93736
70230
37804
51024
57199
11390
50009
6593
63527
19937
29281
69441
21387
52215
83743
28443
30170
35357
3030
76572
92313
83476
54956
97240
57166
43457
35498
49605
85958
48011
42397
43774
27984
70656
97592
20641
75071
94800
53264
92690
77964
8848
91135
52821
338
68121
42850
7992
38769
38759
10843
9607
62731
47322
69103
42070
43241
79032
3976
34746
76503
72712
69268
86800
78340
95513
45285
52117
40100
56025
43248
84140
30638
53662
94958
49660
10525
6177
82813
26415
75411
49918
71359
80852
90737
61878
67994
47165
82081
83853
71063
99586
49741
22476
90564
35516
95877
46015
25234
41771
89596
33592
25079
7217
41643
22922
12301
41652
56589
37776
23505
33792
27522
55524
30756
39331
46540
92968
91342
15215
44789
44640
77366
16892
44838
37749
89611
10755
46129
76212
88831
24035
37417
71437
65767
51776
51141
32341
20060
37855
19649
24996
51772
63532
46044
86040
24202
88532
89339
68240
75210
5131
73349
95345
41734
24712
79268
6149
60683
29700
29354
87319
89484
20638
11818
39160
86783
35033
62875
23293
6139
19964
95289
97407
21952
67410
16708
44506
34031
75720
56574
20750
61006
85138
73329
30049
6469
64742
50439
44411
87107
36895
69264
66152
11354
15131
84831
38874
80543
12381
33357
77028
89259
73324
49973
75264
95421
9906
99511
95850
37237
64318
98390
19971
8506
5091
63001
99055
65013
40566
1229
72919
64852
42164
67809
55752
7848
12890
42953
92754
84935
1035
73692
20265
73739
77933
70230
97192
68337
68204
80183
68585
39867
34358
95745
64494
99246
34910
69950
5499
66965
93881
54456
17466
84604
82755
81471
51990
21302
97467
18087
59392
59608
90851
7623
99789
69243
19137
55291
7157
60318
50305
42434
76758
44321
96689
38913
81967
61931
66275
23199
90630
32933
19214
94823
56610
7869
17613
77737
5202
14181
74239
4025
28196
91569
66277
13486
9550
98140
62215
91684
52841
18339
6288
82747
30769
73064
18381
57973
63623
3504
34642
8508
99406
68998
41909
10682
16145
10614
83985
54911
29372
3411
26757
98271
90527
73234
48242
15025
79918
19276
99872
20465
78211
9440
93273
41311
4602
21135
1228
53950
29812
25566
31692
87669
40309
21175
16367
79378
81991
3528
15407
31298
40372
58754
18573
63546
61199
18779
64713
81521
12204
89485
79338
20803
89124
74998
97500
47376
10354
85590
10605
64282
86424
60467
85520
88267
91067
53784
66235
96621
96290
28113
99944
5200
1307
15249
42295
95592
40630
60685
20202
45773
45833
49503
44135
24697
4138
40227
25274
26476
11256
27005
24593
71883
53810
86097
86110
19517
25694
21833
45913
97933
55716
89395
29371
53163
55216
9889
52419
15371
9172
54951
57397
9829
40291
47168
43190
93267
88983
35753
44722
24214
10348
84196
33975
90481
55971
9399
79671
30507
16256
64235
38921
55313
67948
85357
75336
48019
81556
8784
83378
87555
7
52169
40683
39257
76828
50322
92920
27441
11402
97543
5668
73483
81615
77676
73310
70218
55018
82789
7001
61526
44128
26941
14379
78874
37018
12032
53327
8134
21669
83392
31491
22350
95185
13940
3691
37802
96819
55924
67659
46516
51780
30814
83601
10829
2687
88084
84265
90360
15078
29628
70790
43548
46910
34207
48448
24199
63247
85450
18641
80934
64069
92464
47543
26254
60657
25318
94453
36566
66857
6406
51057
40667
14019
53421
19287
3610
29438
75996
35861
35513
72858
27739
70078
34975
40443
63057
2887
66936
16201
34413
21228
44658
17331
56641
27852
93058
11240
33249
97417
22879
53724
82376
33865
39942
27689
81332
6264
30197
81323
89285
51652
50480
86819
9538
42015
92191
53269
46740
59520
97133
72490
84008
7330
70442
28143
83793
6852
47370
80116
21092
9800
53317
87854
18907
83316
50933
45813
63475
1715
57947
90503
4942
51541
52634
33795
27441
94635
15418
75822
22214
90860
6854
52498
12156
26899
20175
79674
61794
64446
57575
40279
84912
48816
13510
21374
78494
81104
10985
32424
83050
82825
65230
67376
70839
50024
46649
63193
53929
5217
17522
71110
79210
69674
9860
38495
69415
67997
55936
44019
74803
67834
88344
8560
84355
95267
3492
26476
70801
19935
68513
15136
90682
5016
77580
2280
56608
92413
91724
28133
26760
56385
65958
96795
12861
26650
25318
27155
82827
38754
32253
4346
76229
71513
26173
48895
90079
75425
25310
62649
43669
6912
2685
99807
58818
96354
31544
56494
17482
18677
99891
1735
51184
27115
17110
81423
40064
43612
41580
26157
28359
69057
62086
49167
82998
77146
59446
61701
78084
44680
86356
69316
97704
51092
54557
21348
47138
79494
76431
44067
39443
90479
55758
71584
55905
32800
20322
73601
28788
91376
67063
99405
92988
50618
21979
12466
82984
48285
41892
36385
69904
45658
39495
15021
62636
66937
36066
36496
62555
49733
17715
51686
21245
47787
71358
94447
22457
10591
48395
10929
28696
11639
869
20116
41928
53454
93821
81060
51290
24962
80005
6131
65253
10038
33942
4724
57185
14385
11978
80161
4876
95261
37410
44278
89000
50570
22242
65204
70490
50472
17904
51071
60333
24336
18648
84961
80205
54620
12331
97988
83149
90538
34811
76699
87362
62397
13505
90554
69253
58715
12344
1721
99061
2320
31999
90422
66866
7722
87674
49680
97955
47772
59825
38924
97073
62171
75984
43444
40266
40484
84869
75475
20895
59635
94758
24794
35943
34349
11048
52062
92154
34456
43753
18039
86742
2622
92551
73155
13725
79213
68678
82881
40852
35993
90735
50263
92230
14009
99403
41357
83680
86406
86220
98383
26994
53984
13508
54479
98068
1352
63020
83200
81023
30598
1726
18556
23951
89765
97436
51999
95560
81298
28103
23273
31598
8769
41608
37344
53643
94441
60843
46316
77357
47682
65567
46170
34726
42478
23031
33402
51434
44205
16940
32448
52884
39847
43736
39942
12193
20871
14013
68169
63891
99354
81628
82152
80784
48724
70846
83240
67393
99691
86831
27826
82803
7033
41214
18355
48377
12382
33470
50971
74056
47357
1960
15775
97337
78362
48950
46231
82091
71426
4234
6657
83007
82404
84805
83516
79002
43888
368
32910
74086
55103
23895
53502
57937
43466
2409
45274
1229
98129
42329
65779
110
24374
91008
7068
73231
97024
82137
55982
11437
58489
51875
83207
47946
90415
55010
87783
53260
33367
23039
62066
27036
4325
33028
92848
98728
41398
34752
2736
90208
21446
12329
25408
18364
77818
46005
7639
37397
59415
6111
67692
21800
50185
26249
15580
39350
48638
20628
37064
86791
21544
35369
39380
59490
74398
60756
13481
12214
21659
43844
2964
30549
40478
22861
37636
12179
19560
65285
55216
63339
34529
1994
74511
81915
85588
20123
37631
92387
84334
91738
91775
55722
65635
46576
89748
39480
92617
91785
61192
45245
17787
31636
79942
35529
86007
60357
863
12082
77568
52594
36392
33362
87645
8889
40473
13350
76345
20921
25296
31215
46465
54900
43148
50645
35560
69588
67123
92895
75270
81698
94541
37628
8853
71024
5830
22078
83411
91249
99151
1433
21891
80860
72542
39016
77004
24333
51370
2953
28760
85251
45199
56540
78646
43907
35248
7624
55768
22675
29168
80406
27638
15200
24856
59923
11977
47545
29268
52659
54417
7633
61974
34537
22320
95585
41202
95375
76940
27492
47520
96004
27377
93178
6045
50697
71661
97893
92074
17187
96178
51471
4427
84445
47896
73282
36105
53635
6232
92270
56881
2376
66225
50470
98803
12800
25191
18883
29284
10407
71103
92192
45789
70296
54725
3005
74457
7030
3590
74364
24922
99047
30358
66951
17797
41908
74092
15240
57729
22091
17792
72687
88188
50045
40564
88143
31815
6880
14952
47137
32437
73710
66596
97600
46367
23684
88051
43980
95299
89828
72578
77991
8609
42035
79109
80283
72412
764
22514
87602
39231
15851
7620
12508
44470
96243
2809
70669
12240
85480
56052
36860
79332
11366
88892
59365
7945
23208
33595
23527
64572
94130
23936
26151
61789
16680
25054
18795
42290
48788
45866
76768
59171
80067
52769
13685
59709
12425
83744
64734
95024
35609
56650
90098
40209
11278
70501
47597
87192
17541
17725
3663
70658
33344
72160
98106
75696
46340
61824
20824
97799
59356
45781
36627
77806
63540
39608
98235
55187
55647
83337
78532
13350
24273
15658
15941
43740
83110
11489
10714
86318
66425
82906
9923
93143
86158
69923
76770
19801
74377
57390
53761
89241
85780
74962
86346
55647
36893
52554
2573
39479
39189
48725
80446
7442
40178
83060
40148
67526
32878
11599
62347
69353
16838
70161
46083
85946
24156
75239
43103
76281
51254
38149
63302
19754
94077
40641
72453
83958
83390
70614
39659
33865
54572
79874
86028
19541
17564
97833
4575
41934
77607
29072
67264
89324
12108
3842
54095
13996
91563
64494
21839
7311
44107
95783
34952
47001
53973
15331
21477
19347
90007
85564
62326
81386
73251
98514
21839
95534
76205
37128
62087
59220
97840
29186
79226
43028
33673
44781
70504
29515
36250
62935
41364
76955
61577
67443
23397
15878
22431
13622
23464
84151
31017
69053
17997
94265
3162
6309
45254
95709
52039
38225
18379
60504
19657
37415
72056
83491
99455
57459
95437
13785
27850
14179
4397
14621
63439
34057
54271
67698
36408
98972
77776
84096
2387
36568
75856
81078
32113
81465
8241
7778
73897
94628
11659
12635
40019
95326
24922
82104
65485
28115
74494
62550
37945
41776
4858
60661
23869
9066
65909
56411
52865
87669
90877
17808
94805
52461
57919
30337
35273
34704
944
33854
92371
96194
14855
55036
10412
93928
11648
947
7859
12173
65979
64448
19817
98400
78235
59140
78931
40628
25704
6915
34171
65183
31053
58247
37007
83036
66138
41562
16865
86057
26211
36176
87173
25673
6240
5371
44150
7555
44171
94996
8018
37698
57317
64345
88569
74835
18449
43113
68338
7721
13815
13290
53701
58556
28482
53219
3266
23718
56994
12322
1177
88005
47019
504
1536
31100
42388
19480
81
45265
5370
91868
42056
60112
39579
59936
94025
7335
86395
40228
28152
16680
6689
58606
64768
95083
60507
15750
15021
75273
39798
42136
1489
11458
76967
5494
80707
38744
34342
82260
9627
30577
65357
64650
7831
41945
25597
5141
45690
94046
26873
49078
57959
71890
75433
13233
75210
16460
22840
29807
53840
42183
30902
86749
76554
14562
62679
69611
33454
71230
40371
33133
47990
39780
30724
22846
48671
71388
15499
46776
51562
38455
91723
48189
1183
72390
71084
27474
3877
93504
92825
32190
24811
57984
63331
45679
30595
53508
65180
22389
73953
20367
69820
31590
46593
78280
89696
6776
4190
1914
78598
13354
19451
13298
83922
45147
13886
55332
22924
11825
16784
42501
67871
55988
2143
43506
28028
82032
4316
19208
65557
24119
43741
25130
73602
91644
55228
15071
16096
67769
99670
96305
82253
60746
75469
22063
95437
51247
50246
59820
74632
174
85356
83389
49033
97871
21995
39647
34305
29791
52757
9679
66658
29742
89761
20848
11940
65424
70855
73608
21860
4320
16550
42499
72064
10104
1950
21071
39996
65082
66326
99294
39136
28426
64855
8744
99255
65521
9455
52582
96818
10236
51087
92120
9443
56027
62605
12031
17635
32483
37603
53956
38988
18637
65390
3279
13695
41012
92240
22865
34975
88891
7246
63739
67476
21476
17651
45860
63114
62970
76907
74023
59343
90120
3529
37379
27833
92383
65698
66777
92733
19540
43375
21393
21241
91104
9583
66582
54443
81983
52450
16533
50583
6545
3663
48482
14341
16924
84351
70899
3553
65128
98624
64931
94713
74370
34371
96304
4610
6457
51326
91293
2804
75076
88843
68625
9674
91162
43271
53366
18147
88888
59508
87515
78787
36703
91640
10739
5362
21555
85499
20212
30684
26845
45165
69593
63119
47786
56893
16032
800
85962
57379
61036
9767
40465
21784
69987
58047
82842
62616
753
17639
82879
12167
28292
24259
61538
12585
20431
71515
40200
27240
35495
91
88568
90802
81737
70161
4544
29848
21937
4851
49360
67216
40388
95606
73245
1044
83720
23768
84704
12642
22342
51351
43540
45594
73423
46200
26812
2562
69236
87553
87003
97349
87565
29246
30617
47919
36595
17792
22149
57459
52165
45017
84365
44134
30215
36898
23847
48993
75102
67958
4300
47683
4374
33812
99384
74893
97340
14816
80236
57764
59844
866
75852
27378
58244
40966
44257
48965
62359
71547
87415
38606
57500
95028
51264
96964
44084
26378
6288
8063
95015
66135
16671
36477
20383
87165
82570
26176
27244
23773
9394
92237
7647
53440
71707
54287
69166
19954
99055
48147
27030
89858
34328
44746
59668
32323
79593
5353
8267
40622
14518
17036
34210
21182
71192
76879
80323
34994
61674
98195
95741
17870
54638
2176
84259
18074
53993
35037
69387
79970
13443
36089
623
38261
51400
43685
67695
28934
20585
28952
3565
94382
11675
