13 2
62781
41420
70680
14884
30378
94820
82257
68793
42269
51283
3012
78204
57174
8104
35091
68398
23868
66902
41128
60307
35000
41939
25485
79668
70872
77849
65362
15774
35405
76200
92235
77729
40045
98626
44591
60625
978
91310
7610
34696
74617
61078
38411
80035
52548
40265
20583
70785
84313
72985
42069
31495
3552
27614
44224
21374
79657
43185
17880
70579
13027
5202
74096
64471
81254
37954
22177
32669
59914
65226
42310
78654
19694
82994
99935
7320
52466
47371
14479
3370
61245
94342
48509
4154
29785
42555
43766
31343
29137
60035
97546
37911
65434
58173
36714
1571
91527
20141
58001
50374
87731
38392
31064
73754
99067
28681
33183
37691
12161
36624
70635
57385
10730
9950
24195
48650
70657
28458
96114
26246
59123
56591
86248
91626
15216
85963
35769
89446
54224
82465
75868
76878
35916
54328
73101
71324
57760
20794
29228
3308
68496
35223
21083
35071
10656
69663
94756
73465
21306
30731
62193
26532
49228
75445
51474
22186
77351
1243
74107
66622
74466
43904
10531
22548
76020
94731
22183
78917
17342
27526
42724
56396
2111
17600
23072
2251
67965
76171
56706
99847
22339
49247
79541
90695
40958
37429
16937
18105
34302
38445
90994
9805
44667
59785
29319
92345
10350
10480
19364
96979
79315
98636
64745
12698
40814
10955
99641
28397
76899
44866
19260
91058
61532
20357
92733
48177
28583
17904
50124
87958
39478
10242
22045
64883
51837
5565
8807
38395
75991
41447
9350
49480
16129
51435
31834
31798
7070
55257
48102
62918
77169
21954
29810
86396
68742
85757
55657
90305
71721
37701
74747
87489
44269
60121
17276
92142
64679
45626
23620
74716
49841
38512
42253
13155
80104
35750
20408
29440
77869
88457
60424
58932
13895
21133
88516
9060
82624
25320
87482
95639
97412
46773
92759
58043
93029
75346
26960
37472
53850
89890
33980
51739
3451
50604
11895
26629
18278
52474
99777
66905
93725
7003
83101
89561
43142
81250
42771
63882
92906
4452
43790
48148
81622
91358
26175
79075
88029
48525
17528
77576
53524
84692
56337
27000
4661
37658
77446
35564
90333
33321
79127
67296
97166
56208
31815
16981
77261
59521
9150
57646
3780
26739
231
10038
35041
88642
18771
59161
89974
26795
82772
83751
85239
81712
34498
41876
59487
54202
7321
85946
19532
64530
20409
41013
28702
52262
20293
81542
79676
16810
76805
18897
4975
42933
54213
56223
24580
92224
85203
86813
99438
26538
61956
90875
32355
94519
84911
86670
10362
3692
86097
56206
89331
85173
31112
87449
90735
80607
65912
94542
53683
52158
4137
47122
91626
5736
74022
57967
46272
86520
60191
28784
29703
94892
32521
53894
67222
23976
2265
46278
19781
82481
82188
26793
15635
39666
91298
91594
47552
97562
38878
79980
15283
60892
22120
38097
4341
7726
98892
39300
39859
75947
216
57232
63233
24465
93601
89575
31378
43523
92255
33020
73696
52200
12940
99849
7306
92490
82985
43786
50673
15672
65625
16384
58715
34692
14564
65839
96432
10662
4470
80544
10431
85047
16285
88032
55130
11575
55406
29150
29942
19560
16801
33489
27244
16561
14000
23056
87610
71708
69884
21656
24259
65847
58184
51466
14635
9015
52572
9771
8508
54544
13572
54914
48611
1886
88590
18749
55092
81600
66256
65676
62690
67352
8703
36292
72040
37196
10073
82205
7235
90920
8604
90133
45300
42521
66700
30987
28163
75539
38001
51269
61111
11885
60022
77130
99552
1824
93676
57960
74701
98091
45349
45040
94614
69650
28186
84501
64915
12154
96677
41329
14851
78190
4615
68671
52614
20126
30308
78946
31651
27898
58370
86109
85796
22683
92109
78649
30164
38459
4374
50658
74408
20888
15599
34890
32787
83542
91697
24900
13840
25082
31286
18986
77500
23407
23583
47608
15833
9508
39279
64815
93932
59468
15535
39187
52288
57756
10888
72493
60193
12561
82572
81706
98562
28200
79853
15578
24152
68068
84868
18674
33884
99500
74955
22730
60269
61994
85699
70112
90187
25165
32752
12595
54717
4007
13368
29992
19244
67856
71943
66344
56550
37665
32174
55968
73149
72570
44607
80161
28357
27741
89683
10910
49369
11696
19621
78480
81078
74783
83732
68341
47006
88696
2692
99116
17303
45837
70141
92475
80105
38453
18155
7754
97156
96427
22364
98437
9752
57614
12710
25406
32410
6944
51646
97256
9830
43367
68162
8445
12311
15246
86992
28985
56177
12901
86541
8252
21400
71293
82367
20716
42710
20301
21522
53521
48921
67920
51447
81208
92531
59588
98017
68081
70552
68365
18278
40848
46947
70800
28868
41935
6353
55224
4665
75147
96388
26740
76266
93122
53890
46583
75677
23196
27604
84215
50334
74911
89767
11087
12318
78393
67534
91165
94320
97594
31486
12868
18730
1175
33968
41227
62858
74056
42947
15420
40526
24587
82744
11942
9307
92383
70900
23579
71991
19465
40929
79251
1999
46835
95661
88584
37745
11272
874
95832
18867
81594
91276
64774
93163
34076
47790
7224
52948
92295
7245
42202
27472
69337
25004
39226
12096
28082
66670
86602
22349
43413
28639
92578
19395
64269
77292
75771
93521
57350
96774
86261
38346
91375
27875
97777
1799
57215
92732
16024
94723
35277
89744
38226
43869
52566
96448
46864
54842
89755
82609
71107
39680
72768
47757
82306
90876
78414
34338
35305
95997
94385
48450
20596
35542
36411
9985
1735
11904
2656
36634
11146
62006
63384
90251
27845
24311
6433
32244
47400
54920
5050
85852
26950
25839
14312
716
2837
68377
67829
37361
42544
21717
40012
33022
5910
4246
97054
33672
11976
16469
53664
76457
72590
99501
24234
64798
70194
5341
57754
47496
80739
650
7023
77679
89588
59290
74575
4410
35995
74714
91074
45976
76498
59929
40916
10939
24057
60011
66358
56887
91186
97478
58654
5511
61988
82728
29090
233
47801
19856
47681
61021
83200
33120
6971
25226
26988
83714
75060
44921
19826
27360
68533
10936
54351
70761
38442
17496
5823
62163
90213
44623
49287
18548
60762
44470
1101
89160
161
41836
87035
47918
35799
4274
94687
98827
19837
2670
23726
28389
46007
30088
96028
72841
16942
17263
96933
52518
55567
54965
43816
35312
78090
29422
58022
67262
64948
46518
58920
59852
56005
67400
12246
46137
46907
77960
35105
47914
82325
46073
55130
53413
3257
11527
59128
72151
56686
84703
12374
72687
57346
93106
34354
73249
35750
25398
52720
23652
65165
65093
73621
6740
36944
98492
91628
10992
65997
57117
95236
61341
27492
29613
32880
88066
8120
98775
1702
62761
38964
62055
55969
54980
32292
32496
28223
57062
72663
6919
37891
76998
66372
60741
65012
70880
52481
21960
38780
17140
83405
51443
9642
62148
90344
13066
30609
50618
27318
1623
76455
80256
91520
37992
44902
34118
23443
1070
96334
80544
18303
62687
39809
5637
62521
79541
71270
6033
92121
8493
83463
93827
18588
83401
19987
23936
29347
70606
85468
28527
47571
36967
8729
5627
49139
19552
98310
91988
43025
42924
91167
68302
23965
52352
6505
33312
67628
56629
86794
53254
92471
52298
13867
57535
60185
64447
95293
27920
88564
80123
3793
56480
84717
90887
85694
47290
14156
42833
93248
12494
8669
60586
7347
72304
60945
88393
47900
29303
57534
5317
7936
48191
24922
91295
90826
95687
29348
66166
938
55060
50172
64912
57201
89165
18182
36760
23638
37117
95947
51034
83316
2932
74423
38217
13769
90054
31356
70522
17624
68234
29901
9862
70920
66364
75269
12332
4227
73948
81950
34476
40409
22733
92698
2861
19322
53910
96573
62361
17087
59812
56720
96668
43874
72615
66912
61992
23105
7984
22909
12915
60063
68506
60572
1687
64739
68894
25653
69745
73079
21500
37445
15555
2794
1145
40141
33683
1838
36476
48434
73834
16795
94672
71387
28533
95754
87077
80311
50535
77147
7183
86836
66165
21552
46565
98024
30584
91152
13188
43756
32271
70916
89353
93531
37211
75229
24090
27512
51617
11148
31422
82245
17131
93577
51808
69389
77127
56141
62928
50300
57254
81208
48674
78081
9983
95595
55277
1747
18922
22799
62062
77256
39589
65868
72226
20479
30962
46803
63471
47736
72663
69685
9852
17559
7453
21897
37684
32997
65841
45866
168
72751
99078
86135
31657
64293
53137
86705
34802
43931
92779
68736
5692
37356
42323
40527
12072
48754
48330
55467
2201
43183
16469
40328
39159
62855
30878
30748
86125
42467
48884
7521
40875
14416
54822
97240
31813
25823
66283
30209
79826
84067
7293
86948
97839
29909
21978
63019
45433
6867
55298
6725
77718
39548
62876
61925
57677
12213
62481
43776
36361
30952
51342
27475
99707
63808
25062
98139
48341
97551
34478
6907
30511
3400
6592
19258
54149
48069
63641
14242
72439
34273
10746
36833
83688
64479
75050
82636
58272
24994
88339
73559
47626
2419
321
15551
71255
20446
72198
85088
33209
83541
37433
99551
90600
86827
2354
5538
79201
15738
39760
31250
38689
1311
38835
3808
64910
91160
66
6845
37455
69869
81829
87265
26384
48196
29964
25349
93951
40075
29575
76168
11025
93266
25740
74286
16606
81133
22293
47548
12352
26071
17375
53118
11544
22026
32908
84033
38761
14472
66625
15481
4443
22550
88904
63004
15513
30491
69007
6821
69748
73093
1416
58642
73886
74308
62696
39271
77807
38445
3496
34281
16419
84921
96038
89795
27546
15876
24485
2756
9912
67470
89032
29343
97570
86173
24763
714
45191
49625
66315
82496
4244
89902
88297
17759
71806
27085
97195
58954
48829
47372
31915
34728
39755
3490
42790
82051
19593
38732
32318
20010
3098
19626
79576
23695
42470
51170
75487
87562
74649
76860
43327
26036
17505
8133
59979
24429
73171
57357
10647
8727
15303
60040
37278
12473
12407
62225
13662
81661
516
11746
46103
68337
32050
53117
1744
66762
86471
80550
83378
7068
17711
87110
81611
25507
22491
16298
51500
29438
75421
98306
86411
78447
17389
81411
20194
27452
73736
63270
10158
12977
35980
65382
33777
16827
37853
53829
9649
50222
62563
22920
54
20993
44362
8119
2607
56269
21152
72094
23566
70929
65050
39342
96840
34513
58832
70972
61270
54002
70140
21537
39191
26079
31455
35449
44907
72615
43293
71172
17593
76765
27132
74056
24298
78391
83080
74669
13356
6384
4434
47680
53040
25094
83020
15344
90828
17597
79791
77204
70170
8538
8213
22819
33335
21608
27199
28698
89253
88374
96817
16442
12458
96247
38577
91623
85711
75488
69387
65386
51649
58574
89008
67984
67859
62846
88658
63145
66137
52275
58538
59593
69263
39988
67122
38507
17552
91467
61451
89993
40096
87655
28505
4581
50371
20410
27874
13219
90435
28572
42514
13357
91758
35366
7578
21518
77653
18616
30284
84855
57007
19348
51649
81277
8339
57408
20692
47033
91650
50952
67108
84262
7195
57594
81205
23175
41924
31880
44367
52990
26248
99401
69054
48022
46067
10424
44049
58682
68536
30484
10747
93596
83212
21374
37397
87087
18824
42495
89913
87021
55179
69951
13480
80082
31062
3631
16070
12575
53998
7936
86265
41176
99293
71497
57166
86118
14257
39045
80307
58933
91963
49298
78366
66071
80690
53812
72356
63872
84974
80592
97731
44264
82541
62065
76985
58796
21457
21958
52171
58669
4544
49250
2911
93615
97346
41083
38978
38971
7015
3948
92898
89022
1279
80371
94165
31752
11040
1171
2033
23694
3747
84467
6961
91849
22407
55357
94166
83316
68077
34432
34308
52689
33274
49518
34337
22501
84728
89983
37306
41431
309
85837
96478
79286
38882
40086
72000
74704
24854
20476
41177
62459
50345
99336
58660
6512
59929
14307
32384
16875
24136
11772
63505
87820
68892
16773
88064
34617
23806
47190
38550
30234
39291
58376
67589
29243
74534
26395
49184
33454
61716
19952
84477
74118
48831
72432
55706
35933
16676
57923
2773
20751
86692
52122
93555
73405
1991
20934
4122
25739
22420
54398
71191
96706
14586
18685
29945
61871
1450
88450
97747
77346
70523
47630
30270
38224
98181
54634
13749
98673
86790
8862
98103
76226
16321
24506
50889
93572
17753
86449
31857
95356
57594
57017
12572
37521
89457
7661
41977
51281
98447
82443
86075
50572
65450
20727
7707
83191
78939
27638
79188
51403
8257
62419
29509
46275
28125
37821
22131
24898
64948
16007
2244
30186
53585
54919
76453
25894
78240
22423
69221
51521
47987
91927
73240
22477
97089
94633
98773
79517
77058
67732
58615
96331
93333
74018
38944
43251
31866
17570
15601
35157
37816
1286
40916
22359
14520
51686
22131
60193
53255
87451
39038
98272
72408
87813
76744
73412
94272
62854
89098
79329
55033
14789
89375
22897
45472
62667
30182
88304
42647
5417
46724
40991
1475
28560
27968
40547
22831
63608
39652
4579
54247
49050
15266
36525
95997
55350
77677
36561
74824
97133
51612
5699
97120
70568
61707
91486
26116
69135
28761
79132
88276
28563
71307
19231
75639
71461
63623
60460
30134
86908
95610
97547
19071
91571
32627
25736
13923
90856
78886
84916
60280
98335
24522
50884
92920
31421
80187
98897
82240
68909
13048
58902
98578
3262
53894
70166
83603
92547
78860
18004
78734
70642
29237
23065
30991
59622
14833
3537
3049
94301
4979
26254
52048
5434
97108
37891
1279
17156
51407
7210
89940
28165
24996
19647
26767
47660
93814
21443
94199
16268
57484
63482
12885
1979
85107
92461
84343
79379
54778
53096
33134
45588
31637
75389
53553
28352
38651
84448
35511
42238
54536
71401
30657
98680
1148
20950
4365
36188
88377
29830
90660
36255
54185
74622
47790
39029
49878
64295
71448
20859
83536
22798
37525
55437
58059
58147
99033
64240
58238
79099
88928
99370
37989
26447
64133
12164
41631
20378
24716
46927
36913
39391
65529
86012
70882
27136
3990
10786
68125
26184
12049
19292
79346
10466
4027
60233
78037
62240
9962
13962
39805
57621
58488
10312
15398
30715
29986
45803
17456
19278
44746
68964
69501
84878
27446
84579
27799
47873
22094
91714
70024
53039
64002
35640
4288
55493
16866
78055
39891
57010
78755
143
32568
92205
86625
36696
75243
75661
87959
47724
61516
33455
23337
40250
52702
50420
3419
74517
85032
28960
13591
94451
31224
48892
14283
37903
20251
75445
3977
14215
95590
79291
52357
30942
23856
42339
70298
25755
56629
27013
43205
53288
61237
24127
51880
66292
49362
43664
7753
7633
97270
7997
28144
51639
50827
14064
4397
21503
74657
40788
65936
52329
44332
96730
30479
63447
28420
47447
28227
62832
57091
10692
73515
36029
33097
72637
23719
8751
85915
35778
69150
50199
82784
33593
59194
25037
28195
85354
30311
29034
69460
85505
32375
21422
12679
65968
34656
98522
66356
8842
81084
27927
81205
50601
42281
73133
6347
72969
3143
74829
7160
40011
27324
30312
20038
34291
56339
7221
35327
30314
73657
55919
93908
30876
53055
15860
7127
78363
66299
66088
52416
89659
13126
89968
19211
48948
25599
38135
88408
73699
17959
33549
30474
69353
85571
39651
19945
25931
65597
59952
9440
18512
46819
61102
15487
69062
48551
97438
39578
56093
79709
76064
64872
60138
23008
5244
33862
27941
72141
82812
8530
36044
6983
75695
93296
89630
83601
22728
11783
46113
9463
65052
69957
1148
83942
23656
50551
46814
19439
17001
7474
24981
83656
67426
52941
90775
27754
91866
48165
15197
25236
87994
92247
8579
56263
86707
63881
61257
48424
11287
88418
52501
50306
11387
12334
14959
86657
2524
92059
47236
44535
47094
88254
32611
57851
73806
85902
75523
15269
22474
66696
7515
48275
90803
17930
92648
80903
82778
37848
75467
63271
2416
37306
31816
28732
80781
90459
93096
39988
84074
3787
664
8000
36870
63006
12168
11062
26821
20268
86573
78863
15180
63279
57919
75530
79431
43880
45819
7016
91171
39930
85379
13327
26164
76717
16313
30823
44048
72620
90407
80031
61778
29512
6618
30473
26104
52627
78467
82873
34694
50725
83413
31850
9857
91675
39497
31962
7348
48467
62141
58761
19022
9265
64112
89182
3330
19581
27176
89826
84710
56226
14573
81059
14644
92944
95435
36242
56589
20156
64692
38597
12689
35547
14523
34774
8264
16650
3578
24738
97212
40873
99181
4074
86236
36124
32021
76022
51002
67753
22070
33645
22702
93212
95033
55455
18033
36165
1098
96763
40995
42969
93019
92345
78022
18541
63104
82897
32161
26431
56017
11586
51677
90413
32875
49004
49131
1467
62223
31670
62813
66929
62305
35657
83368
39162
14059
61075
136
41063
77656
38021
55580
96554
14681
52949
11494
7099
44867
87581
8716
62071
8014
1370
60634
57084
62616
79598
85789
46382
84128
33950
5033
93557
72779
49173
53877
2493
19139
26719
70778
9588
26323
4367
38423
89359
84621
74649
46735
95910
52068
44089
19626
59220
65425
59178
66800
84792
7858
94544
61585
59190
70855
4527
38528
9686
82036
40209
57875
15075
67138
43012
8965
63758
1149
21785
7604
36937
3255
49862
22724
32493
89667
29317
41177
67988
21403
44691
45409
49951
49883
78194
3720
82674
42756
31976
89441
9875
5914
71133
16996
10734
54726
56801
39243
14580
52533
36323
66740
49495
85399
9115
83842
71408
77025
82049
62428
74905
41675
12244
13772
21876
82738
12885
28448
94402
72951
37961
25997
23404
47551
48090
80296
28702
80529
7894
9547
76710
85339
30446
1142
44282
89646
19416
16491
52815
69981
44718
85072
71843
70209
57741
94545
692
96760
24727
30203
88038
56385
9362
30819
25025
33538
49799
51357
37265
17507
83267
26309
17637
91792
26489
7066
4336
70938
2238
74109
36939
28023
14283
65399
18224
85758
51871
8432
99233
69579
70650
98073
8383
58817
94947
82883
29363
81667
516
13701
66601
38874
649
86650
2896
67699
81508
42720
21499
96925
57355
19386
23811
39695
408
14159
49442
43040
47017
94506
66745
33357
11230
28248
90860
75191
79901
32045
11169
84067
2673
79903
1413
99480
45319
89640
58151
39748
25135
38825
80506
15191
82529
95010
57303
89958
83702
76891
8504
29801
22923
62718
99711
5854
68929
26170
96685
11396
54815
88353
68651
43872
5935
82667
89925
16060
93245
66866
48938
11107
99771
46227
46093
84326
93887
65363
61159
1819
55715
40632
79987
82712
66437
79244
89200
70044
55205
20798
43234
89478
13930
27072
60210
69564
21788
50986
82377
83590
47755
66581
35385
8465
9639
44832
79285
51916
29318
31311
39124
42126
56929
52616
32305
98574
90071
3220
71758
52745
67049
52036
27820
89919
22364
50889
82356
73335
32667
92090
67122
86039
83122
60434
14101
2220
11795
25552
53809
25736
6645
64597
22300
93823
37136
89129
15572
88585
46210
49943
89336
78756
23277
47148
82538
91247
25239
26076
77075
94735
24649
69437
30559
69197
53552
40202
46909
26358
44927
62689
5281
87835
40043
9606
72609
31055
51470
22814
74491
427
7237
47476
54766
98605
31634
89559
46524
17460
85978
22554
84399
5830
72807
64850
93808
82570
40616
61180
30417
85807
42380
70869
14789
87747
3819
36384
72035
44124
51421
22660
75527
85427
32896
93067
17296
37092
67415
88420
2691
30672
9573
81121
95494
87995
95990
49146
66982
30190
74807
22440
33810
47317
50201
73515
52413
98530
68626
40133
6208
50697
43004
52253
47030
258
37396
72956
31583
4618
38364
52627
64765
36834
75865
13523
99514
78830
92981
22196
80256
79607
79519
61231
4511
24810
18086
12420
48362
95127
95810
74548
84218
64787
26827
64167
13642
47126
5887
51624
21466
33342
54241
67557
81196
30826
6197
76976
45802
35999
93381
38464
43742
67623
76190
38192
44472
34221
33908
58430
56363
74306
21562
49486
22768
80348
65386
38405
27426
24529
77987
6254
83425
8256
30150
15000
175
12936
71353
66806
8854
71631
61508
21534
13024
27325
30039
88875
59357
80414
5537
96859
15681
21764
21882
20337
81827
60514
86458
60308
5727
7506
37152
43150
92116
54160
1260
22158
79207
18173
18149
40231
3550
59805
34324
9454
72806
88153
86215
81280
1934
48254
29903
73146
20106
32572
43714
55199
45329
15655
36122
36982
18655
45434
73876
6728
67732
21583
24498
30694
48370
37768
44474
34402
19043
87241
3252
93105
2385
66844
78864
78064
36044
24556
80413
14363
85192
34250
70419
34871
13308
76139
7690
52073
40036
82279
31489
61469
10400
2556
16920
67809
99634
41193
19158
39303
90020
78836
28965
26886
71808
58372
60496
12761
96406
43304
46636
49599
79322
72686
7116
1977
55043
35916
30891
20048
89165
98491
98790
68204
91128
73015
78975
73469
12262
52449
49147
59318
38401
88541
10245
59853
43955
39347
98025
80797
99372
2066
85626
46053
85280
82761
29805
53734
36102
65484
40795
93480
66970
96213
10051
84053
42812
41408
69542
18396
78223
91886
95913
42608
80763
81380
76694
53767
19947
95689
62011
66588
94383
24075
10665
50861
20571
10362
16502
74589
60230
67850
50780
77779
1804
90358
63129
26329
52877
9080
78317
91678
18540
65394
40990
93556
55440
94953
34455
59379
22598
11364
93956
49140
55966
74129
29624
96759
51625
57601
61320
52702
91298
82439
61454
58287
42018
99484
93990
35798
70570
82782
42164
45985
8828
51501
78620
2146
47938
28684
36840
47505
52966
23174
79142
36583
35257
51750
72200
65348
5005
95774
18498
48809
91226
34273
78831
82239
57788
20393
66028
15054
57907
32786
7260
39335
11938
41437
15746
5531
78480
27534
17098
16321
8459
89614
77120
58804
5088
45450
88087
40242
87204
76178
22276
67423
9230
97242
3521
93152
73754
15164
22571
3168
58472
22325
35875
73519
28891
46500
88432
19101
7163
99982
35900
12931
64723
91004
33043
82107
9235
96571
90567
34115
68303
61051
68719
69279
89119
21777
16131
47316
18269
47830
77825
53613
32586
5317
57835
48377
46249
81633
70855
21834
5090
65580
1086
35512
95456
25969
63005
45437
36947
60859
36695
39575
62159
28795
41185
49897
80107
38311
84501
46425
15972
2485
75120
96403
63960
37636
33716
73061
6859
92596
55558
29122
15940
90985
56912
31167
92657
23948
95744
15097
22943
37833
74216
45580
71619
49010
12028
19133
11349
82554
80183
79538
95215
79323
36023
75956
40018
40433
13084
7284
6337
1693
18413
78115
34532
44867
53043
98072
28326
1677
38299
77455
90935
25061
18360
59460
3179
98398
6431
92252
54074
10348
12842
64764
87998
11623
5558
65807
93656
9709
71237
92965
3883
21917
93788
49743
88191
21052
42790
16100
37983
46772
12111
9567
75644
80240
24233
62814
92456
57313
20459
77477
71899
13948
4845
9209
15314
14234
79886
43141
95883
15735
57742
97176
36938
68211
30452
57445
73431
46388
32297
17890
26397
99681
16858
6857
8141
99241
16122
22842
55001
18810
71935
71960
28697
32779
89632
63751
76394
23826
94973
14260
79594
23438
98711
88941
6525
10047
6228
25669
99467
69481
1980
48850
29087
7957
55870
77454
6730
25104
90892
26809
84606
28778
40571
52853
53619
18967
40388
33801
90534
69969
5157
56350
57621
52277
83841
24581
66436
22306
53532
38991
11995
29629
65344
76084
76229
62863
61594
9421
11539
4517
14654
76378
36951
63919
44191
82845
94186
93890
90551
80988
91430
72918
80870
1123
62860
67177
82762
91231
50463
23578
24780
98148
87463
99151
68339
77768
43472
92143
30063
78118
15464
69769
75279
84221
32933
95531
44395
30030
37724
42443
62491
34434
98379
71298
92862
42177
99088
3948
76116
77979
96047
21513
92452
5827
98672
99295
93400
86543
29919
21590
28187
78970
74986
60250
80642
26594
60998
67549
35296
84266
66219
38515
33104
64825
77844
41844
68047
62042
99200
2109
99071
97370
96851
10990
27077
53708
78549
29486
59372
40456
34930
64227
15776
12744
92056
890
85844
74346
82172
7749
53085
53713
90710
14488
39476
34052
58177
66699
4280
94445
76028
73756
75785
96666
55851
90602
93774
2656
81846
1914
8560
55795
97737
11382
19677
67504
30514
22025
15175
87380
53831
69124
82818
35585
58717
11484
83913
3744
71378
55370
3065
30970
95236
74761
32372
72061
97783
55228
3200
77118
10420
23365
17989
27089
21092
74383
34163
25970
84953
81349
7321
94720
60709
22969
29615
6972
1089
79934
12558
4719
63848
80942
36850
48801
62297
49989
25759
28995
29016
79748
95065
5190
77197
73262
4554
5089
67940
46254
33504
18031
42924
83792
61165
72622
92952
36932
35013
32321
89057
33854
60483
71503
9409
29209
90724
19779
17466
46319
91114
96426
32461
57346
98075
94968
58627
51030
19872
9731
81160
47380
30086
35397
17131
21513
80928
991
69759
65957
20547
59921
51773
41789
66472
60323
27360
31433
78958
30143
98983
26663
1718
96212
20150
21078
51941
32724
16757
43452
97189
66359
16336
52672
99876
82550
53302
83024
59828
30673
90330
94045
62217
48554
87573
59514
72958
5704
42338
13537
19408
11605
63456
21485
34562
24480
85748
65825
50903
75675
37092
57312
31643
45789
99997
66163
44507
67618
87853
9670
392
57926
72170
10603
30680
80974
91146
30165
67844
81984
58984
15838
51755
41349
41830
92066
79342
30254
99461
90178
76498
28204
90735
64674
96609
37142
13133
88171
39945
4071
17393
99018
45020
8190
39886
16047
43758
70748
86299
58702
11674
72809
58419
7714
77502
83856
7064
19685
96634
64446
44203
63609
99253
13063
61494
5090
70808
96577
98626
55498
96880
74631
78337
41532
23344
79415
20038
57961
6573
78613
9480
64486
1409
50821
78050
44204
27273
99957
90102
58262
67078
77777
33701
77350
49824
67405
80345
57985
69438
56734
52188
33999
49455
67361
85341
25724
68709
11699
60946
69530
44308
25495
42673
27068
45015
1364
42518
94684
93516
46772
14784
29206
60307
4806
85332
42698
98739
41084
89272
6430
13045
86734
94681
63866
42823
24853
71430
36459
27162
28465
23635
56512
53028
39364
55158
40400
33790
38900
71117
6834
50375
8845
59479
86435
66016
94493
43894
74596
51247
78614
43028
44505
65948
4560
70939
83852
18486
66244
3835
76903
13935
96913
56423
61149
92379
90267
79736
34850
57654
81543
39369
99215
99355
94177
49722
60415
19373
75798
28461
93396
3282
53562
34412
22515
24979
30148
129
83267
87134
10413
15580
40978
34948
29716
94928
31025
58427
80764
2038
53555
82493
69164
66569
3090
52967
36431
31113
97705
93659
95986
83832
72219
1918
12137
10816
43595
63515
21610
70603
18977
41086
10960
30377
22796
39962
35897
87470
24730
1764
57192
13105
35938
74453
52644
10126
37019
72651
50967
11140
94306
7689
368
1976
65879
75859
44322
88816
99873
58579
7938
67065
38470
67319
1421
75586
49043
7728
37184
27839
73498
76692
3998
23975
32431
48605
13677
23798
41322
30792
7609
86220
20488
279
87088
3916
54858
32047
54501
90333
85429
94299
96365
79564
98608
7335
86276
73224
33641
55238
51593
73413
85040
84621
11038
7578
84154
29269
37609
57699
96
78077
45430
31072
83005
66469
92403
65267
17684
39316
81778
15590
41511
22291
24938
16515
12417
97232
99062
41658
83469
53948
8213
8927
90589
63438
95528
76713
23492
73341
95383
80244
79068
37770
50669
16704
34080
45140
81687
57936
3763
46433
46953
88203
80312
43036
9945
75326
38456
45745
60610
53720
45215
86323
83299
91757
15967
47383
54685
46068
66156
39606
74040
76010
71390
20431
87806
50604
80402
80450
91198
64832
98985
63990
58059
90285
84903
49973
4091
24286
71701
56203
20873
20419
70976
32874
14931
41104
83352
23464
72956
59516
87986
66847
78986
13411
50150
38572
66794
3781
25074
36689
28135
57861
52757
82580
26839
61866
16596
85406
67183
2626
70649
37340
60553
31002
96687
25249
3077
54471
51335
27618
89317
26144
35766
39320
2927
9793
83029
69986
28399
74
91199
83489
86931
94526
34551
63674
1453
10468
67520
59127
84693
85994
48386
41670
95140
11133
7212
69368
45753
25650
268
12388
4632
55296
70681
79394
85734
75395
19402
78064
82575
28603
14588
68720
98497
21323
17551
79752
60878
76123
31753
55265
74605
97206
12594
94280
87289
35404
32887
22288
75696
62833
39624
12014
74294
38012
14106
13147
87344
52969
10597
66006
28265
13208
76582
18496
49969
22860
89278
92286
45912
8173
34193
50842
15095
11910
50889
40322
63176
87656
22353
64520
65449
67172
75162
49664
75390
52565
1753
86661
5803
78164
87878
62741
59070
41314
5631
31568
23075
69346
48323
91869
68301
4828
61560
61060
96980
94747
12773
21301
1874
8015
73176
53120
98629
86988
98242
90651
37904
80938
54998
18656
91993
75683
11630
4235
88588
62168
41254
68512
63127
19980
31390
89091
85261
15431
38748
40927
32899
14004
20328
16832
20501
47555
93934
35832
46082
83304
72864
32734
69996
50587
42386
47914
27609
48406
87708
79290
21173
30426
93851
9969
1038
12202
69840
49139
33942
80014
77951
54761
6372
74449
97649
24899
21843
4580
5907
60657
60354
13497
59317
26505
5043
36136
19692
49637
72588
30029
85488
98466
77784
37160
4638
67394
73063
5212
67607
8010
20682
6097
44128
64932
70104
86195
23296
99710
24780
22864
17669
8106
3236
95069
3488
17213
33155
90450
88228
88016
57744
56265
85418
83329
46358
37027
33136
46835
11810
1987
72405
30889
58920
66481
74879
44815
74846
37592
48470
24530
66494
8009
34086
11523
34632
94454
73025
80856
53183
61047
29242
5483
68423
44393
73291
44441
56909
79274
87792
83460
28127
30654
39050
79249
71408
77741
27869
5899
56950
47810
42738
2750
62475
71022
5557
75133
16335
54563
48280
89788
40580
2489
93167
75286
51856
62893
47602
37833
86623
93149
44542
76021
45567
26957
15252
50977
62530
38085
73464
30614
25344
96145
31828
50402
11538
8511
95186
23222
888
7364
55078
69192
1555
29528
86657
38162
67980
61813
34271
39601
76267
95132
35546
50631
74977
15632
70485
49370
80447
96858
52914
6738
50844
34531
61596
30750
52883
15069
20542
36304
24675
13882
15593
56957
2509
85970
11027
92766
40249
78562
64562
5778
10386
30824
5669
80569
39909
70280
5036
14138
95078
17802
69354
31358
6219
18554
97898
25363
67215
70886
84856
71434
40240
80612
97475
61849
16881
30089
80290
14298
70425
70547
24268
79690
46099
33120
52606
51883
52908
81172
53913
14115
65335
61015
73089
34074
54924
74741
70175
63040
37253
96028
56576
34533
18432
43170
46612
72638
3712
14748
70288
99719
96683
57064
44652
75547
44237
89444
53989
70622
10420
20212
8348
57940
26675
13952
32790
13671
13247
75028
95162
36101
27349
78047
15158
99071
1041
91700
90522
47212
18392
38284
29499
75107
4368
46401
27922
69445
27459
41684
83803
71953
17631
70313
5046
38157
28952
44070
33225
30820
52005
13175
27707
38882
60287
2477
76539
20090
44262
45402
16919
16161
87195
79031
50182
88240
582
92319
63518
68294
14770
26449
68798
45572
38220
12433
42598
70767
49448
98695
43066
60593
78429
10303
50083
54648
51300
43912
21869
5525
39004
59957
26218
88255
90920
93503
13582
65198
78031
17761
70001
22720
12476
52858
82960
61111
75676
69614
81420
8185
63427
3461
36329
14478
88743
34699
91729
70374
48578
93551
59726
19473
99636
21796
91412
59557
14016
43619
4596
26651
298
20007
85994
81458
23168
15695
78512
24618
28142
6399
30857
41003
57223
29472
94135
7676
41059
67419
85733
85740
32891
42338
85982
68172
42543
30120
12915
31539
79105
85955
70009
91321
61784
54769
73577
60668
62206
98672
3967
20446
73697
98405
42267
21637
71638
20406
63395
51674
22545
67696
36127
29546
61487
99586
50971
90312
49324
2431
45673
65801
68941
56960
69308
56167
35127
26688
87726
34495
5078
96574
20603
14514
3128
90366
90532
40679
18415
38313
32525
28904
15026
169
85055
76001
98716
14413
59623
44644
85484
96107
15509
81864
82435
14905
76382
72677
80265
16882
88826
71673
85193
85752
84294
25639
60048
34188
36067
74258
80178
10520
33782
27142
81957
15077
61958
95728
92836
61669
45921
68161
98157
95883
70007
15919
94979
85550
41661
61523
60781
64458
42604
26540
12502
51934
39904
50811
2475
16431
11929
72837
59615
40899
95709
43477
72394
60647
7283
46583
24550
57706
31145
52381
89009
93599
51408
18558
61966
27103
20987
8658
3844
92357
33156
9656
93309
4304
85127
85136
48616
96293
54821
79841
81175
96842
1378
40276
24386
63404
50470
40950
78274
44602
56640
27002
87127
90408
98239
71189
18723
43309
41079
34753
49324
87109
42626
44283
79390
72047
73885
51013
81895
53040
54279
85796
49241
51150
86693
92611
36108
2646
75488
11278
5913
71479
36325
25303
85119
60037
3556
80885
95170
81686
23250
42176
57159
89768
71463
39287
62330
20826
52993
74618
20520
4046
21599
34128
44741
62222
27366
10274
54664
39364
28128
44542
42698
80416
36952
35157
79306
96278
71487
19997
24939
20509
54154
35184
81876
46736
78098
25291
34032
70833
50963
89104
80684
28578
98829
91652
46652
84746
68358
1106
54518
11030
74310
65830
25877
53301
96217
89907
20471
63867
45905
48173
90527
8991
87873
81679
68756
55549
21155
21847
51616
82068
90899
36997
47826
44009
46450
1792
95773
46051
25508
69297
88374
78637
18002
36710
56218
1143
15337
84720
63110
40180
47289
1606
58333
74589
27414
29439
81381
20845
99194
8763
43146
98436
92258
33403
12730
29605
4813
95205
71080
66359
60128
71809
23401
30535
84997
15039
29145
36900
6534
29231
92535
57186
44983
90758
67333
50104
43274
70080
5097
58210
72536
80184
64047
45472
36319
80722
53477
35509
61502
2290
62557
80360
89755
27490
13998
76838
28445
80432
78195
4350
45619
18605
70539
1316
17643
95343
11031
95759
5691
93200
78079
54171
30684
32269
558
68776
84362
59592
59153
66393
96997
35655
40124
9973
24883
53234
41989
73130
41372
39929
66023
27205
95693
11596
24256
61018
25558
65952
35764
28003
68747
15825
3784
58841
75782
10042
84391
43068
59491
48703
9536
14225
15235
292
20870
97183
99402
2355
3599
11473
35106
38682
35221
98359
7093
61610
82713
64549
31030
31418
35035
74290
75577
69378
36738
49690
55511
93248
90
39357
39339
94230
26481
92734
82039
25162
98426
31205
96
71940
47883
7325
84557
69012
39390
23478
26572
20042
87699
60228
86989
93211
97004
58366
70
61827
71343
93184
88429
25214
46600
48714
30657
82157
97125
50367
66881
40663
80888
12199
33747
93286
38297
1869
2815
83430
21121
22561
70001
31241
95407
9079
46683
5573
15175
91334
34480
99188
54830
43082
73034
36564
42928
25795
69253
53061
35962
26260
60994
35693
54529
36677
96133
96247
23897
26977
55735
90672
75838
92216
9540
88425
73038
99550
79454
60920
19469
31402
9177
58358
63488
73209
93421
63266
78962
94440
54519
33053
62898
12381
41208
71724
52851
73791
79381
43193
66443
67353
98165
94066
78901
92572
79174
3177
75087
61594
54904
6194
28860
55211
92704
60008
79011
53675
24375
68712
81071
34714
36984
95413
68717
46171
24165
46642
36720
67478
77571
139
49456
69526
21434
2349
9319
96523
58358
68713
26931
32777
18664
41109
6039
53736
31845
97450
28569
9186
24582
79815
82661
12280
8679
26189
22441
86829
12105
30977
21527
21353
48368
69581
92871
18199
45924
26208
93330
89607
55668
20329
17528
57773
73103
54432
10043
96257
78729
34877
99457
68029
76124
69022
33814
5506
54596
64197
98504
4563
12674
71800
95305
88408
87546
1120
63856
45244
13781
32555
888
44720
59616
93066
55904
19366
62155
22163
97961
57398
72779
5663
62364
87676
55800
70605
91649
74392
56016
79070
89641
67629
20754
97815
97157
95971
10947
6307
73292
50022
96269
66542
58233
12932
20603
23915
80138
35058
24350
47726
61602
55560
48075
15826
55464
38240
43995
7829
42407
30075
16041
93271
4748
29820
60344
6911
73291
31499
56170
67510
22810
98867
92010
27850
18963
59781
67203
38860
73846
62227
69159
58002
72709
32598
76809
7798
96871
2600
77379
82197
92390
5450
41361
67376
45617
57695
916
44207
6331
20623
46416
96281
56058
7557
64910
37918
16616
94578
699
24077
42341
94664
67878
39998
75667
90560
78342
20361
26456
18100
78162
66157
76960
80581
93255
32906
35801
90390
8294
40359
24373
94319
70100
49581
32844
57084
97240
94730
81079
90155
51360
30959
94646
47921
88156
37010
394
27782
64993
30413
71388
24100
15783
19389
44244
79308
69420
8612
86147
85410
26543
7719
1050
36396
50422
80721
5872
66614
51208
68846
20480
99345
67891
62033
43433
90383
10344
3278
13292
73416
39770
91393
37073
8825
12451
6981
71427
47232
5662
84190
38319
40065
30478
2352
89865
43364
83158
39365
7847
99093
27135
10827
22884
60514
73269
19571
99422
95777
11146
31219
96856
391
33041
31077
99801
78866
28548
37798
90219
93536
34143
94808
19518
28277
38755
69377
57090
40857
67796
11593
18576
22808
63515
56768
71010
59264
34245
47925
98998
41543
94626
16896
1071
3394
37063
79193
83091
6031
86284
93279
19630
12940
74319
88339
18830
5533
35247
14042
88998
59851
49233
96190
28939
35167
799
15405
12794
43019
13924
31256
60239
25121
86609
19957
23151
89818
58491
36350
96000
46096
22330
24112
49547
47396
91116
43469
99681
38394
29552
74107
93683
75096
94188
88291
697
20875
1192
90066
29260
48193
37232
22971
30283
240
85558
11059
14778
54349
73229
75795
45630
61814
33487
13434
15395
9737
53112
31784
42102
31530
80136
80228
90187
59394
63973
19448
42776
93690
15895
22256
68344
29572
67275
74462
42
22514
82833
66200
89519
62557
37053
5496
33743
43424
72777
43004
65237
14746
92466
63044
16814
69551
56471
61110
79246
62088
41661
86493
91530
12910
56237
89893
87359
63699
12628
55489
67530
11209
16962
74150
73646
16489
85740
31470
56690
53678
4234
95958
50848
26135
95866
12223
29319
30025
15323
72880
29082
48618
97619
53747
97711
59526
6185
1716
34240
57870
45387
8453
99949
98229
39242
34620
47960
23537
98841
63379
67048
50048
88241
15624
12999
93152
93776
21851
59395
64790
2454
67955
47729
1096
80455
16344
81253
43651
35307
61050
48188
72278
23313
70345
77202
93780
46375
69147
46092
29206
86660
89129
37455
77239
79775
98162
28871
70454
22005
48855
54306
85880
32807
62333
14162
92323
53177
14894
33038
70052
45620
345
93553
37929
60325
25325
99258
71592
47835
44674
65194
90071
37805
36496
36905
92658
49970
12309
37538
49112
21768
11987
92130
52494
25038
50256
85597
6106
15273
60885
49289
7017
64867
82863
45697
38730
23175
26801
87843
76336
56742
49968
91474
91764
37173
91686
19925
945
28396
14096
50647
74726
61641
8304
5477
60248
30251
71435
64722
73421
77176
94923
4470
51954
42552
90175
16395
23798
375
758
44623
96396
7974
93800
78565
17965
33243
49709
55508
25044
844
72259
65446
12960
48376
58252
96138
35574
83455
61934
68626
69020
81893
79378
34934
47743
755
76486
99119
69678
75093
16955
56861
52733
40061
14055
3618
45251
18271
80356
8932
44124
65811
92015
943
11111
17782
33482
38545
90505
8649
28698
99996
73064
7088
87625
58663
91793
88980
50534
71182
23795
84962
68608
84397
91970
95242
3151
38377
55605
64449
62283
5671
48424
7391
74866
65139
51194
18434
19975
68954
17008
58953
65966
48816
29232
85018
63921
28363
52391
2204
90237
9638
55332
47613
70
56320
539
44814
24383
83706
78179
98498
65282
85596
67928
40498
35022
24465
71513
69724
32836
1862
36107
41952
56970
19471
32340
11457
92392
27554
34305
49802
53454
75449
28129
42503
4555
32469
26760
32711
28343
45814
44077
92609
91722
75876
25644
34508
92099
19689
12261
27589
56418
98996
90650
68940
27022
94583
42485
27655
82832
59818
31232
52158
94390
36615
11371
45438
93649
108
80842
30231
27511
92796
89812
73502
87682
98269
49861
11691
75023
4283
95324
20475
56640
42084
18078
38511
84763
76842
81585
54860
84904
41445
56994
58777
45494
97614
18017
44932
51511
60901
3743
70557
6944
29164
22774
22425
46474
63593
99745
74193
3348
33672
44544
20672
52318
51030
59478
12776
89967
65288
84330
56334
10096
26834
12649
40922
51919
50160
60771
15096
73374
11169
96617
77561
28241
64838
95829
64403
90467
93607
10947
95100
82289
1455
47344
7507
82269
40331
70402
23096
67692
80655
96352
80431
8073
65041
95605
57089
55168
31500
85361
35386
92516
34462
25832
42604
18282
22379
90961
31499
36683
15480
24520
67567
87942
73808
29261
69621
81660
55298
994
73406
94066
21985
85105
99470
55858
26883
6916
85902
34858
75170
2795
83307
38635
86974
8954
87861
73131
19066
19208
25025
7492
10906
26993
22855
36212
26219
94069
26468
32827
35899
88695
53242
94143
59197
6975
92875
3115
28646
85816
27681
47147
78291
35090
53034
28658
76033
86945
97332
92565
52051
71612
49941
61742
88943
84831
23046
68729
24865
91082
77442
12762
43799
59936
8364
60469
98627
20361
1894
95796
15676
592
77403
22533
39934
51429
38423
8634
48773
62652
35017
99751
98486
91980
74792
30855
31286
26385
79594
50583
96113
74891
89422
69337
9908
26749
53716
34451
95539
12719
71488
47406
55141
81420
53499
42583
31811
33700
26290
44673
48684
99051
26741
85409
53828
38585
55352
48209
30640
1704
5462
16046
64315
27577
38089
95897
12308
30223
67827
10329
98094
44145
1080
12952
41567
38413
74658
36098
20226
56752
67035
57353
88437
17103
85623
54660
20635
29825
1992
19819
10459
12034
22855
88380
14015
54610
66610
91193
50839
93140
65640
69640
1619
78384
44686
91218
16652
1745
83022
37220
51419
78760
99987
98129
58944
81479
46543
67150
12477
65734
52437
88117
5273
50945
50335
85507
44158
21656
74376
73978
85467
56590
67507
6623
37922
99243
34499
33820
9387
72474
58913
14815
26223
25388
82905
94938
25454
2387
22621
9889
21162
81127
67873
24655
20489
45092
26525
79810
39287
32490
37326
8538
32450
34300
64660
70046
69564
45058
82710
24887
45116
57063
93594
19442
14589
69532
86190
15586
87934
86323
39682
9756
71008
8804
11434
64506
75916
95404
46273
89209
31114
87241
13025
55451
42699
25599
41228
46789
86528
57814
30567
8674
67488
89337
14809
79838
59110
96728
87344
29835
68112
61543
28956
79232
2945
52510
84434
46453
76960
44887
99019
78793
31288
7795
62755
71644
92342
85973
48378
16693
93198
68485
55798
34845
52725
8527
15583
12097
64264
38049
5953
30900
49540
58320
39981
59852
81420
76116
2585
87520
83559
94471
68860
8240
20703
83530
35027
83229
90531
47520
46526
42924
79558
2705
75939
22248
4349
82921
49066
94141
29125
70038
85056
30366
4827
88493
62165
65791
16290
50598
81853
77308
59296
79867
72403
8176
34721
85453
47601
38079
20691
16607
17849
72557
8168
89753
85071
4132
22296
68103
82812
18289
43452
32759
71341
19751
24884
16799
95922
5820
70305
32468
28896
71
98572
60180
51920
54696
79645
48157
67101
56704
10085
8915
15465
67061
1781
89726
33497
66575
84676
81545
95445
4286
80909
35525
47977
12337
98671
62436
56070
83360
71435
63
79489
76483
15849
54704
89555
96473
99892
57368
36696
68866
31385
12762
30608
33381
97548
15487
24353
57547
483
20656
20051
84578
71385
43871
27187
32412
86028
81086
66736
92525
15135
42661
62305
67088
78361
62673
85757
84194
59940
5856
55777
27845
80783
3702
90926
65758
54381
1723
73480
99288
6004
20955
53304
38783
23006
41637
19243
18662
90635
59180
75505
62146
78558
73065
80350
94252
51451
3382
89901
32067
87855
30164
25688
30631
5544
60999
69601
12959
40505
35893
51245
56116
26583
45386
68419
75636
23839
27127
36369
28145
55917
95918
91847
51871
8038
47784
80410
42233
36816
77759
11491
92476
39060
5013
62237
63274
18211
2027
21387
1993
5774
45322
66127
14113
98573
36830
38356
29538
49241
11349
61733
83195
85553
8805
63348
65124
55257
68867
72788
73526
81686
46925
32671
54221
67028
43233
68465
73645
49696
71588
85003
48858
20110
83004
95857
90174
30900
34517
94508
10919
61869
74496
76488
66279
39384
55216
14135
21426
1014
78171
46093
65027
13231
10111
30178
76983
43597
61306
243
80496
69024
63345
64385
47796
7960
85322
56272
61324
85326
32145
75369
30469
86204
85751
21977
23442
80960
54351
26256
47912
13405
61327
52451
80928
95034
12021
42635
65977
71361
21247
51619
57172
76033
72914
8941
71286
39245
5268
77614
44457
45371
59890
46797
96923
3013
67130
77657
13438
93835
3714
74720
13286
38767
25728
38648
71022
54264
60943
23066
66227
23855
39537
38338
55192
39749
34087
95504
6208
71180
62810
15850
58423
72793
35222
14520
71786
69544
55050
61158
40490
41560
47913
30822
39020
94315
40652
55115
33964
30791
1582
35503
15654
20088
29006
21678
31484
139
51537
24361
84979
31861
27357
92164
36469
83882
22783
51752
12976
90278
78886
84706
12534
49511
18917
63906
83067
37137
71669
84797
77722
17321
84049
14923
99409
24539
97144
15689
63040
18868
66351
81336
92782
12968
8124
73277
97443
40397
81804
55167
49231
91390
462
65932
59202
14009
10517
52628
26834
26273
46234
52716
8313
2845
43992
10637
48116
23447
47726
14418
81316
3135
8673
81438
36561
84421
12375
53267
91010
93090
26109
32444
54822
10128
74562
67876
72015
94893
3801
73693
44625
33468
6203
98298
26343
98180
31523
48565
55919
39471
73521
33610
37897
21964
12231
12185
10556
94381
80399
6152
95889
45546
49395
38431
9366
12796
79426
57355
64252
88483
85202
56572
99737
68641
77337
81030
70598
92316
58579
43619
28034
57152
2079
34543
73294
31675
65346
4939
72592
30879
59586
78588
60048
63171
56428
97225
78077
29283
28015
97408
34793
78331
19455
87025
26408
61712
35955
82161
27030
54247
57159
63480
24142
93548
42522
40323
22675
44812
83697
29172
98795
91195
59154
19181
29439
84015
15498
63673
15165
2179
89512
47491
22326
37046
58528
27292
62528
80777
33225
19353
81845
80324
13791
90291
42098
40498
56865
94118
41273
59520
81012
85170
88815
30594
51902
32765
52031
91598
65836
12687
45717
17854
29453
45236
9316
80947
59797
86846
84096
6637
92955
41088
79173
23124
36763
68020
83406
47826
94357
95318
33183
19414
7435
33351
53244
64466
45351
49835
73775
22270
8499
6475
31302
18900
80863
41043
92690
73586
58879
20629
96233
7387
86058
72389
90565
38933
38012
11579
45923
25484
9652
21557
11813
40686
407
72306
40848
62733
3244
58871
75407
8673
40894
94541
87950
26147
27325
47137
80320
74803
20444
14339
89658
45715
34645
52680
67509
4041
91361
63241
5744
70721
2880
70530
46795
17832
53591
73203
87693
73555
60269
75713
37343
88854
5901
98966
44463
56781
34631
81149
51022
46454
12878
21224
94899
24181
67868
1322
32373
91087
8746
21501
86133
37008
77816
87101
18770
90757
2731
32938
33490
1314
96522
87082
98496
79101
91872
2021
58696
22577
2781
15176
5373
6556
60789
68802
71604
30946
51295
72458
60358
18184
73047
88567
12306
56057
125
10790
30136
46596
48852
39032
97887
3228
79459
85105
21233
73943
85207
65914
84857
17007
66495
65152
14828
60484
90735
77555
81373
83224
70558
50984
23015
8850
87145
53879
231
45180
8045
70046
3359
49029
89264
99132
4245
91040
21945
38454
46162
49538
39795
58198
46339
42792
73198
12231
36443
33615
51038
16826
92911
87226
82234
85380
6296
97551
68382
35998
33301
70554
18122
78980
33479
59721
39649
82710
46803
5550
33259
97434
17539
84064
7571
15672
99045
93403
99433
63292
92554
80443
2721
65272
60457
94693
73650
26079
98106
73342
17945
49835
18427
42130
16019
40632
75726
20334
88326
13767
66969
16678
60729
90588
10437
10161
44119
71424
15551
80616
59856
74079
23802
60810
35928
83179
43659
59258
52199
54328
15467
46976
20407
72126
89881
42500
54441
87162
99734
7254
85440
36365
57287
90697
88163
75580
85526
7699
50496
5774
66417
12559
40068
20401
52522
29211
2628
49205
78709
92538
69047
96847
15213
98451
20474
34135
38160
30736
68234
69099
44318
69440
61069
58090
990
55702
28490
22778
17880
264
74988
8290
18556
28176
12900
14481
26714
27438
25732
41749
52360
8100
49700
25828
88960
47577
17376
38071
70430
56663
82936
12938
53702
26797
89135
32061
57852
1677
83565
64374
42699
42319
9597
93757
58943
84716
87664
32127
68714
69860
42552
97643
66339
21465
96141
33528
59074
32529
30411
6141
11653
37592
53202
60151
84815
93820
92357
82279
36515
91183
99084
21617
18701
8328
84499
26334
20026
12066
46248
36443
28219
98268
16064
26360
72934
49591
8466
35658
757
80476
76923
91369
5157
63411
2873
77362
63767
99468
79120
78215
29523
90490
84264
1290
64736
85460
86092
4389
23245
52818
74252
52358
60332
17974
58173
66427
19090
91648
21428
73594
63544
22232
50734
32379
5276
54824
44779
7740
72897
58240
3214
11101
94698
2288
11903
40993
79587
31825
26442
1139
50169
35165
10045
68382
80285
70770
49965
19956
37285
86611
26066
79464
37291
84967
11014
56788
80748
74616
79050
92500
80138
6389
32897
25001
75402
145
23987
23799
60087
76417
66540
55079
96829
1698
97402
34917
59535
3793
19698
98371
83521
11633
75244
29109
69838
74088
58946
86803
4020
18082
42229
67450
84243
51117
71145
2091
5746
30267
33444
11018
36090
93700
94738
64833
21081
98657
92804
64187
40480
58833
81228
45609
99333
54808
76354
36544
5314
49532
46339
17272
36468
33286
76269
63055
3965
61447
2564
55364
27394
82640
7664
60316
62606
21720
12092
68897
51725
75994
98201
24638
85522
57621
95577
25605
64434
67882
98677
28489
38982
76577
41607
86820
32429
79365
19408
66001
52711
2755
6420
39891
23579
19823
19449
42061
54834
75071
50475
360
4794
54542
35611
44912
93540
18170
20123
55191
87590
55366
33188
44368
73146
47929
62096
6645
77053
31549
70080
99394
50993
87585
7448
92376
63132
73624
27198
97499
89798
42616
34718
63252
34495
42427
8681
68048
12279
44161
81425
40127
82979
36172
81935
51030
53951
36227
76221
48141
59142
48912
6652
17153
37628
28738
12016
13107
78405
30315
85599
64232
51627
48003
3989
90663
47868
36771
37731
64446
24201
20843
95035
71774
59369
98461
10486
80538
58291
1408
1327
64331
81896
88637
56357
40687
15015
73221
68572
62501
72694
56169
87516
56403
84576
20225
77457
28449
24529
3878
68234
51739
33532
44535
54746
48594
29238
1272
22586
57916
6840
41518
82116
86480
41473
53317
37689
82090
72850
26538
49021
6381
25840
88337
22102
87900
71077
68208
50833
35104
87871
6402
38556
83974
90031
82438
83469
87357
75948
59869
58393
66108
27374
83727
59646
49562
64787
14790
1594
39060
4477
57714
28978
14219
1010
84035
89580
90916
55386
86482
1461
56486
59333
52473
92475
62367
48739
89046
404
10239
97258
33292
70773
62907
40563
24386
78620
35659
24285
84706
68263
98285
25000
17403
20411
10016
28860
71360
35582
43177
12576
74983
84925
51090
38595
97386
28295
8198
33942
82377
62927
17654
51120
67878
41710
87736
65129
32488
80094
54338
21471
69368
37825
57459
78644
31175
33400
39530
87278
32935
29261
62221
3318
71693
9641
30308
45401
16501
29854
4636
42570
67806
72191
82596
42654
57130
24066
34547
21743
47903
85061
85984
79610
71369
88646
52392
87872
24277
70922
50475
83208
55096
25303
51184
93628
16678
16538
28925
4840
38011
71746
14719
15262
36245
36386
12840
64277
14616
92467
50124
38181
46921
83696
92675
7564
4371
4440
15243
71437
91142
17584
86915
36299
45875
7518
16848
78642
22513
72207
7451
36655
29915
79634
30673
39891
76655
47610
23203
37460
8432
39904
77540
93291
76773
4351
13037
70423
47256
81686
32700
19033
4505
10826
41776
2678
75192
56065
96815
57145
39950
41288
9728
65934
20405
51822
8242
615
23467
97703
72275
87387
10323
8234
81689
22210
22803
88082
32861
27867
39096
35169
26171
33062
75213
84440
82836
1994
42088
38337
83212
57040
70878
66662
5324
21477
19305
48439
5120
76252
56585
13223
82234
19178
13792
83087
29358
5481
24884
72234
41588
43286
48017
44951
49577
3219
28517
1275
75918
83013
66
59900
2887
77111
58687
36679
27325
93909
89271
58731
84413
91089
17801
75260
78903
92482
32407
88273
52672
69184
84775
39686
16016
52650
14789
18522
26021
90080
66206
20530
50366
7209
22758
37332
6144
72366
30675
61453
46997
62845
87552
84652
12872
67463
54252
21125
17226
68898
99800
2063
2065
59400
57004
678
3763
28406
58418
26889
74959
48878
95482
54237
3076
21653
30901
43433
96120
56310
79418
80216
4787
35325
85859
90042
20833
46012
33136
30210
90260
