809829534 661682043 303975835 832991802 673223570 674505927 930686664 629637911 273829582 89015264
841813735 297272351 99793946 652683344 238395643 140097515 660738868 3580428 430071795 739058194
492084968 150489078 618951771 194068739 10382585 639965505 994517793 770880036 963554400 634082554
45374563 28601213 946159918 19738840 355664207 997924691 591803380 107319484 108550162 357512155
226846022 918052462 596333563 633818082 302605411 480792778 711218002 744975479 661891184 503193844
541474277 803486096 2351480 318906397 489259196 346763006 79260688 642273734 841837571 681218646
887620706 26485146 37181535 682365971 677592177 988950788 241389821 103648121 359764994 141715796
358161272 832540540 806045125 149834588 646874769 89682156 197626573 194553808 742096752 847947248
21721060 891465880 811420770 229928941 387333379 253185543 422120184 537281267 868835833 792744175
747263065 51869853 342789275 74153639 314138451 433335243 718345636 785149575 141724175 66207216
