10
2351480 37181535 806045125 811420770 342789275 303975835 99793946 618951771 946159918 596333563
318906397 682365971 149834588 229928941 74153639 832991802 652683344 194068739 19738840 633818082
489259196 677592177 646874769 387333379 314138451 673223570 238395643 10382585 355664207 302605411
346763006 988950788 89682156 253185543 433335243 674505927 140097515 639965505 997924691 480792778
79260688 241389821 197626573 422120184 718345636 930686664 660738868 994517793 591803380 711218002
642273734 103648121 194553808 537281267 785149575 629637911 3580428 770880036 107319484 744975479
841837571 359764994 742096752 868835833 141724175 273829582 430071795 963554400 108550162 661891184
681218646 141715796 847947248 792744175 66207216 89015264 739058194 634082554 357512155 503193844
541474277 887620706 358161272 21721060 747263065 809829534 841813735 492084968 45374563 226846022
803486096 26485146 832540540 891465880 51869853 661682043 297272351 150489078 28601213 918052462
10
3 3
3 4
1
2 3
2 4
3 2
1
1
2 4
2 7
