Ä„Ä 10968 0.0123669353611 -6.3373681581
ÄÄ„ 10915 0.0123071753708 -6.344356504
ÁöÑ 10829 0.0122102063298 -6.35576861038
ÄÄ‚ 4837 0.00545394477951 -7.51848419144
Ä‚Ä 4798 0.00540997044699 -7.53016357159
‰∏Ä 4755 0.00536148592652 -7.54315138813
ºåÂ 4126 0.00465225887126 -7.747852908
ÊòØ 4072 0.00459137133392 -7.76685916781
Âú® 3750 0.00422830120388 -7.88570613361
‰∫Ü 3343 0.00376938957989 -8.05145337426
Ëøô 3147 0.0035483903703 -8.13861955058
ºå‰ 3076 0.00346833453417 -8.17154122592
öÑÂ 2846 0.003208998727 -8.28366106736
‰∏™ 2526 0.00284818369093 -8.45574209009
ºåÊ 2447 0.00275910747891 -8.5015826278
Êúâ 2441 0.00275234219698 -8.5051244341
‰∏ç 2378 0.00268130673675 -8.54284801414
‰∫∫ 2185 0.00246369016813 -8.66496344949
Êàë 2067 0.00233063962358 -8.74505834046
‰ªñ 1988 0.00224156341155 -8.80127897232
öÑÊ 1986 0.00223930831758 -8.80273110635
Âà∞ 1930 0.00217616568626 -8.84399588173
ÄÄÂ 1827 0.00206002834653 -8.92312009525
‰∏≠ 1826 0.00205890079954 -8.9239099639
Ä‰∏ 1771 0.00199688571522 -8.96803251713
‰ª¨ 1754 0.00197771741643 -8.98194798144
ºåË 1733 0.00195403892969 -8.99932507472
‰∏ä 1679 0.00189315139235 -9.04499449894
ÄúÂ 1594 0.0017973098984 -9.11994509989
Êó∂ 1573 0.00177363141166 -9.13907805847
ÄúÊ 1534 0.00172965707913 -9.17529824638
∏Ä‰ 1522 0.00171612651528 -9.18662837038
ÈÇ£ 1513 0.00170597859239 -9.19518474166
öÑ‰ 1495 0.00168568274661 -9.2124512448
Âú∞ 1490 0.00168004501168 -9.21728439853
Â§ß 1488 0.0016777899177 -9.21922220277
ºåÁ 1486 0.00167553482372 -9.22116261334
ËØ¥ 1396 0.00157405559483 -9.31129778767
Êù• 1394 0.00157180050086 -9.31336616801
öÑÁ 1367 0.00154135673219 -9.34158348628
ÁùÄ 1322 0.00149061711774 -9.38987455237
‰Ω† 1319 0.00148723447678 -9.39315216463
Áúã 1319 0.00148723447678 -9.39315216463
Äú‰ 1295 0.00146017334907 -9.41964463131
öÑË 1284 0.00144777033221 -9.43195152676
Âá∫ 1176 0.00132599525754 -9.55870866905
Âêé 1173 0.00132261261657 -9.56239371585
ÄÄÁ 1134 0.00127863828405 -9.61117608894
¥Ôº 1116 0.00125834243828 -9.63425970205
øô‰ 1098 0.0012380465925 -9.65771867488
