6
100
989 986 981 993 992 979 976 982 988 989 978 985 1000 985 981 997 997 976 977 976 996 985 998 999 981 986 975 979 984 997 988 997 980 993 987 998 998 987 977 986 976 981 997 1000 990 976 996 986 977 999 988 999 984 984 996 988 995 995 991 977 991 977 999 997 996 986 993 992 999 996 978 999 1000 999 998 990 1000 994 1000 975 993 985 998 975 995 994 987 988 989 975 990 978 978 987 975 999 997 991 989 994
100
15 12 7 19 18 5 2 8 14 15 4 11 26 11 7 23 23 2 3 2 22 11 24 25 7 12 1 5 10 23 14 23 6 19 13 24 24 13 3 12 2 7 23 26 16 2 22 12 3 25 14 25 10 10 22 14 21 21 17 3 17 3 25 23 22 12 19 18 25 22 4 25 26 25 24 16 26 20 26 1 19 11 24 1 21 20 13 14 15 1 16 4 4 13 1 25 23 17 15 20
99
624 625 626 627 628 629 630 631 632 633 634 635 636 637 638 639 642 638 636 634 637 633 633 634 635 636 637 638 639 640 641 642 643 644 645 646 647 648 649 650 651 652 653 654 655 656 657 658 659 660 661 662 663 664 665 666 667 668 669 670 671 672 673 674 675 676 677 678 679 680 681 682 683 684 685 686 687 688 689 690 691 692 693 694 695 696 697 698 699 700 701 702 703 704 705 706 707 708 709
51
58 61 57 55 53 56 52 52 53 54 55 56 57 58 59 60 61 62 63 64 65 66 67 68 69 70 71 72 73 74 75 76 77 78 79 80 81 82 83 84 85 86 87 88 89 90 91 92 93 94 95
94
338 338 338 338 338 338 338 338 338 338 338 338 338 338 338 338 338 338 338 338 338 338 338 338 338 338 338 338 338 338 338 338 338 338 338 338 338 338 338 338 338 338 338 338 338 338 338 338 338 338 338 338 338 338 338 338 338 338 338 338 338 338 338 338 338 338 338 338 338 338 338 338 338 338 338 338 338 338 338 338 338 338 338 338 338 338 338 338 338 338 338 338 338 338
40
755 755 755 755 755 755 755 755 755 755 755 755 755 755 755 755 755 755 755 755 755 755 755 755 755 755 755 755 755 755 755 755 755 755 755 755 755 755 755 755
100
660 45 185 168 559 45 185 100 660 45 185 100 660 45 185 100 660 45 185 100 660 45 185 100 660 45 185 100 660 45 185 100 660 45 185 100 660 45 185 100 660 45 185 100 660 45 185 100 660 45 185 100 660 45 185 100 660 45 185 100 660 45 185 100 660 45 185 100 660 45 185 100 660 45 185 100 660 45 185 100 660 45 185 100 660 45 185 100 660 45 185 100 660 45 185 100 660 45 475 100
11
425 985 370 510 425 985 370 510 425 985 370
100
269 429 200 951 399 702 923 429 579 951 399 702 923 429 579 951 399 702 923 429 579 951 399 702 923 429 579 951 399 702 923 429 579 951 399 702 923 429 579 951 399 702 923 429 579 951 399 702 923 429 579 951 399 702 923 429 579 951 399 702 923 429 579 951 399 702 923 429 579 951 399 702 923 429 579 951 399 702 923 429 579 951 399 702 923 429 579 951 399 702 923 429 579 951 399 305 87 429 579 951
12
84 234 606 54 357 578 84 234 606 54 357 578
99
261 38 948 473 374 827 702 432 857 584 867 894 252 500 985 706 673 531 299 854 741 926 41 699 628 86 501 708 269 225 958 437 313 770 772 591 618 118 566 964 981 368 557 547 828 455 56 468 439 22 462 43 298 603 847 569 818 276 750 481 913 837 665 371 152 303 25 303 138 199 408 434 189 751 140 9 665 35 655 396 372 859 197 730 434 571 820 337 12 562 817 191 334 363 346 498 165 827 896
1
905
