6
100
281 875 414 890 475 406 434 652 346 701 780 485 635 669 621 574 450 556 328 654 817 270 273 845 903 719 486 597 494 926 707 839 800 859 729 275 591 488 991 675 515 359 898 887 766 844 461 542 726 852 522 869 448 859 714 351 903 938 274 723 451 719 562 577 904 291 916 495 843 495 907 357 592 393 570 684 563 769 552 288 947 811 895 395 996 934 809 899 872 821 622 649 865 922 964 357 538 880 589 707
100
19 613 152 628 213 144 172 390 84 439 518 223 373 407 359 312 188 294 66 392 555 8 11 583 641 457 224 335 232 664 445 577 538 597 467 13 329 226 729 413 253 97 636 625 504 582 199 280 464 590 260 607 186 597 452 89 641 676 12 461 189 457 300 315 642 29 654 233 581 233 645 95 330 131 308 422 301 507 290 26 685 549 633 133 734 672 547 637 610 559 360 387 603 660 702 95 276 618 327 445
100
605 601 599 599 602 598 594 590 586 582 578 574 570 566 562 558 554 550 546 542 538 534 530 526 522 518 514 510 506 502 498 494 490 486 482 478 474 470 466 462 458 454 450 446 442 438 434 430 426 422 418 414 410 406 402 398 394 390 386 382 378 374 370 366 362 358 354 350 346 342 338 334 330 326 322 318 314 310 306 302 298 294 290 286 282 278 274 270 266 262 258 254 250 246 242 238 234 230 226 222
49
943 941 941 944 940 936 932 928 924 920 916 912 908 904 900 896 892 888 884 880 876 872 868 864 860 856 852 848 844 840 836 832 828 824 820 816 812 808 804 800 796 792 788 784 780 776 772 768 764
100
893 893 893 893 893 893 893 893 893 893 893 893 893 893 893 893 893 893 893 893 893 893 893 893 893 893 893 893 893 893 893 893 893 893 893 893 893 893 893 893 893 893 893 893 893 893 893 893 893 893 893 893 893 893 893 893 893 893 893 893 893 893 893 893 893 893 893 893 894 895 898 898 898 898 898 898 898 898 898 898 898 898 898 898 898 898 898 898 898 898 898 898 898 898 898 898 898 898 898 898
43
782 782 782 782 782 782 782 782 782 782 782 782 782 782 782 782 782 782 782 782 782 782 782 782 782 782 782 782 782 782 782 782 782 782 782 782 782 782 782 782 783 784 787
100
816 230 516 565 907 921 327 636 842 516 588 907 921 327 636 842 516 588 907 921 327 636 842 516 588 907 921 327 636 842 516 588 907 921 327 636 842 516 588 907 921 327 636 842 516 588 907 921 327 636 842 516 588 907 921 327 636 842 516 588 907 921 327 636 842 516 588 907 921 327 636 842 516 588 907 921 327 636 842 516 588 907 921 327 636 842 516 588 907 921 327 636 842 516 588 640 921 327 841 842
24
217 289 608 622 28 337 543 217 289 608 622 28 337 543 217 289 608 622 28 337 543 217 289 608
100
626 662 697 614 584 505 543 521 965 626 662 697 614 584 505 543 521 965 626 662 697 614 584 505 543 521 965 626 662 697 614 584 505 543 521 965 626 662 697 614 584 505 543 521 965 626 662 697 614 584 505 543 521 965 626 662 697 653 584 505 543 521 965 626 662 697 614 584 505 543 521 965 626 662 697 614 584 505 543 521 965 626 662 697 614 584 505 543 521 965 626 662 697 614 584 763 543 521 990 626
11
86 64 508 169 205 240 157 127 48 86 64
100
417 285 65 674 25 659 310 236 804 636 516 281 884 816 907 192 26 380 601 634 9 685 536 30 915 245 242 581 869 889 1 392 909 407 364 789 504 323 369 523 752 700 23 341 439 527 591 393 20 565 99 627 771 940 789 983 25 2 580 477 981 595 677 120 903 42 69 630 220 670 149 60 262 497 751 695 156 675 294 42 795 808 839 437 564 435 403 548 22 986 449 509 341 636 700 922 471 48 482 161
1
66
