6
100
224 687 247 552 653 705 681 989 613 963 929 182 878 370 664 470 174 567 983 355 428 224 410 390 608 873 245 752 344 316 900 632 239 974 183 956 915 928 945 528 299 282 774 176 715 673 710 717 240 693 900 496 981 310 950 588 418 195 576 590 575 475 458 878 685 705 834 600 632 187 364 759 296 966 999 839 639 709 556 943 638 692 439 618 830 388 442 484 647 846 310 457 557 595 335 242 300 996 906 996
100
52 515 75 380 481 533 509 817 441 791 757 10 706 198 492 298 2 395 811 183 256 52 238 218 436 701 73 580 172 144 728 460 67 802 11 784 743 756 773 356 127 110 602 4 543 501 538 545 68 521 728 324 809 138 778 416 246 23 404 418 403 303 286 706 513 533 662 428 460 15 192 587 124 794 827 667 467 537 384 771 466 520 267 446 658 216 270 312 475 674 138 285 385 423 163 70 128 824 734 824
100
465 468 471 474 477 480 483 486 489 492 495 497 500 503 506 509 512 515 518 521 524 527 530 533 536 539 542 545 548 551 554 557 560 563 566 569 572 575 578 581 584 587 590 593 596 599 602 605 608 611 614 617 620 623 626 629 632 635 638 641 644 647 650 653 656 659 662 665 668 671 674 677 680 683 686 689 692 695 698 701 704 707 710 713 716 719 722 725 728 731 734 737 740 743 746 749 752 755 758 761
45
372 375 377 380 383 386 389 392 395 398 401 404 407 410 413 416 419 422 425 428 431 434 437 440 443 446 449 452 455 458 461 464 467 470 473 476 479 482 485 488 491 494 497 500 503
100
54 57 60 63 66 69 72 75 78 81 84 87 90 93 96 99 102 105 108 111 114 117 120 123 126 129 132 135 138 141 144 147 150 153 156 159 162 165 168 171 174 177 180 183 186 189 192 195 198 201 204 207 210 213 216 219 222 225 228 231 234 237 240 243 246 249 252 255 258 261 264 267 270 273 276 279 282 285 288 291 294 297 300 303 306 309 312 315 318 321 324 327 330 333 336 339 342 345 348 351
43
93 96 99 102 105 108 111 114 117 120 123 126 129 132 135 138 141 144 147 150 153 156 159 162 165 168 171 174 177 180 183 186 189 192 195 198 201 204 207 210 213 216 219
100
72 333 496 542 821 680 501 745 496 542 821 680 501 745 496 542 821 680 501 745 496 542 821 680 501 745 496 542 821 680 501 745 496 542 821 680 501 745 496 542 821 680 501 745 496 542 821 680 501 745 496 542 821 680 501 745 496 542 821 680 501 745 496 542 821 680 501 745 496 542 821 680 501 745 496 542 821 680 501 745 496 542 821 680 501 745 496 542 821 680 501 745 496 542 821 680 501 353 496 542
21
113 159 438 297 118 362 113 159 438 297 118 362 113 159 438 297 118 362 113 159 438
100
938 864 691 938 425 691 938 864 691 938 864 691 938 864 691 938 864 691 938 864 691 938 864 691 938 864 691 938 864 691 938 864 691 938 864 691 938 864 691 938 864 691 938 864 691 938 864 691 938 864 691 938 864 691 938 864 691 938 864 691 938 864 691 938 864 691 938 864 691 938 864 691 938 864 691 938 864 691 938 864 691 938 864 691 938 864 691 938 864 691 938 864 691 938 864 691 938 864 691 938
8
645 472 719 645 472 719 645 472
95
196 194 192 190 188 186 184 182 180 178 176 174 172 170 168 166 164 162 160 158 156 154 152 150 148 146 144 142 140 138 136 134 132 130 128 126 124 122 120 118 116 114 112 110 108 106 104 102 100 98 96 94 92 90 88 86 84 82 80 78 76 74 72 70 68 66 64 62 60 58 56 54 52 50 48 46 44 42 40 38 36 34 32 30 28 26 24 22 20 18 16 14 12 10 8
55
117 115 113 111 109 107 105 103 101 99 97 95 93 91 89 87 85 83 81 79 77 75 73 71 69 67 65 63 61 59 57 55 53 51 49 47 45 43 41 39 37 35 33 31 29 27 25 23 21 19 17 15 13 11 9
