1000
0.233615 1.175241 0.541711
-0.017229 0.128401 2.085044
1.408357 -0.252184 1.971826
-0.063944 -0.791066 -0.871885
-1.165421 2.151546 0.653483
2.281355 1.191678 1.504216
-1.242887 1.726330 -1.653660
0.058042 1.096847 2.705083
0.569032 -0.855848 1.827654
0.572731 0.570712 2.838363
0.125518 -0.185154 -0.448496
1.553364 1.438094 2.425218
-0.204311 1.077351 2.964535
1.710482 -0.403069 1.208153
2.481305 0.070442 -0.512314
1.809835 0.059328 0.311006
1.016798 -0.164182 0.952440
2.781194 0.559802 1.464381
0.546942 1.895255 0.704752
1.299176 -0.796028 0.607033
-0.140955 1.238045 -0.479262
2.401970 1.490686 1.844956
0.968994 1.240027 0.927401
-0.213776 0.632099 -0.193370
0.832802 2.766255 0.599331
0.666513 2.181370 1.545077
1.365852 1.140861 -0.793200
0.163276 0.584817 3.027451
1.609079 1.255354 -0.110960
0.554651 -2.034950 -0.325885
2.089240 0.423957 0.076878
1.135985 0.169993 2.094477
0.638284 1.220954 1.870307
1.472504 0.389014 1.369786
0.537941 1.599380 0.324829
0.790020 0.967747 2.528530
0.644902 1.448939 1.458371
0.619480 2.067339 2.267321
-0.211182 0.898631 1.391145
-0.155110 0.195522 0.389822
2.140440 4.464862 2.056727
-0.253995 0.776941 0.477486
1.913615 0.951236 0.465020
0.948331 2.339864 0.360031
0.900960 0.928630 2.246726
1.698939 -0.636606 0.458200
-1.002320 -0.565794 1.720862
-1.046049 0.608348 1.331420
2.690472 0.748427 0.719814
0.788031 1.581824 0.163700
1.908641 0.087537 0.972240
0.976600 1.806259 1.206873
1.987613 -0.031447 -0.109802
0.280926 0.232129 0.412452
3.273062 0.500722 3.201508
1.460959 3.138906 0.748107
1.281046 0.342285 2.043020
0.113748 -0.007397 2.450146
2.068289 1.788718 0.756186
1.975585 1.733859 -0.986570
0.892186 1.650177 1.212153
2.121775 1.711263 0.341300
1.089934 3.143739 2.663800
-0.319398 1.503194 1.240941
1.299157 2.330937 2.574877
1.104367 -0.206707 0.656195
0.592759 1.367377 -0.393071
1.212797 -0.649104 2.713695
1.388529 0.219772 0.856505
-0.180055 0.977656 1.066866
-0.183152 0.742862 0.535080
1.036043 0.780973 0.170945
0.636701 1.026316 0.354182
0.309829 2.205344 -0.082589
0.873381 2.507131 1.650975
1.106908 0.673774 0.195725
2.353898 -0.609653 0.452490
1.778412 -1.273390 2.233386
1.480470 -0.079123 1.836168
-0.395697 0.223950 2.216351
1.214189 -0.008657 1.267219
0.703813 2.045017 0.536335
3.206199 -0.990589 1.350617
0.924109 1.306599 2.173018
1.786208 0.540667 1.623307
0.587938 0.710429 0.726150
-0.829405 0.856815 1.304829
1.219666 1.673749 1.724268
1.598260 2.501702 -1.242576
0.169522 1.584731 -0.687322
-0.888652 0.639170 2.388059
1.225462 0.994391 -0.156822
-1.018168 2.680578 0.859563
0.705066 1.567788 -0.381374
1.262290 0.387876 2.162906
2.898916 0.336929 2.930685
1.908463 2.168469 2.019914
2.280479 2.383640 0.871206
1.787539 1.374949 1.969201
-0.376177 2.259192 -0.109545
0.997906 0.227860 0.336549
1.322028 0.964398 1.209041
1.775172 1.601492 1.102362
0.551073 -0.252428 0.434139
-0.762207 1.054187 -0.181708
0.332423 1.370841 2.519199
1.855027 1.493026 1.370535
0.672765 0.018727 0.782329
2.037652 1.891577 1.885472
0.775382 0.959933 0.749600
1.365816 0.834318 1.993158
-0.455732 0.644266 1.809366
0.399351 2.586711 1.418874
-0.422368 0.687791 0.117696
1.055157 0.261578 -0.636924
1.835727 0.926053 -0.066021
0.744862 2.151954 2.233540
1.203649 -0.346169 1.057482
1.850890 1.768026 0.080534
-0.556203 0.622917 1.459334
0.788824 0.008172 -0.399302
0.658684 1.217864 1.993565
2.603022 1.845394 0.823940
1.065334 1.790523 1.180109
0.436502 0.885475 1.629377
1.179757 0.624339 2.197428
1.351966 0.567100 0.571659
2.410727 2.996591 0.923799
-0.079405 1.923852 -0.175958
0.590759 0.132256 1.157825
2.965240 0.875767 2.082104
1.259071 0.613473 1.822517
-2.550894 0.919133 2.287045
0.717908 0.747856 0.680936
1.156270 1.426354 0.040068
0.493297 0.002401 1.553699
2.851981 -0.377928 1.766087
-0.068549 1.636477 0.465781
1.074848 0.664247 1.353499
0.607780 -0.109821 1.258956
1.192309 1.174767 -0.689004
0.251875 -0.220866 -1.287487
0.020444 1.099399 1.176687
0.573588 1.001495 0.622387
1.549876 1.580244 0.636644
1.013278 -0.513294 0.514440
1.456309 0.772834 0.119251
1.823204 0.806169 1.826715
1.523060 0.422896 0.463039
-0.008657 1.059049 -0.462439
0.148028 2.061550 2.901854
-0.328031 0.607311 1.833590
1.222297 2.064661 0.644274
2.771935 1.151286 0.807725
1.027581 -0.990822 0.313118
0.740576 2.631732 0.219290
1.108443 1.765995 0.595016
0.753714 0.656469 0.320793
0.348760 1.158602 1.543701
0.034135 1.054608 0.712092
1.420881 0.594125 1.586682
0.188941 0.977536 1.065202
-0.951168 1.819559 0.811249
0.958486 3.098562 -0.191084
1.702690 1.946452 0.172070
1.024023 -0.865065 0.998658
1.677901 -0.270576 1.072274
-0.107298 -1.275577 1.575332
-1.337986 2.472132 3.012825
-0.273758 1.114102 2.098472
2.285957 -0.072521 1.604593
-0.102929 1.216994 1.398498
2.543003 1.055931 0.883195
0.991841 0.405594 0.200169
1.530762 2.186395 0.813568
-0.098468 1.166294 0.856786
1.011587 1.200368 2.240462
0.364467 -0.813547 2.462261
1.745192 0.602509 1.836119
0.802861 1.338565 0.235554
1.124102 0.444750 1.519467
1.218922 1.515888 2.887230
3.216740 2.017584 2.562689
0.825009 1.080372 1.343897
0.580508 1.819317 0.717518
0.956650 1.395638 -0.008640
1.431662 1.766894 1.052946
1.456149 1.177289 1.059981
1.576750 0.034514 2.675461
0.070926 1.348773 1.101421
1.215416 -0.223004 2.665274
1.174627 1.033633 0.284459
-0.042089 0.979236 2.368635
0.506710 1.112754 2.583814
-0.381296 2.546613 0.940233
-0.544379 0.924182 0.992691
-0.220897 2.355679 1.853703
2.887210 2.409298 0.930553
0.401244 1.887018 0.695231
-0.578714 -0.416279 0.267381
0.539137 2.155681 -0.044068
0.668336 2.094015 2.725772
-0.752334 0.005550 1.970155
1.673830 0.252294 0.609755
1.985265 0.607511 0.832820
0.418711 0.724640 1.188246
-1.320518 1.080476 2.512811
1.239841 2.243395 0.400645
0.833124 0.191292 0.145070
0.754951 1.784383 1.028795
1.619220 0.770364 1.878740
-1.650295 1.581471 2.580934
2.264592 2.083629 1.251701
2.454985 2.799006 0.407881
0.298705 -1.086026 1.589908
0.719418 1.215152 1.956705
1.600231 0.483727 -0.201942
0.900807 0.675980 1.994575
2.675759 0.493505 1.743863
1.681957 1.488936 2.169188
1.801201 3.583786 0.630634
0.773044 1.183202 -0.505411
0.900085 -0.237347 -0.076815
0.321512 1.822274 1.425917
1.547365 2.036332 1.134616
1.369137 -0.847957 0.456885
3.118503 1.461644 1.739364
0.524266 2.391862 0.117845
-0.292431 0.278896 2.925878
0.470992 0.910586 0.185745
1.349168 1.781959 0.376055
0.470131 0.890151 0.654658
0.643051 1.293124 2.755864
3.414937 -0.190556 0.413613
3.467807 0.014562 0.007369
1.523682 0.639186 0.524639
0.317527 0.880841 -0.041626
1.617363 -0.920323 1.745545
0.592553 0.782398 2.116292
1.168638 0.400518 0.713498
4.235035 0.726632 0.857957
1.790662 0.142680 0.187762
3.382619 0.459518 0.997178
0.167314 -0.035370 1.239479
0.955595 -0.551531 0.222960
0.323964 2.043382 -0.923384
2.064844 0.304553 0.447997
2.635306 1.267587 1.428717
1.024995 1.634331 1.590703
3.907517 -0.689425 -0.135073
0.164133 1.895129 1.000832
-1.840481 0.513519 2.441182
0.561286 1.674514 1.229809
1.153733 1.088328 2.023294
3.199466 0.571017 -0.442383
1.789267 0.093347 0.970052
0.782249 3.867483 2.194666
1.023061 1.867788 -0.072277
2.322125 0.222549 1.715751
1.416614 1.411715 -0.381674
-0.168920 0.678994 1.329259
-0.677839 3.607916 1.465824
0.224727 0.121547 0.733862
1.553349 0.865838 0.703140
1.405965 1.609049 3.047260
1.030470 0.300311 -0.611866
2.127109 2.083308 1.982701
1.667602 2.728076 -0.538920
0.731509 1.259621 0.195604
2.603915 1.127824 0.788757
0.459956 1.621301 0.841743
0.716396 2.048684 3.295311
1.337291 1.955102 -0.959692
1.525158 1.173338 0.537166
1.494158 2.272801 2.361763
1.883461 0.434967 0.580450
-1.115749 0.329981 2.104403
1.130651 1.958095 1.352343
1.622565 -0.251506 0.083093
1.047049 1.530939 0.733875
2.127563 0.121430 2.624076
-0.278856 0.757163 0.844576
-0.539618 2.462432 0.413289
1.341843 -0.861933 1.907315
0.300793 1.598465 -0.737514
1.494771 1.563083 -0.018025
0.156419 0.226454 2.121868
2.081201 1.139306 1.638888
0.752759 1.129719 1.624993
1.861256 -0.504934 3.768672
0.272781 -0.898305 0.370046
1.688581 -0.077765 0.836350
1.319375 0.853651 1.535048
0.626940 1.514504 0.043606
0.062734 -0.772941 2.046603
1.308589 -0.269605 1.503168
1.833202 2.679253 0.905913
0.152477 2.368130 2.791038
-0.324220 0.956719 -0.534916
-0.135773 0.196273 1.314424
-0.125862 0.380542 2.101785
1.075212 3.225851 0.581441
0.282598 0.808580 0.488990
0.529171 1.715160 0.353872
0.710713 0.316484 0.200434
2.331029 2.432487 1.691441
0.768727 2.921330 -0.400005
0.967228 1.031997 0.933848
-0.569535 1.754256 0.519626
1.148766 1.754789 1.513853
1.938232 1.685216 1.587090
1.770777 0.490232 2.167143
0.480769 1.014284 -0.387867
0.892156 1.403611 2.244268
-0.647784 0.527180 1.370138
0.463507 1.857217 1.843416
3.547525 0.779281 -0.446810
1.615467 0.531501 1.351394
2.901287 0.649646 1.187545
1.881857 -0.556929 2.007266
-0.765920 0.181014 1.247381
0.667381 2.477642 0.631246
2.403382 -0.099372 1.452547
1.510951 1.215133 0.832333
3.505127 -0.544825 2.729044
2.037967 2.085565 0.206642
1.138906 0.010166 1.293845
0.056557 0.292007 0.641325
1.647135 -1.458037 -0.439628
0.611916 2.363194 2.614434
3.564225 -0.342426 1.269447
2.235626 0.393485 1.053662
0.613936 1.513229 1.786068
1.778199 1.065796 1.424734
1.159879 0.644574 0.698767
2.945557 0.478772 1.369847
2.482305 0.703813 2.100377
0.996963 0.101822 0.256768
2.201665 1.691739 1.477994
0.550293 0.580072 0.243874
-0.464453 -0.255016 -0.117018
0.085789 1.845814 1.997791
1.857832 0.894867 -0.476972
2.543913 0.476390 3.041668
0.745997 1.622899 1.083003
1.573455 -0.003053 -1.290145
2.294057 3.516613 1.701206
0.932377 -1.790485 1.451474
1.512321 0.153778 -1.688991
-0.201885 -1.148710 0.348694
1.983661 2.544576 1.968320
2.223090 0.204271 1.813539
1.001028 0.327021 0.269169
0.918688 1.071908 2.376292
0.661291 -0.164577 2.087552
1.309402 0.498733 0.784227
-0.149496 1.627076 -0.306270
0.680812 1.255249 -0.206044
1.935153 0.812886 0.560543
1.095142 2.359187 0.523804
0.049333 -0.871659 2.489022
-0.307226 0.070487 1.066077
1.597300 1.581243 0.678803
0.883862 0.310246 2.211450
1.005575 0.892510 0.237529
1.145395 0.086170 0.941107
1.463919 1.094954 3.212278
0.526351 1.113436 1.730391
2.756080 1.058693 0.846673
0.815532 0.740216 0.890531
1.457666 0.951585 0.489320
4.232228 1.842304 1.905870
0.139452 0.561642 1.494891
0.400566 2.031376 2.020389
0.112559 2.766994 1.968144
0.599543 0.760186 0.638284
2.595381 -0.410303 1.173320
1.822312 -0.139865 1.685328
2.405350 1.098826 1.991208
1.785185 -0.604662 0.849687
0.553949 1.741349 1.608111
2.415773 2.287967 -0.351912
0.955047 0.537273 1.961606
0.495920 1.050996 0.477483
1.445275 2.115668 1.217345
1.090759 3.233446 -0.361715
2.138929 2.089124 1.113248
2.579024 2.386321 1.659180
2.815475 2.423231 1.511396
-0.369955 0.262502 1.065139
0.346765 -0.656257 1.539153
1.552037 2.324124 1.365657
1.329927 2.040426 1.443385
2.046660 0.211923 0.282412
-0.206781 0.013599 1.125384
2.134333 2.415989 2.217232
1.271751 0.007567 0.426692
1.842397 0.532023 -0.879662
3.156205 2.107793 -1.096691
1.199572 1.929822 1.903026
-0.397150 0.892082 1.415756
0.014811 0.144869 2.180373
0.177132 2.337884 2.014333
-0.892641 1.386263 2.188484
-0.407548 0.263874 0.083361
0.893151 1.646081 -0.551651
0.802639 1.498810 0.153428
-0.839557 0.021551 0.806704
1.259330 2.000126 1.202515
-0.512177 0.740189 1.373125
3.467334 1.851087 1.034800
2.699571 1.033012 0.697198
2.078369 2.116040 0.740468
1.310573 1.502462 0.689402
-0.775902 2.304742 2.590887
0.208429 2.429218 2.196854
0.301158 1.122034 0.764037
2.274421 0.176690 -0.006517
0.132876 0.445658 0.571128
-0.637755 0.991999 0.778985
1.213936 1.056133 1.593221
1.002626 1.153736 1.401568
1.221267 1.734329 0.553094
0.758752 0.517834 0.074646
2.298808 2.147624 1.536194
0.169360 1.019307 2.690885
1.212618 1.611237 0.954889
2.113918 1.192254 -0.136477
0.516386 1.864977 -1.752280
1.027450 0.576146 0.826653
-0.299233 -0.733761 -0.130476
2.143372 2.230773 1.327402
1.614869 3.025518 1.902059
0.877562 1.060316 0.278651
3.131494 3.400058 1.888809
0.273964 0.860613 0.587771
0.208126 0.239159 0.482639
1.617405 1.210991 2.800230
2.973995 1.514294 1.432975
-0.110668 0.277847 0.220387
0.567730 1.210890 0.724826
0.746218 1.567771 0.620314
0.267859 0.747937 1.415251
-0.121784 0.144511 -0.198215
0.721540 -0.981837 2.722441
1.598816 -0.907703 2.193218
0.610638 0.767483 -0.216937
1.719859 0.482449 1.639462
1.440334 1.773098 0.804873
0.650181 2.438608 -0.398414
2.181689 0.998147 3.398659
0.893481 0.790028 0.529970
0.468657 1.834610 0.228918
2.411264 2.978768 0.954780
2.695606 1.439648 1.555960
-0.177607 0.201286 0.733783
0.703945 2.023148 0.909421
0.908617 1.041864 -0.040989
1.944799 0.649825 -0.120736
1.892024 0.188150 0.901404
1.454150 0.718943 -0.552004
1.931616 0.704945 1.393078
0.802442 1.580965 1.488112
2.961830 0.587145 1.097711
1.430680 0.456534 2.017673
0.956122 2.616933 0.008933
1.137508 0.693982 -0.460768
1.239619 0.053062 1.388869
0.672621 2.400711 0.793046
0.871225 0.550930 1.520533
3.644917 1.589117 0.207260
1.834996 0.820858 1.172845
0.489010 0.385980 1.438061
0.422701 0.929504 -0.199521
0.763763 1.707704 0.254914
-0.024291 -0.278342 1.789321
-0.820756 0.979485 1.420881
-0.297958 -0.551185 2.115151
-0.713226 0.349181 1.189670
-0.151743 -0.337691 1.307996
-1.923051 3.102964 2.672010
-0.986604 2.028169 1.147530
-0.174064 0.892327 0.947531
2.615985 -0.569000 2.412170
1.252228 2.586452 -0.045176
0.794771 0.771250 0.672153
1.572714 1.809105 0.831248
1.640186 2.470907 1.502364
0.806170 0.544346 -0.448464
0.736879 2.403597 2.302928
2.072536 0.313591 1.585951
0.798680 1.853818 -1.081855
3.774644 1.283166 -1.093731
0.248351 0.107052 1.295998
0.819983 1.413509 1.025765
1.386965 1.551879 -0.430107
0.328473 1.404740 1.564271
2.088652 0.592549 0.878352
1.600914 0.186512 2.645252
-0.067172 1.051341 2.029007
0.892793 2.056664 0.538521
0.656227 0.583904 -1.423944
0.813772 0.824759 1.075068
-0.997191 0.877191 1.229975
1.960974 1.619978 0.563112
0.291358 1.451500 1.015300
1.896667 0.574018 -1.984516
1.815641 2.610572 1.674885
2.090739 -0.109576 0.248006
1.639277 0.446508 2.698728
1.596737 0.056645 -0.643278
-0.221238 0.803319 0.971611
4.251631 -0.702548 2.320090
2.446067 0.822800 0.069129
2.951948 0.459865 1.029812
2.927125 1.156504 -0.213303
3.338739 0.827030 1.930291
-0.072011 0.706392 1.291317
1.249583 0.939894 1.293416
1.445014 0.179340 0.064470
1.375586 1.288975 1.639084
1.886307 1.226161 0.993123
1.698021 0.671096 2.260564
1.679547 1.757526 2.442708
1.485779 1.291296 0.443306
2.033328 1.566778 0.851953
2.211747 -0.071937 1.870205
0.789826 2.191072 0.275072
0.450869 1.075010 -0.554355
1.791010 2.041447 0.517311
0.989668 -0.666225 1.887283
0.667720 0.902402 -1.053147
2.203241 0.464906 2.119323
-0.138798 0.282740 1.843843
-0.004069 1.330943 0.596924
1.894287 2.776267 1.536522
1.883354 2.125054 1.384003
1.144409 2.883586 1.853636
1.391670 1.439468 1.810679
2.013739 -0.102071 0.073577
-0.666772 -0.191599 0.945484
1.018710 0.664893 1.841224
0.991168 0.562414 2.323921
2.298113 1.455983 1.270108
0.195676 1.897131 -0.404286
0.388861 2.740874 0.280793
1.502730 -0.262749 1.179138
-1.304478 3.175074 -0.808595
2.109512 0.293956 0.506899
0.979861 2.021506 1.450095
1.527753 -1.470096 1.217433
1.683232 1.954092 1.415882
-0.069548 1.922824 -0.984696
1.306827 -0.018388 -1.329993
-0.137769 2.851855 0.565199
1.857786 2.484084 0.790315
1.030944 1.491926 0.323860
0.719490 1.456978 0.051283
1.521137 2.519472 0.708930
0.378467 1.025270 1.572005
0.129622 0.607403 -0.924262
1.288412 0.918028 1.869783
1.152140 -0.192026 0.407768
2.163153 -0.469021 2.770338
1.514321 1.804380 1.045983
2.487283 3.062966 0.510894
0.782441 -0.638433 1.930545
2.177855 -0.713485 2.378209
-0.470406 1.117128 0.790846
1.219754 0.207963 1.367888
1.056126 0.419223 0.293605
-0.522370 1.744008 0.861937
1.955735 3.107816 0.510086
2.538759 0.533816 1.046228
0.809506 -0.603625 1.480421
-0.007044 0.186973 1.461744
1.210109 2.087640 2.605343
1.683012 -0.123857 3.217461
3.045968 -0.079628 1.083132
1.851151 0.421654 -0.285526
0.754509 0.810157 2.232002
0.820568 -0.455807 0.786179
0.801998 2.345979 0.925207
1.804250 0.035776 -0.264376
1.191412 1.981886 0.936360
-0.139001 -0.341479 1.076108
-0.366949 2.506789 1.728089
1.829512 1.123995 2.535263
1.523306 0.464262 2.088336
0.456700 0.136967 2.903568
1.305452 1.222912 2.340308
1.798788 0.210821 1.790141
-0.308811 -0.384311 1.079601
-0.152351 1.580423 0.107910
1.093060 1.137137 -0.096481
0.831980 0.169667 0.457195
1.220853 2.045745 0.646628
0.874834 0.483577 -0.325174
0.098916 2.643834 0.176046
-0.093000 0.080556 0.803617
2.369104 0.069389 0.633743
1.398419 -0.176004 -0.002279
0.195804 1.783037 -1.180654
0.096665 0.772598 0.890018
0.248255 0.805672 2.743085
0.480429 0.121481 -0.300953
0.685143 0.882620 0.092218
2.699344 1.852830 1.596276
-0.795835 -0.780666 0.858719
0.750528 0.156342 0.109071
-0.045831 1.096151 0.577417
0.268904 1.408508 1.227737
-1.451288 -1.326243 -0.360761
1.223404 1.308826 0.954538
0.955753 0.995744 0.541351
1.084548 0.200854 0.983680
1.532413 2.242579 1.025881
0.501629 2.141675 -0.642420
1.828881 1.988701 1.510959
-0.411803 -0.433638 -0.681321
1.929367 1.046221 1.216902
0.262174 0.829601 -0.322053
0.824415 2.342902 0.746310
0.803597 2.122628 1.426775
0.883873 0.113580 4.038039
1.341271 1.960079 2.511670
-0.228316 2.411608 3.386582
-0.130285 1.313705 -0.957759
-2.154971 1.234116 0.776245
-1.163930 0.162768 3.170188
1.416911 0.579308 -0.252487
0.756409 -0.366147 2.185092
-0.155565 1.803588 1.228399
0.537605 0.137220 2.768084
2.531337 2.542698 0.250743
0.917685 2.092259 0.289141
1.427716 2.471395 2.470063
0.358428 -1.074427 -0.283615
0.470427 0.198538 1.681171
-0.433855 -1.062587 1.226670
0.171088 0.876897 1.893131
2.302643 0.953946 1.332679
1.529432 0.062029 4.118709
0.961459 1.164790 3.331651
-0.763127 1.387848 1.773366
-0.867727 -0.381470 1.333748
2.904371 1.375580 0.301716
-0.125389 0.643011 0.931311
2.010949 0.873898 2.414850
0.762924 2.364308 -0.182474
1.837472 2.136152 1.463587
0.922406 1.226411 -0.957100
1.458709 1.440752 2.290539
1.923888 1.314720 1.590152
0.859226 2.039017 1.016461
0.411387 2.362983 1.335955
1.780316 2.267242 -0.101496
-0.082828 -0.604666 2.137432
0.165710 0.037532 0.513209
0.182810 -0.068613 0.559719
3.062623 0.857092 0.880928
-1.081186 2.432720 0.578074
1.081718 2.131848 2.221671
1.858267 -0.798202 2.497272
1.759273 1.461902 1.014330
1.265396 -0.401034 -0.387525
1.058150 1.024713 0.145196
0.961279 2.504052 0.509917
1.667598 0.481955 0.681994
-0.224644 1.486785 3.238165
3.236499 -0.005392 1.853743
2.384330 1.143063 0.776714
-0.383652 0.475270 0.362714
1.849473 -1.172266 0.206765
1.034686 2.992593 0.978091
2.604859 1.089265 3.000920
1.459310 0.755110 0.942218
2.413030 1.554387 1.023874
-0.098572 0.702558 1.518803
0.906773 3.590895 0.797552
0.052940 1.271353 1.619611
0.160064 2.477235 1.690928
0.584838 0.847206 -1.185073
-0.760077 0.999317 -0.796397
-1.154478 1.939258 2.153004
0.090338 0.599010 -0.486761
1.477293 3.392550 1.142899
0.135499 0.730039 1.813979
0.069460 0.770093 0.357990
-0.097531 2.804398 1.883876
0.065739 1.810540 -0.129301
1.344537 1.260162 2.934740
0.151931 1.841407 1.078391
0.003723 1.008913 1.007940
0.318332 0.999632 0.206721
2.069837 2.076640 1.341992
0.032942 -0.032651 -0.520341
0.290707 1.220709 0.092572
0.652531 0.383497 0.391461
1.141854 1.845814 0.642253
1.419617 -0.357710 1.882482
3.228634 1.781232 1.473848
-0.463451 1.942368 -0.506298
2.057228 1.388883 0.949047
0.299864 0.886524 2.574188
0.827858 3.870730 -0.880991
0.543995 2.636147 -0.317088
-0.038773 -0.682734 0.848508
-0.451319 1.903149 2.029064
0.591496 1.278455 2.381826
0.532751 2.545749 1.344913
0.790728 0.631951 2.389685
-0.121466 1.372305 0.448000
2.938563 0.899634 1.050636
-0.364344 0.301689 1.756024
0.089045 0.020618 2.103654
2.005118 -0.435811 2.670029
-0.177298 1.690898 0.808766
0.488267 3.926516 1.122909
0.913119 0.098784 1.264363
0.020129 1.570739 0.699745
1.548805 -1.381357 2.899190
0.193009 0.579874 0.160802
0.080020 0.486764 1.857432
0.374449 -0.791522 1.950684
0.262494 1.607613 -1.626772
-0.015342 1.281740 2.503287
0.261213 1.531991 1.485071
2.071534 2.943017 0.670548
1.001559 1.559529 0.612856
-0.517965 1.483834 2.203752
0.668804 1.225537 2.612125
0.610050 0.514233 0.993250
2.364306 0.920706 0.777037
1.468913 1.304531 2.787426
0.610829 -0.064386 -0.069086
-0.385487 2.910812 1.577358
1.369179 1.732067 0.381144
0.687869 0.767564 0.779325
2.647719 0.641080 3.579671
2.026398 1.462418 2.354248
0.865688 1.929140 1.305150
2.143685 2.232988 1.152320
0.505981 1.139733 1.461233
0.664993 0.185591 2.253983
0.016352 0.860053 0.490554
1.217574 2.177335 0.911772
-0.336805 0.889373 0.232262
1.164015 -0.754299 -0.818039
-0.156702 0.912671 -0.225125
1.887921 0.341392 1.226414
1.530969 0.887654 -0.423905
1.495480 0.730566 2.720334
0.211089 1.038261 0.134895
0.902187 0.676613 0.654729
1.055403 1.116813 1.451709
-0.709734 0.438972 1.183084
1.139828 1.702416 1.414134
-1.250062 0.494544 0.244108
-1.197713 0.032416 1.975483
0.660297 1.865593 -0.906327
1.878127 1.182286 0.837739
1.831176 0.692777 0.162621
0.805903 2.221411 2.781713
1.460521 1.274988 0.231132
0.752029 -0.136588 0.841152
-0.832438 2.583476 -0.421383
0.944061 0.724728 2.534836
0.732031 0.561156 0.710223
2.096319 1.170955 0.442696
1.564466 1.017155 1.471075
1.280315 -0.218713 0.659841
1.113411 2.070239 -0.360773
1.500659 0.643808 1.714716
1.596090 2.918523 1.948696
0.232844 2.756426 2.195027
0.604892 1.132367 1.356843
-1.212896 0.982229 0.748288
-0.225243 0.613899 1.189382
1.989591 0.397449 0.657743
2.621155 0.810866 0.440585
-0.356009 0.652345 3.155037
0.451428 1.563333 -0.858615
0.140133 1.561392 1.970481
2.845150 1.019256 1.623129
-0.785710 0.653531 1.581431
0.642084 0.909057 0.791488
0.196669 0.594503 0.206000
0.800537 0.982789 1.895476
0.964585 0.439038 1.559338
1.983786 1.154284 0.743936
1.363120 0.895239 2.674708
0.977593 -0.923978 0.839165
0.595843 0.395572 1.534304
1.712947 1.038637 0.558689
1.933767 1.588895 1.515378
1.291265 0.265689 1.450273
0.174999 0.474426 2.610537
2.079891 1.053719 1.175762
0.445859 0.606705 -0.262910
0.141942 -1.593047 1.157786
1.924613 2.040034 2.559795
2.032466 1.512222 1.309093
1.046381 2.604143 -0.089179
0.878183 0.512459 1.756352
1.407436 0.447492 -0.552874
0.513605 2.039439 0.681888
-1.216668 1.386618 0.962218
0.874435 -0.243327 0.700682
2.605579 1.526879 1.620440
2.474957 -1.713789 0.868991
0.976142 0.507716 0.997783
3.011320 1.494120 -0.035206
2.027719 -0.810364 2.627959
-0.226706 0.890302 1.119102
-0.131022 1.738966 0.915628
0.399677 2.204806 -0.322093
0.873690 1.273328 0.986811
-0.447187 1.833767 2.239217
0.552637 0.181412 0.978227
1.185004 1.219837 0.969042
1.191023 1.441081 1.222813
1.271773 0.689280 2.362730
2.739984 3.033056 -0.640739
1.291907 1.350986 0.989277
1.843218 0.549273 1.402932
2.601813 2.508985 1.688170
2.336933 1.526181 0.179551
-0.072336 0.537500 1.305695
0.737621 -0.030489 1.969932
0.457364 0.533149 0.504775
-0.520132 0.844940 -0.808152
-1.530569 0.667516 0.825380
1.186769 1.612904 -0.049901
1.527376 3.268516 0.465304
0.556145 0.351456 1.115544
-0.430952 0.598174 1.185940
1.193598 1.738274 0.635742
1.713386 -0.422236 -0.556944
0.666361 2.297346 1.727522
0.166258 -0.517115 1.929288
2.834739 1.052453 1.053803
1.209536 -0.229283 2.645089
1.983372 0.064051 1.898344
1.381801 2.882779 0.976183
1.934355 -1.256035 0.490599
2.365959 0.789913 -0.386087
2.102136 -0.273230 1.260986
1.513439 -0.049589 0.101498
1.583389 2.429955 0.012404
-0.248552 1.770952 0.848233
0.264402 2.099132 -0.013588
1.682598 2.101382 0.834083
1.010126 -0.050207 1.282819
0.425770 0.747757 0.035674
1.517467 0.245723 -0.820441
1.586743 1.795050 0.393496
1.110491 0.484151 1.228858
2.206323 -0.675775 0.976975
0.721934 -0.275231 0.581443
2.557516 -0.193116 0.467341
1.832344 1.475479 2.158502
1.073610 2.779264 2.093038
-1.020587 -0.060292 -0.058135
0.821835 1.497354 0.755056
0.287590 -0.411184 -1.014969
1.568304 3.037693 -0.255398
1.262778 0.592002 0.853451
2.663525 2.163040 1.106729
0.228536 0.870065 -0.747554
2.056308 -0.219759 0.026885
-0.295956 -0.147244 2.109894
0.949707 0.050352 1.112875
1.009140 0.443416 1.533977
2.306730 0.663494 1.876832
2.398718 0.317971 2.340147
-0.096311 2.396704 2.146042
2.518736 2.025879 1.908152
1.814357 0.751702 -0.338727
-0.319947 1.456783 1.193682
-0.380398 0.927524 1.858157
1.465011 1.441498 0.929948
0.173358 -0.644874 0.339016
0.903547 -0.187249 0.168457
0.154226 0.853628 1.546636
-0.642627 0.823193 1.565031
1.578029 0.465047 0.860858
-0.535439 2.740080 -0.542601
2.432130 1.970639 0.502931
0.709456 -0.409944 -1.112309
2.541169 1.600098 1.193999
-0.352937 1.549486 -0.800880
0.222320 0.001715 1.269512
1.449535 2.430357 1.385054
0.305653 1.107404 0.263721
1.678139 1.174511 0.269597
0.897972 0.386451 1.143715
2.367399 2.350563 1.053836
-0.000374 0.995177 2.618598
2.629481 -0.629692 0.600234
0.279316 1.026332 1.430647
2.631988 0.919618 0.478351
1.306158 0.300995 1.497406
2.138289 1.923307 1.545132
0.617979 1.160867 0.815124
1.152234 1.106742 1.632413
0.380865 0.350376 1.095656
1.635336 1.068567 3.136796
-0.235676 0.836570 1.338181
0.277378 0.835243 0.311715
1.115755 1.266609 0.248607
1.313414 -0.209039 -0.739896
1.022458 2.614755 2.500956
-0.461222 0.241476 2.976178
0.183594 1.319271 1.783479
1.215347 0.645353 1.250426
0.663448 0.725862 0.457396
-0.109827 -0.992369 -0.060805
0.046050 0.561265 0.190267
-0.037556 1.983740 0.265184
2.235170 1.507885 1.684629
3.691304 0.046182 1.971833
0.574714 1.519048 0.453727
0.952324 -0.846502 1.552049
-0.088653 0.339444 0.763589
2.064312 0.061029 1.610406
0.515808 2.052850 0.665356
1.344814 0.099584 0.436610
3.270704 0.894254 1.377735
1.805927 0.736293 2.400120
1.156034 0.527829 2.798958
3.785571 1.312348 -0.565222
0.476210 1.413884 1.761025
1.139146 2.321528 1.070685
0.731363 1.282308 0.825598
0.449746 0.936092 0.830189
0.803539 0.694546 1.325396
1.423641 2.365077 -0.238252
1.353499 0.802358 -0.496081
0.438435 1.162860 1.396057
1.433515 2.897608 2.766983
0.885623 1.301647 0.895671
1.364505 2.543853 1.033516
0.786767 -0.228569 -0.624257
3.080789 1.315796 0.385621
-2.036969 0.955735 0.601752
2.734723 1.194832 -0.350769
-0.867352 2.752852 0.728460
0.161168 1.508931 0.532572
1.577730 2.264749 1.164524
0.431592 0.459827 -1.077624
-0.050276 1.575578 2.720503
-0.570744 0.310174 1.394515
-0.536575 1.441647 2.348212
-0.909196 1.077593 -0.394302
3.031122 3.145988 -0.234916
0.231425 1.316422 1.753926
0.253029 1.770704 2.183607
0.941524 2.187833 1.401957
1.402594 1.601978 2.137976
-0.791211 2.254783 0.237937
-0.232178 1.830329 2.163129
1.271338 1.493826 1.910819
0.323230 1.056139 0.608981
2.066062 1.918458 1.127990
0.886359 1.123768 2.039415
1.991961 -0.298437 -1.241628
1.219990 1.216671 1.348671
-0.366215 1.974142 -0.237604
1.285957 -0.798675 1.167140
0.153863 -0.387353 -0.396550
1.633418 0.000995 1.258139
-0.241787 0.613951 0.736726
-0.082460 0.633484 2.079245
1.349092 1.079286 0.421510
2.496450 0.427926 1.340065
0.867322 1.276515 1.357661
-0.945691 -0.044507 0.227244
-0.649543 0.778409 0.074181
0.404987 0.197529 0.412691
0.647714 1.415196 1.897661
1.299751 0.398115 0.576398
-0.731353 1.792962 1.636852
2.228660 1.335541 0.551658
0.053309 0.857507 0.926628
1.169945 0.509436 -0.110484
1.192771 1.157009 3.506904
1.012690 0.639968 0.229693
2.459061 3.284936 -1.214524
-0.189101 -0.239768 0.187437
1.879552 0.353973 1.665643
1.837542 0.932868 2.101164
1.332247 2.045027 0.130159
-0.197174 0.158033 2.058900
1.736076 2.717177 2.052232
0.190091 0.452932 1.785902
3.669245 1.052408 0.392925
0.571981 0.880171 3.048679
0.853536 1.847937 1.781879
1.764164 -0.467707 0.579836
