100
2.624341 3.338179 2.137146
3.035072 2.618708 2.005781
2.685628 6.659239 7.498176
4.003615 1.332442 3.591881
1.419114 4.307292 5.513298
2.574345 3.442901 4.069758
6.147213 2.237679 7.961681
2.316498 4.020348 1.199566
0.648894 1.077915 5.758640
4.627473 4.423515 5.073721
2.186007 1.583282 5.981601
3.866990 5.210709 2.544144
4.045494 3.661169 6.636130
4.620376 2.348056 1.110815
4.598143 1.187255 4.758048
3.225486 3.285796 1.564451
0.792584 4.229787 7.379441
1.216843 3.820838 1.821236
2.209721 3.277351 0.121146
2.427808 0.697110 2.749185
2.991133 2.035310 -1.216504
1.673691 5.199100 4.947323
1.988332 5.014709 4.622258
1.190067 3.234553 4.195928
3.176655 5.134605 1.665888
1.130652 1.270920 0.263599
3.460741 1.859112 5.247755
2.429705 4.786032 1.950822
4.558239 1.148087 1.044942
0.320649 5.137037 2.964682
3.811118 5.920474 1.155071
4.133426 1.755828 6.141401
1.593652 4.954725 6.142223
2.379239 0.196605 4.275742
1.117994 4.467660 6.234744
3.384617 2.617122 2.157347
3.457530 1.515582 2.372248
0.205941 4.489227 -1.433132
0.134926 3.745032 4.442321
0.763935 2.534433 2.037874
3.327626 1.466543 5.724399
4.219915 4.883951 5.651351
2.681981 5.894219 4.850554
2.463706 1.103900 4.818986
3.052606 1.410553 5.171379
1.228178 2.590941 2.711953
2.788926 2.928525 3.499195
2.623040 1.142523 2.871780
3.693385 2.278766 6.902038
3.231707 3.127481 7.977583
0.813223 2.874648 5.202260
1.694580 2.252330 3.052866
5.367067 -0.639617 1.202935
1.949329 3.611172 2.681559
-0.246469 3.036735 6.578101
2.231440 3.380687 0.820283
0.933161 2.093177 3.562734
0.911804 3.221528 0.090876
2.815397 2.287277 4.682865
5.456233 1.364943 4.892456
1.210866 4.172369 1.863109
3.235915 2.375955 -0.300740
5.448855 4.159051 4.708674
2.664159 2.982877 2.794348
3.847121 3.466390 3.875282
4.131502 4.976020 5.544921
1.644258 2.721356 2.100637
0.121949 4.588986 2.876380
4.448896 2.821902 1.939116
3.418815 3.977157 4.087443
5.744995 3.470624 3.126335
3.635907 3.382753 0.734092
3.500937 4.398647 3.364228
3.635250 3.228689 3.837936
3.167996 4.212296 0.478488
1.924828 3.497592 5.007892
3.087484 2.099787 3.188340
2.741884 4.732484 1.871293
3.706652 3.707064 8.381287
2.205024 3.486643 2.163093
5.851314 6.059929 4.649860
2.773503 2.374005 4.775360
2.363266 1.217293 4.258550
3.591650 4.813869 5.442678
3.837063 2.846104 2.641122
2.729772 2.946562 2.580166
1.289639 4.745587 1.466801
3.706662 0.290937 -0.297160
2.924252 3.145280 2.065798
4.474770 3.121580 1.760176
3.618468 2.514706 -0.169988
3.287140 1.801954 4.466665
4.384467 1.234227 1.150882
3.065017 2.446764 4.828046
4.661087 3.272523 -0.074078
4.651971 1.082447 4.113597
3.653055 2.680163 5.146686
4.705720 2.863686 2.062286
3.414639 6.504973 3.773965
3.864836 -0.668893 5.562540
