1000
0.183783 1.375812 3.138585
0.591604 0.745064 0.777505
0.796509 1.453686 1.330897
0.005041 0.923228 2.012093
1.556204 0.975982 1.007734
0.681641 0.200197 -0.997833
-0.432469 -0.774533 1.665979
0.465316 1.755438 0.263008
0.682547 1.861302 0.505461
2.396871 0.389939 1.311212
1.088705 1.395686 1.182046
1.883547 1.202054 0.926856
0.484338 1.331336 0.346571
-0.100337 0.046688 1.816004
2.195144 0.967095 -0.602225
1.142563 2.639921 -1.256877
0.809886 0.446528 0.868867
-1.102284 2.258785 0.835888
0.308744 0.455784 1.636436
2.231715 2.138188 1.314728
1.041390 1.969887 1.827327
2.177760 0.885036 0.348511
1.293053 1.129077 1.451498
2.280481 2.923089 0.057669
-0.527508 1.778453 0.067809
0.774398 1.326923 1.411790
1.276910 1.322833 1.548429
-0.037206 -0.226752 0.407332
1.741356 1.508688 -1.780424
1.092460 1.246576 1.099409
0.993777 0.929049 1.713064
0.276583 2.699789 -2.515884
1.342907 -0.069578 -2.352555
0.059925 0.000409 0.286051
1.025226 -0.989598 1.027000
1.067245 1.149733 1.020651
1.490465 1.224390 0.357135
1.034309 2.169731 2.626345
1.583060 -0.358071 -0.680946
0.933133 -1.670052 0.438253
-0.862799 0.907166 1.696838
0.280935 1.781360 1.194378
1.011561 1.736600 1.689165
1.327560 -0.091090 0.506697
2.802833 1.072401 0.571354
0.412194 1.028577 -1.283894
-0.168081 1.533546 0.675264
0.767611 -0.314132 1.359026
1.396236 -0.055806 2.746265
-0.217750 -0.314252 -0.074241
1.140933 1.168412 1.158514
1.172142 0.331567 -0.505492
1.028363 -0.135493 1.193118
0.694232 0.831199 1.760406
1.051977 0.846857 -1.287601
0.127133 0.059420 2.598541
0.951964 3.473543 0.698110
0.185768 1.327962 2.289484
1.033592 0.335337 1.213204
0.922278 1.091679 0.393620
-0.026991 0.094898 -0.529815
1.661872 1.420412 1.280066
2.251211 3.683152 1.358813
-1.014179 -0.069139 0.058436
0.528437 1.859222 2.067238
1.040641 0.447918 2.301034
-0.013136 1.922470 0.559836
2.629948 0.654360 -1.047514
2.094206 0.410104 1.094100
0.344490 0.167455 -1.229289
1.282992 1.110235 1.527915
0.305416 2.058378 1.271979
1.278193 1.494479 3.288315
2.164500 3.096397 2.292734
-0.991446 2.586716 0.549054
2.362057 0.700408 0.563017
2.065432 0.627277 0.066446
0.105537 0.036982 1.084588
1.566753 2.001456 0.695451
1.262944 -0.029806 -0.039527
1.787019 -0.068560 -0.683569
0.630382 -0.279393 0.493880
1.221478 3.179871 -0.507861
-0.147868 0.818283 -0.173198
-0.960313 1.288304 -2.124064
1.411377 1.637357 1.596735
1.202570 0.646926 1.201753
0.127394 1.832564 -1.654934
1.037296 1.878474 0.950258
1.402288 1.785740 2.337935
0.695233 1.802648 -0.535193
0.375198 0.478009 1.003777
1.354007 0.354161 1.835049
0.274404 2.445099 1.101662
-0.705420 0.580586 1.818362
1.377699 0.811990 0.924059
2.020837 0.234717 1.360378
0.478239 0.177059 1.868687
-0.915218 2.479539 2.184684
0.641618 0.578299 1.532148
1.187001 3.080751 1.896511
0.764513 1.259779 2.000813
1.065916 -0.793151 1.710746
2.256153 0.763387 1.005847
-0.149427 1.483738 2.176370
1.293384 0.981467 2.537113
1.432589 1.136974 0.867188
-0.434170 2.003615 1.704424
1.639563 2.456283 0.595838
1.303165 1.837515 1.374882
1.883102 -1.030495 1.114425
0.018228 3.186318 -0.134213
1.267270 1.678848 1.740864
1.620434 1.342816 1.003571
2.358075 0.468205 0.406147
0.301200 -0.287051 0.345209
1.308198 3.496772 1.353406
2.135018 1.084747 -1.695393
2.137478 0.843056 2.085449
0.011228 0.685164 0.612696
2.908401 2.475593 0.099583
1.414675 0.627981 0.404375
0.791542 0.149791 1.963798
0.437832 1.052731 -0.040330
1.699206 2.134737 0.816378
0.801601 0.267993 -0.456910
0.945558 0.405339 2.589484
0.338910 1.636191 1.652731
1.759782 1.757220 -0.186514
-0.100984 1.064760 0.684716
1.048750 0.716577 2.346092
0.937202 1.440349 1.526054
-1.456133 1.907799 0.902393
-0.003219 1.855004 -0.028654
2.250057 2.910827 1.907781
0.701585 1.541651 2.640927
2.508961 1.937197 0.062570
1.199292 2.471494 2.200764
1.367055 1.321605 0.851375
0.933747 0.587429 1.913998
1.251029 1.817393 0.499490
1.775390 0.891316 -0.683083
1.518382 0.139132 -0.474013
-0.972032 0.277077 2.046917
2.097526 0.997594 1.573627
0.743619 3.266196 -0.270657
0.833109 2.017040 2.057842
1.134533 -0.112279 2.092632
1.797923 1.594477 0.708384
1.190486 0.682904 1.292830
-0.550914 1.048515 0.979394
0.902247 0.762213 0.275171
0.141861 -0.001974 -0.291561
2.974079 1.930114 0.294247
1.925763 2.121881 0.822306
3.251348 0.936466 1.240355
-0.613929 0.433106 1.156413
0.670216 0.294624 1.121780
-0.021087 -0.498453 2.582388
1.453271 1.653836 1.161903
0.421857 0.272500 1.179850
1.095066 0.708180 3.836491
1.606406 0.946858 0.856703
1.085153 3.919607 -0.662898
1.062168 -0.296749 0.497776
0.237847 0.522638 1.125424
1.937047 0.098038 2.736398
1.447519 -1.249549 1.651064
1.225057 -1.675269 0.554571
-0.318403 1.644350 -0.217598
0.599859 0.785518 3.104902
1.411615 0.447071 0.210727
0.608688 0.037662 3.605440
0.131413 -0.412073 0.471257
-0.067329 -1.190668 0.925116
0.002260 1.456407 1.056218
3.356148 1.991335 1.448300
4.497418 1.913959 0.207390
1.101970 1.761036 0.752905
1.088131 -0.241661 1.082953
0.659792 0.663907 0.160187
1.297937 -0.283520 1.267678
1.485162 1.671166 2.165774
-0.515641 2.135919 0.984505
1.105221 0.682043 2.009800
0.131852 1.191302 1.295980
1.049504 0.798244 0.225213
-0.467069 0.246577 2.226936
1.763378 1.984246 2.363180
2.483497 1.292575 0.251138
1.156673 1.548913 1.810431
1.146465 0.985609 1.035289
0.213893 1.944181 2.525825
2.013742 2.001062 -0.046523
1.819867 0.134031 0.513321
0.914600 1.965801 1.514918
0.018504 1.023599 2.543980
2.478970 2.187219 1.406081
0.961682 0.433868 1.980144
-0.861874 1.951454 0.938445
0.486329 2.367291 2.376738
1.229548 -0.490721 2.474004
1.705354 1.494569 0.422404
1.168689 1.760631 1.511540
2.081595 1.266706 1.920518
0.473794 1.846351 1.611908
-0.320322 0.926684 0.553126
0.358505 0.860998 0.583841
-0.726493 1.251699 -0.907476
1.901181 2.420867 1.048251
0.170144 0.489684 1.676608
-0.126589 1.515917 1.952932
-0.161786 2.766260 -0.063641
-0.207882 0.638831 3.531912
1.650892 -0.427551 0.943704
2.592871 0.984532 1.259782
0.629556 1.023418 0.718702
1.101725 -0.115278 1.090451
-0.703919 0.124780 -0.425228
0.243146 -0.310611 1.585771
1.974268 0.442315 1.469983
2.777597 1.929399 1.185161
1.360663 0.682075 3.310038
0.769203 1.091385 0.816718
-0.189996 2.546753 0.974792
0.442088 1.627766 0.217476
0.249590 -0.337584 2.245686
1.208144 -0.794461 0.657844
0.913427 3.494102 0.121853
1.122437 0.697419 1.343931
0.567767 1.334360 1.171818
-1.078912 1.769234 0.886480
1.453007 0.950727 0.857688
-0.173529 1.174512 -0.708604
1.303113 0.011137 1.614468
1.062533 1.072611 1.956825
0.892817 0.667776 0.648882
1.066430 1.279521 1.289621
1.831639 1.909108 1.144157
1.303823 1.594050 1.156417
1.820664 2.241213 -0.105122
0.025644 0.834129 0.677395
-0.142327 0.506301 1.164476
0.968293 1.564434 1.864259
0.511706 1.632198 0.089125
0.188492 2.867737 1.013452
-1.255615 2.962214 3.057149
0.729901 1.181927 2.589076
-0.364897 -1.000223 0.723896
0.339899 1.116921 0.776727
1.560516 1.175479 0.373932
-0.296175 -0.015143 0.718647
0.751145 0.717677 1.618065
0.668667 1.203332 1.973501
2.258277 0.581126 1.718788
0.823749 0.285269 3.012107
-0.833787 2.253535 0.164401
1.325556 0.716043 0.747036
0.578753 2.945170 0.526319
0.889952 1.665840 2.662760
-2.097214 1.312671 1.151249
2.569127 1.308244 1.035433
0.922605 -0.303212 0.574937
-0.647866 0.765057 0.506200
-1.353985 1.336268 0.644326
0.477635 1.152381 1.301550
2.337198 1.863231 1.833608
-1.511821 -0.049014 -0.685163
1.084648 0.055846 1.600275
0.332092 -1.281658 1.693802
0.761487 0.722679 0.463196
1.096720 1.807891 1.481676
0.503679 2.858475 1.797385
1.454601 1.984378 0.824207
1.216325 1.842782 1.164333
1.404091 1.194646 1.680230
1.138060 1.436460 -0.039445
1.629336 1.244037 1.376716
0.291959 -0.182005 2.008537
0.093443 2.789980 1.448513
2.897062 1.127238 1.046156
1.270057 0.043623 -1.982941
1.399065 2.573450 1.199361
0.209964 1.209448 0.901495
1.565840 2.580226 1.853992
-0.252029 1.997506 0.852978
-0.912327 1.775203 3.195235
1.719291 0.287413 1.150768
1.113031 3.398820 1.479268
1.030751 1.017802 -0.156541
-1.366615 0.147323 3.072839
0.912603 0.290059 1.705342
1.512733 2.455959 -0.020364
2.814172 1.344445 -0.394043
1.996922 1.816374 1.978156
1.867793 0.530769 0.530913
-0.086794 2.507597 -0.267517
2.306124 1.819314 -0.353664
-0.562550 0.568445 1.715711
1.210914 0.405888 2.602856
2.714436 0.542782 -1.818459
-0.282877 1.105578 -2.159720
1.840478 3.392949 1.236065
0.620788 0.007258 1.762590
1.277001 2.082609 1.997750
2.280889 0.392500 0.539687
0.987764 0.606574 -0.454646
-0.093456 2.053943 2.801413
1.439199 -1.116579 0.986911
1.890102 1.311783 2.231452
-0.184445 0.995026 0.695571
0.556810 1.326462 2.517662
2.643859 0.534319 2.316870
0.778092 1.384036 2.046021
2.328619 -1.115093 2.499710
0.388366 2.813306 1.550089
0.295121 -0.561638 2.205973
0.385114 1.141647 0.423008
2.370068 0.993908 0.370454
-1.067025 2.072274 0.015505
0.704300 1.766073 0.248543
3.828699 1.319649 2.787172
2.418373 1.883347 1.549164
1.336122 1.990558 0.848370
1.214226 1.044734 3.556211
0.783631 0.837070 3.556285
0.778979 2.648999 0.370381
-0.341808 1.719656 0.771936
1.327053 -0.975254 -0.621719
0.973901 1.655837 0.562336
-1.453952 2.686010 -0.401271
2.254391 0.216011 2.025516
0.891592 1.092520 0.947733
0.695122 1.985169 0.559809
2.050023 1.393908 0.050496
2.586683 1.020928 2.645907
0.198726 -0.455453 1.763921
1.870376 1.996153 1.100995
0.576691 1.381613 0.811381
1.798196 -0.418215 -0.981552
1.806685 -0.125604 1.178211
0.944958 0.407570 -1.049415
0.483199 1.010012 1.856666
1.241701 3.230680 0.269818
1.793342 0.759275 2.471052
1.596234 1.666194 2.551617
2.393629 -0.361032 1.906497
1.366706 0.762408 -0.881078
1.078998 1.435278 1.808347
1.014627 1.775591 1.774435
2.491617 2.979316 3.440041
1.028048 -1.086757 1.179287
1.988906 -0.604147 -0.621977
1.982681 3.102403 1.647276
-1.231825 0.209604 1.546306
1.276561 2.089806 2.595145
2.086435 0.637783 -1.318154
2.552638 2.216650 1.508747
1.283046 2.236255 -3.028582
1.340039 2.324547 0.606092
1.176732 2.030965 0.597245
1.145567 1.930445 1.857973
0.549336 -0.612495 0.639181
0.334479 0.377758 1.685836
1.514733 0.508687 0.289457
1.205665 1.987313 -0.324911
0.870421 0.739518 -0.353188
1.507314 1.442458 0.107133
0.802044 3.009974 0.806761
0.032223 -1.758658 -0.635134
1.837241 1.692289 0.576891
1.286148 1.827952 -0.271071
2.080564 2.900777 0.803237
2.187200 -1.491215 0.607426
1.640855 0.018027 1.922683
0.294218 1.389115 1.485288
0.920289 0.362476 1.318679
1.240792 1.372791 0.727478
0.890608 -0.774225 0.230293
1.946655 0.347424 0.452962
0.662825 1.903645 2.591469
2.367281 3.358486 1.474570
0.155972 1.449787 2.734646
-0.342198 0.504997 2.366504
1.064620 0.581103 -0.226749
1.358563 0.246660 1.961628
0.073705 0.932145 2.170104
1.679481 0.560548 1.209317
-0.097390 -0.510221 1.647713
0.932064 2.639494 0.909605
0.293868 1.694612 1.322053
1.968977 1.583588 2.349622
2.171264 -1.280906 0.352119
0.277142 2.716032 -0.060402
0.300298 0.463420 2.042185
1.768632 0.514935 0.566294
0.590111 0.979631 -0.860892
-0.005448 1.089161 1.673990
2.083225 1.326900 0.945216
-0.783331 0.136264 1.794937
0.301167 2.625677 1.637020
0.856169 2.127698 0.800946
0.569958 1.791200 0.525149
-0.166261 -0.482680 2.672958
1.086977 1.380132 -1.148304
0.517854 0.460366 2.564736
1.066797 1.532061 1.377331
0.458747 1.482495 0.170643
1.127830 2.777656 1.043038
0.265614 1.019112 1.235460
-0.764571 0.204982 1.233713
1.606747 1.935397 1.673643
0.500167 1.954203 0.977420
2.340357 1.960278 1.348896
1.777655 2.379071 1.160325
0.968828 1.461181 2.304313
0.346859 1.002748 0.676779
2.143557 2.433842 2.464579
0.623833 0.629746 1.457334
0.183395 2.448712 1.072030
1.638086 1.075410 0.968179
0.145490 -0.323966 1.553010
1.917932 0.693892 2.755940
1.202998 2.154380 1.368477
-0.142354 1.001379 0.727866
1.890966 -1.187355 0.034643
1.936206 1.271254 1.072688
2.256557 0.446328 0.109899
-0.082989 1.118748 0.166884
-0.258980 0.362914 2.098603
-0.263749 2.818151 -0.671820
0.426548 -1.174989 -0.507580
2.609348 0.900965 1.452302
0.113428 0.967700 2.636425
0.038356 0.274548 1.374732
-0.662703 1.534562 -0.874654
1.502556 1.001165 1.496063
1.927547 0.399862 1.394132
0.641372 1.711149 1.607685
0.689501 2.527393 -1.209268
-1.068923 0.554778 1.392260
0.941596 0.618992 2.339218
0.639375 0.028507 2.211076
1.114596 1.692548 0.442836
2.037902 0.182099 0.943657
0.677649 0.719173 -0.525126
-0.463742 2.024264 -0.410193
1.793192 1.236203 2.376747
1.508535 0.426960 0.465058
1.280890 1.195980 0.656052
-0.396742 0.903311 0.844976
1.560300 1.573080 0.899685
0.219774 1.113160 0.804476
0.431008 1.425607 1.346453
-0.451396 0.791132 -0.067513
1.354907 1.620145 1.149013
-0.398703 0.773516 0.466705
0.828367 2.789372 1.127819
0.380948 0.292735 2.709535
0.667954 2.773786 0.589908
0.851870 2.844103 0.109971
0.759648 0.738227 1.029495
1.539876 0.135099 0.020825
0.114651 1.071099 1.114556
1.779521 1.060033 2.230254
3.248226 1.073085 1.063424
1.520403 2.331600 3.242360
1.785597 2.794559 0.325211
1.117049 2.261852 -0.129879
-0.428530 1.038322 1.801005
2.448941 1.590770 -0.595883
1.706742 1.185244 1.955125
0.973592 2.538153 2.042991
0.570066 0.037628 -0.097263
1.030843 0.405898 1.136810
0.163822 1.765870 0.714658
1.314665 0.522368 0.450142
2.831815 1.982640 3.520220
1.106483 1.854990 0.229710
1.724117 -0.181252 0.203921
2.240818 0.653805 0.173118
-0.474453 0.193207 2.611978
1.051380 1.057211 1.415677
1.331610 0.392237 4.128163
0.275643 1.836626 1.323846
1.168754 0.813032 0.285969
0.714058 1.148477 1.520441
0.428392 1.100979 0.623255
1.244396 -0.783160 0.933768
0.781661 2.538089 2.152084
-1.114370 1.479778 2.921580
1.387634 0.944832 0.362532
0.755374 0.210343 0.438315
-1.035568 2.590282 0.865460
-0.468867 0.192619 -0.100709
1.815757 1.634214 1.382626
1.883748 2.356294 1.151524
0.826606 0.503856 0.230473
0.928766 -1.259368 0.241521
0.310823 2.755806 1.544547
1.195178 0.139668 0.480123
-0.770822 0.514501 0.010109
-1.367731 2.068698 2.037628
1.843168 -0.850583 1.052063
-0.748782 -0.592738 1.386532
1.267688 2.851885 0.427827
-0.297788 2.167007 -0.322976
2.025805 -0.936363 2.168140
2.178119 2.026690 -0.162059
0.435925 -0.176976 1.440063
-0.891590 -1.233919 1.589705
3.042408 -0.405912 3.112641
1.398583 0.893613 1.390945
0.946389 1.152618 -0.203388
0.226187 1.803445 1.023411
0.973161 0.935496 0.754030
-0.239625 0.783162 0.908456
0.585923 0.422183 -1.224366
1.753852 1.181255 1.420626
0.248493 2.577343 -0.747878
2.357727 1.357551 1.694750
2.405926 1.658867 0.716678
0.027842 0.578357 1.587406
0.805040 1.639624 0.343966
0.281599 1.179197 0.874820
-0.519422 1.336100 0.606503
1.007241 -0.148535 0.958148
1.568958 1.599039 1.497799
-0.057306 2.253019 0.683697
1.118658 -1.016098 2.457244
0.851506 0.811621 1.042141
0.445444 0.988666 2.300415
1.145337 2.086281 -0.094026
0.534914 0.963189 1.927807
0.273775 -1.191494 0.123186
0.445068 -0.190446 0.203195
-0.753414 0.923011 1.657246
1.700712 0.555190 0.977112
0.901417 0.149262 0.420372
0.038218 1.066105 1.764769
0.798214 0.449549 1.445850
3.042324 0.458709 0.815750
0.017599 2.079926 -0.148303
0.797749 -0.227570 0.553336
1.423528 0.273161 1.259593
0.298016 2.235883 0.372148
-0.503421 3.000356 2.895573
1.334229 2.315932 1.083053
0.631159 0.096099 1.197174
1.357748 0.470325 0.456605
-0.656234 1.446597 0.147332
1.198453 -0.588490 0.584277
1.572445 0.341925 0.815755
0.340074 1.047243 1.587652
1.330637 0.279097 3.026526
2.189920 3.024008 0.005388
1.656903 1.602148 0.048991
2.320195 0.371111 -1.047238
1.412716 -0.238327 1.337548
-0.022068 0.411275 1.618231
1.180707 -0.081972 0.841397
-0.324777 -0.086003 1.532927
0.441327 -0.663471 2.674689
0.632154 1.461410 3.022590
1.015129 1.607276 0.541350
1.303881 0.241373 2.512218
1.588688 -1.081874 0.645965
2.174865 0.232391 1.595482
0.322881 0.786621 2.546858
-0.493817 2.131419 0.732691
1.224197 1.678313 -0.214115
1.933441 -0.247242 -1.131086
1.700692 0.838898 0.477404
1.221987 1.526298 0.672503
1.647738 0.208661 0.046013
0.728807 2.443909 1.756434
0.607488 2.780079 0.730354
2.654890 2.261506 0.919571
1.278566 2.622829 0.211439
1.522658 0.395923 2.337061
-1.483057 1.211201 -0.206167
-0.657213 1.936329 0.610744
1.181825 1.573218 1.617065
2.448739 2.352247 -0.532740
1.301341 1.313956 0.808380
1.362372 0.971766 -0.090052
1.221581 1.941375 1.789222
1.274849 0.924395 0.339490
-1.958064 2.823759 2.351488
1.810734 1.825976 0.707085
0.889387 2.947579 1.440695
-0.643409 3.026532 -0.567144
0.155180 1.173348 1.562265
-0.070945 -1.029495 1.573154
0.651368 0.310509 1.194294
0.361895 1.385930 1.357250
-0.946436 1.532511 -0.224758
0.896992 1.064743 1.192408
0.071046 2.348678 1.277191
1.991012 1.112878 -0.108165
0.829353 1.545756 3.041447
2.674983 -0.648157 1.665794
0.466343 1.363677 -0.163327
1.675258 0.668089 1.713473
1.090707 0.856456 0.479948
2.027218 1.134231 1.163957
2.085565 -0.807700 1.138401
-0.906944 1.825587 1.636624
0.605929 2.075984 0.575671
0.317918 1.534532 2.173025
0.143307 0.702480 3.050780
1.475962 1.154062 0.782220
1.160748 1.683118 1.045192
-0.004388 -0.470768 1.753153
1.608553 1.623014 1.715345
0.207923 -1.231141 -0.305810
0.115233 0.288572 2.597835
1.730633 1.102496 1.386325
-0.605861 -0.150194 0.491416
0.537097 1.143758 1.138727
-1.570163 0.815334 3.189591
0.471190 0.413432 1.332799
2.439202 0.043002 0.213200
1.089286 2.166027 2.467975
0.383946 -0.265037 1.625037
0.507069 -0.046453 -0.621918
1.894089 0.578268 1.855626
0.959187 1.780501 2.150509
2.635044 0.600417 0.739794
1.643006 1.229699 1.959207
2.487379 1.765241 1.919633
2.427680 2.102114 1.129382
-0.059528 1.047467 0.254465
-1.336098 1.202343 1.238165
1.051145 0.182515 1.975140
0.596080 1.280963 2.028353
1.082072 1.699747 0.276258
1.700460 -1.421046 0.103509
1.810013 3.000077 0.384367
1.624641 1.297375 1.960578
1.767887 3.071912 0.201282
1.139812 -0.853044 2.001104
0.665559 0.553310 2.260932
2.305890 -0.613301 0.968991
1.375550 1.294824 0.595833
-0.279490 1.606647 1.146159
-0.683406 2.114478 0.817220
1.010450 0.983282 -0.356732
0.500404 0.695782 3.913895
1.645708 -0.333171 1.612838
1.377955 0.149191 1.854575
-1.027849 0.923826 1.403270
2.674383 -0.839575 1.356814
0.719217 1.549266 1.619257
0.094068 -0.990831 2.895398
2.359282 2.492243 0.944495
0.150534 0.970589 0.131040
0.133895 2.120823 1.470469
-0.470290 2.464107 1.702164
-1.170687 -0.392847 0.556469
1.213979 0.898120 1.345674
2.067262 1.298505 -0.029483
0.054450 0.777260 -0.571147
1.556875 1.060785 -0.482427
2.850363 1.142578 2.067615
0.318673 1.235461 2.364887
0.116294 0.510460 0.568168
1.323502 2.268675 -1.506555
1.292152 2.780626 1.353399
0.379405 1.426638 0.114514
1.044447 0.094259 0.576372
0.660125 1.056484 1.697515
0.623378 1.331784 1.315634
0.832827 0.732529 2.479792
-0.072613 1.374213 -0.031534
0.709898 1.193701 -0.099711
0.915193 0.805537 0.782819
2.079635 2.138378 1.684640
-0.466430 0.927371 2.248412
2.565955 -0.606169 -1.488594
1.556315 0.734610 1.542770
1.315344 0.123961 -0.969675
2.304119 -0.039268 1.646325
2.909035 -0.708049 0.291337
1.293594 -0.095544 0.243081
2.163436 1.771128 1.438938
0.103066 1.082968 1.793197
1.567800 2.062495 0.135681
1.718947 -1.418724 2.300998
2.414773 2.219062 1.582709
-1.805294 0.139321 2.004405
1.373534 2.269148 0.995722
1.005489 2.815551 0.213238
1.474376 0.799437 0.334694
1.262842 1.218423 1.347303
2.912352 0.391607 1.723961
2.567254 0.370853 0.739394
2.221207 1.021004 1.184569
0.717928 -0.632627 1.840872
-0.073656 1.543856 0.667959
1.425217 3.289817 1.096443
-0.123292 1.526289 1.683799
1.747366 -0.004465 1.540403
-0.245350 1.980388 2.632452
-1.549725 1.329994 0.484667
1.534195 1.805055 0.227010
1.940924 0.793165 1.454709
2.018910 1.131092 0.755456
1.328978 2.603077 0.773368
2.933845 -0.653755 1.448461
1.009548 1.109433 2.103530
1.037357 0.411628 0.957696
0.881083 2.580741 0.175333
-1.514161 -0.238970 0.664470
2.419675 0.718999 0.988883
0.834791 -0.561355 2.213933
0.448763 0.352550 0.348264
4.094075 2.187668 0.981941
2.995362 2.343911 -1.063045
1.827620 1.507600 1.631975
1.929554 1.328409 0.745908
-0.359142 -0.497691 1.630634
0.369252 3.183923 0.401326
0.472234 1.336287 0.648489
1.663675 0.473532 2.707736
-0.035662 1.255265 1.203659
-0.495849 0.876450 1.458226
2.081514 0.526817 2.827534
0.579375 0.091083 1.497057
-0.746389 0.698941 1.249904
0.955175 1.798967 2.031135
1.684362 1.702362 1.338628
1.088764 2.597794 1.103651
1.118086 1.439109 1.525039
-0.830756 1.066397 0.463118
3.484823 1.344453 2.341154
0.083480 0.326977 2.382004
-0.010941 0.924839 2.688257
0.293858 0.105183 1.390977
-0.466254 0.105801 0.563286
-0.587133 0.562369 1.213979
0.570300 0.576815 1.908433
2.741427 -1.030308 0.997092
2.070698 1.365090 1.169436
1.024017 0.299261 1.420140
0.595470 0.275192 -0.437569
0.219451 1.238347 1.357537
1.269799 -0.928822 1.448513
0.289579 0.479833 2.461762
1.708997 3.297285 1.408048
0.542441 1.165889 0.650803
-0.451676 0.659466 1.749096
1.214899 1.905478 0.156024
-0.155232 -0.013494 0.613529
1.637079 -0.387183 0.613975
2.068551 1.931728 1.350197
0.917166 2.313662 1.984373
1.771237 1.476914 1.066242
-0.288538 0.889571 0.634121
1.027395 2.940552 1.306098
1.729329 2.381692 0.913110
0.773825 2.496993 1.223842
2.365438 -0.827926 0.723903
-0.044706 2.380928 2.154222
1.437128 -0.121221 1.160678
1.981079 2.142499 1.055682
1.913797 1.830305 0.689236
0.416374 1.039867 1.319025
-0.852890 0.119947 0.647505
0.852756 -0.152971 0.090541
1.305492 1.171861 1.127779
2.615785 2.294943 0.055138
0.649020 1.104186 2.077317
1.463294 0.845783 0.581452
3.827523 0.346862 1.680600
1.092856 0.978201 -0.041335
2.634071 -0.105985 0.677418
0.115533 1.908018 2.111485
0.724282 1.692217 0.307628
0.849047 2.256277 -0.619301
1.907208 2.182117 -0.043597
1.992724 2.537569 1.750199
2.702974 -0.601919 2.069893
0.215485 1.895182 0.421023
0.372662 0.994797 1.740060
1.447857 1.224240 -0.042013
0.516636 3.136780 0.128480
1.524277 0.167928 0.905688
0.805563 1.345620 -0.448041
1.332154 -0.155222 0.192892
0.003897 2.233686 1.300137
-0.894863 -0.103040 1.081378
2.599481 2.453486 -1.046470
0.839955 -0.033004 1.227583
-0.699859 2.684597 1.369339
0.740496 1.465104 2.658716
2.002731 -0.327344 -0.268571
2.065585 0.567946 0.345510
0.466374 1.133677 2.549394
0.947628 -0.068301 1.242166
2.133256 2.059376 2.428164
1.684315 1.300198 2.281090
-1.441923 -1.197130 -0.275403
0.861177 1.249712 2.398328
-0.853790 0.592496 1.039574
-0.675815 2.119534 2.343239
0.045927 1.737135 1.782886
1.262966 -0.627606 -1.033668
0.777164 -0.072018 1.278502
1.442097 0.534018 0.829556
3.754733 1.097020 -0.008200
1.061730 0.158715 2.164677
1.089177 0.655589 2.217875
0.592672 2.860734 0.120763
0.301320 1.658587 0.590790
2.457045 0.365767 3.424347
-0.214792 1.745592 1.349525
-1.059949 1.949602 1.011631
-0.427278 1.337357 1.335628
1.380343 1.649383 1.356014
-0.043968 1.879628 0.317235
-0.694821 1.388919 1.429502
0.075659 1.788716 1.623421
0.133881 1.747059 0.927988
0.648687 2.039311 0.685277
2.429607 0.781510 2.561869
1.876378 -0.339430 1.903698
1.276891 1.950317 0.278012
1.208941 1.133058 0.300482
1.238334 1.193802 -0.176656
1.550213 1.022564 2.463579
1.785643 -0.611618 3.001279
-1.875832 0.691640 0.640711
1.113579 0.324285 1.711902
1.650749 3.128975 0.778813
2.121426 -0.244344 1.542611
0.983163 -0.207308 0.468995
0.112340 -0.279533 -0.567068
1.326801 -0.783487 1.272312
0.346152 2.106331 2.988136
2.839087 3.437652 0.070240
1.182536 1.239378 0.901745
1.553172 1.788356 0.122966
1.838311 -0.183606 1.316009
0.435801 -0.630050 2.162043
0.122100 -0.219295 2.078483
0.473173 2.674551 1.477301
0.000250 0.906106 -1.117906
0.603394 0.608157 1.681567
2.051827 0.448903 2.222287
-0.338757 -0.673650 1.428885
2.280922 1.432560 2.091441
-0.281666 2.520719 2.675103
0.779831 1.058113 0.294491
0.935366 2.463239 1.483644
0.516922 1.259904 -0.389719
-0.295450 -0.428915 0.648417
-1.045259 2.262657 1.568974
3.070851 0.889110 0.727775
2.390261 1.437093 2.291879
1.326105 1.514181 -0.510766
2.282448 1.102403 2.274444
2.018683 1.664735 1.019805
0.281871 5.000416 0.785918
1.493990 1.766014 0.344860
2.104853 -0.134120 0.678441
-0.146446 2.130145 1.324349
2.785561 -1.547790 2.726491
2.532360 0.957865 0.701592
3.343143 1.160155 1.807149
0.237765 2.492199 0.142641
1.644251 -0.299434 1.918660
2.479312 1.087112 0.551527
1.032605 1.515106 1.511826
1.897493 1.005256 1.782297
-0.251519 1.746767 0.016022
1.913571 0.969985 2.003876
1.647722 1.005081 0.503314
-1.334858 0.265976 1.736146
1.690052 0.519992 1.411332
-0.502892 2.030062 1.163519
1.193554 -0.413472 1.867891
0.317161 0.148167 0.804788
1.022048 -0.653409 1.322668
1.365770 0.683027 0.498700
0.899229 1.839807 2.066092
2.071304 1.020713 -1.278384
2.847052 0.547178 0.749901
2.487077 0.581657 1.927590
1.379876 0.042600 2.819655
3.200846 2.176229 1.215037
0.987435 2.138851 0.144033
-0.379096 3.699443 1.728978
1.413853 0.364698 0.968151
1.985672 -1.330800 0.524597
1.268789 2.160893 0.446420
2.212807 -0.447544 1.898802
-0.536305 2.299205 1.465874
-1.012474 1.727696 -0.067208
1.123366 1.732962 1.519080
0.793942 0.410146 0.397105
0.803151 0.743691 1.745563
0.664960 1.643395 -0.629376
2.143723 0.617483 -0.121822
-0.989408 0.684687 1.072806
1.408087 -0.257117 1.125254
-0.076988 1.654764 0.769729
0.164264 2.572617 0.947616
-0.285443 1.613995 1.010825
0.602130 1.628747 1.728394
1.950314 0.137891 0.690901
3.533897 0.529493 1.897419
-0.240913 0.431180 2.417358
0.973934 1.925821 0.858656
1.497801 -0.144719 0.033917
1.166173 -0.111431 0.677915
-0.500948 0.389618 3.826265
1.369652 0.545667 1.839328
-0.114736 0.789078 1.582643
0.351697 0.826100 1.281079
0.236304 1.614913 -0.202667
-0.322089 1.186814 0.020701
-0.002756 2.317032 0.485138
1.602258 1.110791 2.172177
1.191052 1.481226 -0.175617
0.224917 0.626354 -1.075435
1.618322 0.193680 0.463271
0.075879 0.639588 1.108131
1.818195 1.850020 -0.651567
0.956208 0.467281 0.048306
1.570118 1.162775 1.102956
0.764682 1.058006 0.958277
1.023406 0.704219 1.119748
0.672619 1.089113 0.349971
0.686824 0.401327 -0.026176
2.052027 3.565130 1.114310
1.386169 1.135775 0.989321
0.575032 -1.214945 1.129544
2.672054 0.401561 0.201903
0.810432 0.183591 1.749376
1.219270 -0.496379 2.504667
2.690258 -0.813447 1.235194
1.935039 1.566519 0.291219
1.869426 1.112237 -0.463136
2.555817 0.643474 -0.304723
0.533542 2.094640 1.348825
0.385604 -0.109419 0.809839
0.620403 -0.195720 1.641205
0.115628 0.648561 1.754336
2.010913 1.383016 1.459058
0.046606 0.820698 2.402553
1.007241 0.019903 2.031272
1.581157 -0.760368 1.869607
-0.002458 2.017522 0.183331
-0.138326 1.372636 0.767144
1.337932 1.098073 1.375911
0.294155 -0.023556 0.830073
1.537203 0.347424 1.508750
0.783741 1.401432 0.064169
1.146483 0.566210 0.301670
0.527500 1.854742 2.249792
1.118570 0.814489 1.156040
1.147965 -1.552827 1.680173
1.516447 0.963708 -0.362684
-1.943309 2.671737 0.631499
0.830684 -0.132155 -0.840669
2.801217 0.788661 -0.548313
1.803815 1.311073 0.695726
1.705739 0.112281 0.771180
1.441654 1.268255 0.242309
1.219833 0.350191 0.315891
0.035640 0.933902 0.697958
0.749345 0.075216 1.490853
1.740822 1.426133 1.433835
1.032534 0.716653 0.333533
2.266547 0.091692 1.167810
1.955592 -0.193366 2.620282
1.953494 2.366391 2.858256
0.072240 1.886606 1.689120
-0.019657 1.817711 1.440799
-0.748261 0.173182 0.092610
0.477239 1.172497 1.250873
1.026131 -0.367910 0.202542
0.701864 -0.059623 1.368425
-0.289653 0.525550 0.950911
-1.013184 0.610587 -0.248931
-0.133765 -0.353788 1.249065
1.436337 0.916075 1.222294
1.954091 2.169239 1.698482
1.785751 3.058161 1.360250
2.327033 -0.159005 1.062991
1.106043 1.746292 0.539607
0.223697 3.009675 0.858515
1.198767 1.785266 0.807722
0.914527 0.873486 0.237385
1.063131 1.299113 1.599864
2.709844 1.044163 1.505191
2.299313 1.245547 -0.460611
0.455372 3.176108 0.157936
0.476400 1.384874 -0.425231
