100
1.326068 2.131282 0.799052
2.656798 -0.433214 0.485151
0.508433 0.609232 0.268991
-0.024697 0.317390 2.926713
0.899481 0.634184 1.471622
0.010449 2.091603 0.999237
3.203233 0.861325 -0.692869
0.078811 0.866949 0.271495
0.219132 1.745917 0.925921
1.460901 -0.575504 1.050120
1.942803 2.374426 2.318377
-0.778326 1.095643 3.824041
1.302866 0.393296 2.614577
1.817844 -0.579119 -0.980745
-0.165733 0.895984 0.720227
-0.262323 2.050581 2.766822
-0.832591 0.871417 1.372711
-0.061550 1.546547 1.518010
2.965389 1.197232 -0.773527
2.332748 0.641693 0.728186
-0.549409 1.280823 0.334167
1.948315 0.414887 1.534303
1.438592 2.046547 1.130805
-0.569867 1.692094 0.199747
0.352832 -0.329344 0.892090
-0.097333 0.980550 -0.822902
1.447099 1.189169 2.373469
0.895074 0.357658 1.713455
2.980890 1.055072 0.511909
0.375989 1.702480 0.819976
0.251548 1.795349 2.253350
2.655704 1.568390 0.173385
1.388655 -0.122562 0.922872
-0.383113 -0.484680 0.706012
0.403122 0.846767 0.729472
-0.056055 -0.583726 1.188839
-0.455251 2.821395 1.263911
1.328673 -0.398835 1.152847
-0.058029 0.045190 0.821318
2.761981 0.219527 1.034199
1.369405 -0.566168 -0.159706
0.175004 -0.423204 0.538579
1.797515 1.713622 0.119057
-1.014335 1.407590 0.208980
2.320130 0.370452 -0.415928
0.196688 1.667674 1.040423
2.333222 1.171980 0.886834
0.595994 0.969969 0.931353
0.551844 0.987949 2.664724
-1.708001 0.411453 4.006511
1.467408 1.981476 1.428692
0.522685 1.194657 1.843209
-1.201627 0.096026 1.080895
1.844339 0.681338 1.036665
1.196965 0.174537 0.028896
0.116917 0.307502 0.375572
1.290668 0.619971 2.569527
0.265130 1.304905 1.739000
-0.483571 -0.750179 2.475493
0.587629 1.686037 1.782921
1.477245 -0.624999 1.941864
2.609217 0.385453 1.452729
1.638665 1.325241 1.177347
1.275570 0.568458 -0.584003
0.501804 -1.487001 1.279949
0.215471 2.083162 0.595928
1.275683 1.997880 1.361576
0.541941 1.686670 1.212596
3.297991 2.694175 0.304760
0.901218 -0.043552 2.076192
1.116241 1.037103 1.467217
1.395735 1.802492 0.648065
-0.507267 2.415478 0.916805
2.255149 0.724514 2.508981
-0.687929 2.616525 1.144131
1.028591 0.111143 0.251830
0.628352 0.677120 3.146155
1.945902 0.061570 -0.281617
-0.370955 -0.180724 1.878661
0.045296 0.919419 1.014874
1.530035 0.164612 1.546659
1.110636 0.869772 1.813010
0.296375 1.028307 2.191994
0.180230 0.895649 -1.879459
0.061240 0.876717 1.487483
-0.332284 1.645869 0.041595
1.448145 -0.237753 0.226595
0.023094 0.117623 0.647729
0.815419 0.130161 0.744307
0.585694 0.613657 1.121552
2.032689 0.560650 -0.670662
0.131090 0.041614 -0.593504
1.076922 0.258923 2.347386
-0.794658 3.994113 0.745978
0.225980 0.855678 2.404834
1.160712 0.154487 -1.320918
1.103173 0.172452 0.835591
1.052808 0.307101 1.154019
1.216231 1.750394 -0.907026
0.552732 0.912531 1.004233
