600
3.494898 3.157268 1.885843
2.891905 4.893109 4.665724
3.969246 1.255013 1.917280
0.022112 -0.702894 4.568947
3.825448 4.394282 1.982343
5.605605 2.195448 3.378068
0.867124 4.826256 5.676334
2.100427 4.182399 3.547235
4.543724 2.966442 0.764924
2.711583 5.453734 3.923184
4.359997 0.558321 3.100462
6.608373 3.273050 6.741314
4.701891 3.686706 4.209039
2.220877 1.004036 4.022718
1.939312 2.375691 1.817767
3.116622 2.751267 1.510913
3.555741 4.364607 0.269331
4.875597 3.750461 7.192772
2.619476 1.533707 2.005573
4.902734 1.677722 -0.079151
1.112564 1.534480 3.878889
1.109537 -0.424063 3.287233
2.690673 2.271470 0.250816
2.807618 2.198750 3.466673
3.637529 1.024820 3.338720
6.657941 3.542076 0.421978
4.535762 6.085956 3.103963
4.355292 2.380211 3.675489
1.498165 0.334126 5.579455
1.431305 5.539936 2.073496
2.685140 1.056910 3.999037
2.187794 4.104842 0.914724
0.440564 2.788737 4.308025
3.120788 1.654715 3.021141
2.411041 4.609587 1.499311
2.859704 4.139706 3.095446
3.189197 3.191508 5.821621
4.615935 0.735787 5.500593
2.515801 4.124100 2.188188
5.497288 4.911475 1.761857
2.667282 3.635332 3.075935
4.006245 6.149265 4.393840
2.221645 1.253501 1.995662
4.899829 5.480896 8.761353
4.560923 1.929846 2.962746
4.685588 3.864445 1.279908
2.003489 4.826463 3.400974
0.863008 3.198303 2.362789
1.918568 3.375478 6.077958
5.641550 3.561977 2.367320
4.766833 0.079166 5.939677
1.945958 2.815521 3.221546
4.190730 1.637035 1.913391
4.419147 2.236228 3.725539
3.147617 0.904832 1.977077
0.518236 2.445429 6.049616
3.296632 2.887623 2.345015
-0.314177 4.076402 4.013216
4.468548 3.220672 4.250931
4.344020 4.664515 2.516370
5.118946 5.284902 0.296710
3.255528 1.883952 4.188066
3.797564 4.382143 4.759989
2.905387 4.369415 -1.147050
3.220445 5.630083 4.322798
3.378516 4.287743 2.124242
2.595149 6.215261 -0.077797
5.225861 1.982115 4.340598
2.627724 4.920698 1.858285
3.146161 -0.381458 6.152626
6.362698 -0.078881 2.452380
4.972123 0.359882 7.179543
2.869322 1.810966 -0.266908
3.563164 2.479080 2.079918
1.738426 4.446841 3.632846
3.635727 2.857096 1.413538
3.033894 2.261053 5.318418
2.205316 3.810106 6.419283
5.624892 3.955397 1.796206
5.691428 2.090015 2.550590
3.668489 1.249941 5.028099
4.971073 6.064499 4.679460
2.869584 2.574275 1.324993
3.582528 3.638513 -0.524507
1.454952 2.831117 1.948292
3.164396 6.024223 2.959300
2.471083 3.030206 -0.313975
1.691778 4.565576 4.928648
1.822037 2.761332 3.188805
2.736836 1.150887 1.592629
2.947792 3.370570 5.651819
4.136248 1.507411 3.024558
0.653329 6.361472 2.572586
3.487677 3.918208 0.728831
2.335462 3.363967 0.132015
1.221004 3.844944 4.745092
1.336591 2.694528 4.370732
4.607679 0.200454 4.210721
2.962767 3.824516 5.845175
3.685315 4.600365 1.311785
4.067659 1.538649 0.830410
4.484406 2.258071 5.503074
0.892572 4.996877 1.976169
1.587218 4.175307 2.659155
3.435001 1.297266 2.600865
1.861111 2.485330 4.291942
3.047859 -0.218190 1.018430
4.157866 2.710155 1.444467
0.554094 1.662135 3.949859
4.043668 3.671585 1.916679
3.425192 2.925037 3.332217
4.639611 2.518058 -0.800110
2.152348 3.368947 1.045578
1.605545 1.708275 4.325279
1.126532 6.223492 3.332998
1.831449 2.046388 3.628182
1.177985 2.131689 3.704493
3.010295 1.478728 -0.641947
3.677313 1.683672 4.739258
2.515565 4.562293 1.111634
4.039056 1.184045 3.664022
3.197993 2.458278 2.316212
1.316446 4.009389 1.399512
1.420320 3.783424 6.834362
1.270345 2.828584 5.581994
3.725929 5.245570 2.622733
3.686680 0.868872 3.844047
1.172031 -0.278377 3.395262
2.590288 4.448149 4.360167
3.877089 3.379589 4.591944
5.640469 1.676231 1.119346
2.545315 4.282142 1.805802
-0.001849 3.868126 4.786234
2.002800 5.136491 1.884399
3.530390 5.408309 2.067435
3.057246 3.626689 1.777958
1.286762 3.055331 5.679157
5.025039 2.130905 0.247662
2.367525 1.150126 4.734393
4.358376 3.776378 1.220143
2.176739 4.794193 6.785558
3.670185 3.889519 5.114624
-0.856218 1.933664 3.720175
4.716399 4.518652 0.223051
1.724891 4.931363 -1.129821
0.740295 4.861042 2.545080
2.447409 1.893532 6.286294
0.961124 5.857842 6.289555
1.058742 2.179232 1.810817
3.101330 4.879613 3.862113
2.353258 2.819638 2.722046
3.992703 3.227119 -0.392854
2.670264 3.104782 2.331442
4.432677 0.845189 3.907066
1.141657 4.120167 -1.505881
5.180719 4.356833 3.124650
5.017299 3.042366 5.205058
3.649309 2.366956 4.033062
3.061370 1.591781 2.059344
3.458246 0.596389 3.595620
3.665618 5.766461 3.173492
3.353829 2.428159 1.821508
3.789881 2.748413 0.179171
2.401523 3.992966 3.557227
2.734546 3.107143 4.871010
3.002299 3.456623 3.650530
2.332854 1.689279 4.773181
2.136840 0.331782 2.602606
3.614132 5.370366 1.346533
3.070939 3.428062 3.546678
3.241347 3.612569 -1.642812
3.108244 3.429673 1.891274
4.472306 2.312324 3.600221
4.264218 2.956777 2.118563
2.366937 -0.414898 1.468506
4.318097 4.324103 -1.571400
4.573723 5.585033 3.876391
4.079001 2.722542 4.709347
2.721769 3.627591 5.601244
4.261274 5.143819 4.522698
2.114601 1.486223 3.685312
4.563647 4.711477 3.505777
2.690862 3.149048 3.231874
4.154240 1.493182 0.541371
4.213628 6.100448 5.606924
3.848637 2.766882 2.308062
1.491782 2.640766 2.346407
3.108236 7.079557 0.224647
0.419356 1.460870 3.890217
0.320486 2.369644 3.138776
1.349525 2.919664 5.567191
1.847818 2.027875 2.009123
1.759449 6.716439 4.600401
2.083221 3.019706 6.453302
0.833264 3.735567 -1.138429
3.859112 5.788359 1.756311
0.736827 4.277959 5.023518
4.652887 3.302600 3.776070
3.336784 1.336812 6.395557
2.121747 2.303463 2.984816
3.879320 1.133499 2.167940
0.044990 2.578783 3.989841
2.053745 3.280836 2.249461
1.970116 2.070392 1.905907
1.775039 1.264007 -1.224769
4.705164 2.383154 7.242027
5.431912 8.131790 5.185531
3.700341 1.375064 2.753312
2.422944 1.268960 3.787586
2.420957 2.764971 -0.432325
2.016068 1.855525 1.872088
4.277648 3.572740 4.866832
4.747734 2.133619 2.881563
1.791165 4.533471 4.049273
-0.188560 2.841713 1.970966
4.732289 2.539363 4.692230
1.387142 0.224939 -0.908382
3.706902 3.677808 5.676970
2.710109 3.542192 4.437843
2.002450 1.553158 4.835585
3.430596 2.856450 2.665037
5.528246 6.974936 0.562241
5.000891 4.209119 2.540801
2.545781 4.137882 4.121978
4.005454 6.258375 4.576437
3.648951 3.282779 3.066603
2.663024 2.320121 1.403996
4.614917 4.842286 5.395842
2.530728 1.799378 6.404587
3.765587 9.233916 1.967221
3.696651 3.818378 2.454049
4.605946 1.922561 5.136674
2.431565 -0.363524 1.547970
2.609985 2.368518 5.881194
1.179769 1.823333 5.138207
2.669758 3.987194 0.137249
3.046541 1.567477 3.728007
5.560516 4.764097 5.837522
6.351907 1.706862 2.095116
2.193808 5.384723 0.988642
0.782463 -2.099522 -0.263624
0.914278 1.694038 0.129727
0.099873 2.113863 3.467642
1.905528 2.835505 5.164212
5.123425 5.295132 2.437289
0.584482 3.858205 4.696146
2.643798 1.245582 8.133701
2.070430 4.544447 4.758962
4.760051 4.239995 3.112190
5.667760 4.386996 2.347997
1.006971 1.353478 1.879808
3.152420 0.493515 1.277491
1.449358 6.228722 5.980280
1.873753 2.981285 -0.107281
2.726438 1.140608 4.742975
1.979733 1.243843 2.492279
3.092382 4.156221 2.896203
4.238621 1.918861 6.960029
2.566136 3.853715 4.452624
2.530882 4.918652 2.891311
4.988026 6.369027 2.685850
3.601444 3.801023 2.743192
0.256953 -0.318973 3.728941
2.708202 2.628745 1.909379
1.699580 2.295671 2.480674
2.715502 3.291979 2.805427
5.113658 -0.272345 2.808861
1.961901 2.120278 1.737290
2.436100 1.801961 5.336504
4.483093 5.700108 4.398930
3.781091 2.455103 3.767023
4.235193 4.088058 0.159695
5.996090 4.535348 2.997676
2.520984 4.158524 2.973273
2.386052 5.493748 3.406966
3.909947 4.665444 3.767727
3.946855 4.655175 3.713003
5.051049 4.571962 0.527189
2.215117 2.171821 1.594896
2.237061 1.903837 1.707924
3.593436 2.868789 1.760281
3.997199 0.770632 4.768194
3.198259 2.226769 3.074089
2.304906 3.639101 2.485211
4.911991 2.558827 3.393377
2.551104 0.364312 3.071099
4.540981 1.149803 1.893200
4.837517 7.496131 -0.284665
1.384874 2.059419 5.144726
2.317935 3.252292 3.777281
2.810117 2.723753 1.457118
1.739008 2.671262 5.841013
1.806909 5.081588 4.317757
3.282216 2.759249 1.489143
2.261403 1.377925 5.897692
2.586737 2.020142 1.092281
1.943188 2.127488 2.402272
4.229472 3.770686 7.559706
2.145035 3.792977 6.479799
2.690897 3.493078 1.210088
2.799627 2.129506 3.550176
3.605761 2.253498 2.304393
2.396069 5.093595 0.438613
5.356132 6.420804 4.314342
1.621508 6.049417 1.845451
3.636154 2.490270 7.057508
-0.151031 2.460365 5.202171
3.012254 -0.899563 4.023484
3.508037 4.664982 3.071957
3.112602 3.120102 1.416247
2.874678 1.916545 5.189085
3.826819 7.859936 2.109499
2.167339 2.359034 4.285214
2.352005 1.221451 2.774257
2.108466 3.790288 7.500082
0.839276 4.299529 2.368572
3.017956 2.224618 3.992118
1.728548 0.376311 2.584986
1.944339 5.003005 1.479337
0.396762 6.896173 0.942173
1.715706 4.189138 1.057591
0.524589 3.345437 5.537654
-0.502497 3.677699 0.779766
3.990162 5.978315 3.681939
3.724592 5.112628 1.293462
3.433822 2.301000 3.230690
1.068574 -1.057947 4.449103
2.987744 2.849041 5.805220
2.248609 3.545868 2.932792
4.760918 2.188062 0.331595
3.967568 2.576757 3.911944
1.329645 2.256681 -2.086834
6.856163 3.264579 0.927440
3.910188 1.276804 3.463129
1.976475 3.816764 0.928107
3.150817 -1.333395 5.892597
4.407064 3.843164 2.900814
3.711635 1.598046 5.824242
2.193580 1.018487 2.001246
3.180310 1.620335 4.388828
4.158845 4.802022 -1.365023
2.345170 3.667632 4.354531
4.048931 5.423848 1.917854
0.740305 7.794997 4.432010
1.933528 2.650849 1.147866
1.414080 3.109935 4.362656
3.673390 2.885995 3.352505
4.006625 2.309436 3.000792
3.888149 2.431187 2.616170
4.358862 1.423559 2.019596
3.556502 2.557459 2.367096
2.842981 3.319469 3.807163
1.986736 3.361626 1.006898
3.705078 1.010821 4.378766
4.374588 7.026912 0.300906
3.005239 3.658068 2.507874
1.816889 2.102326 0.415573
1.806857 4.094084 -0.601012
1.920121 2.546595 -1.601242
-0.275461 1.972907 4.895828
1.960965 -0.611223 0.923843
3.035358 1.913467 1.165239
2.685059 -1.485233 4.703715
2.310995 3.502165 -1.469738
3.282486 2.150142 5.000229
2.607837 4.570028 4.128977
3.803448 3.382409 5.114499
2.722694 3.991726 1.911246
3.144349 0.443266 2.717732
-0.157300 2.218697 5.334602
2.750683 2.393530 3.523565
2.989405 2.271483 3.549521
3.224379 5.963068 3.624896
2.170331 1.691071 3.408297
4.716547 4.688350 3.748096
3.489092 5.505601 4.439626
1.811155 2.562070 4.693577
3.039660 4.315602 4.453240
1.117928 4.209355 -1.428506
5.124331 1.573118 3.244431
3.060719 1.280137 2.469318
2.706274 -0.351063 4.823406
3.532989 6.414029 4.077989
2.999420 0.415245 6.852832
2.519481 3.579312 0.340706
3.247432 2.176226 1.139227
0.942519 -0.920570 2.812064
4.811893 5.385451 2.252873
0.417533 3.673401 4.891854
2.675786 5.083764 1.904247
3.309584 1.993226 4.683031
2.923545 4.005576 0.592825
0.944394 4.636735 5.867667
3.597472 6.561596 2.632300
5.563325 2.208023 1.654619
2.730956 6.359234 6.541304
2.526592 4.223079 -1.561815
3.889260 4.826620 0.048329
4.444677 3.022523 2.555254
3.879548 0.404409 2.215932
3.084688 1.815750 2.628306
2.934108 2.708482 3.065750
0.541614 1.828580 2.376975
5.629750 3.385113 5.856652
5.177054 3.116912 4.734720
4.175272 4.393013 1.203732
4.295660 3.868534 5.762310
2.456780 2.844988 0.762310
4.220699 5.328220 3.241623
1.572273 1.323337 1.596508
3.569117 1.277136 -0.598892
3.480539 1.611053 2.695948
3.487790 2.828743 6.161028
2.044028 3.077334 7.931556
4.041440 3.760010 4.754502
2.585908 5.137001 5.333308
4.672778 3.563611 2.686975
4.286934 6.696784 4.272896
2.659003 3.277169 1.991280
4.653403 4.310507 6.229233
1.676502 2.128333 1.668719
2.591272 5.021614 2.799394
4.168879 4.090765 4.794260
3.361310 0.668905 6.073337
3.846192 3.120125 1.170196
3.538515 2.866675 3.217115
1.420708 0.916349 2.359127
3.380032 6.126947 1.585563
2.017208 7.330559 3.671617
4.783883 2.194660 -0.623656
1.898842 0.989391 2.604090
-0.094608 1.827218 4.691089
1.106267 -1.352783 3.254588
1.096051 4.147716 3.214380
0.845942 3.624314 1.436409
4.868774 2.037522 2.455233
2.860886 -0.214473 3.864109
4.847191 0.607528 1.609750
3.143387 1.891628 4.170698
3.450735 4.938252 4.239512
3.780974 1.920320 2.298950
2.008200 3.653511 4.345027
1.248112 5.352905 3.666116
3.480379 1.587055 -0.478870
2.702485 5.224776 4.113554
4.845634 4.886586 6.083491
3.646444 4.482574 2.273873
2.926280 4.803310 5.880141
1.775035 4.424238 0.981999
1.699459 4.106831 2.884387
2.177446 5.131634 2.535485
4.678728 1.689549 5.819962
0.863106 3.591734 4.016454
3.507542 2.907746 1.288032
3.029841 4.482832 3.922867
2.854900 3.168808 1.262719
3.542660 2.585862 1.321004
1.149025 3.987746 7.799227
0.965851 4.184046 2.346387
3.319186 3.970396 3.312897
2.926306 5.819353 5.733657
1.551111 3.403952 0.390358
4.203759 2.181967 2.295758
2.150653 2.404898 1.926074
2.485908 5.268501 0.928830
3.420380 2.862706 1.175765
2.845621 5.539402 2.341546
1.572867 5.532462 1.130929
4.295110 3.356976 1.392423
3.747322 2.117942 0.897201
2.624443 1.718515 3.959602
4.617685 0.142018 1.188188
2.058124 2.892315 2.652091
3.248980 0.776131 1.775261
2.853759 4.001157 -0.302145
3.096688 3.354299 2.271249
0.455738 4.035925 6.084399
2.488368 6.927542 3.755575
1.610297 4.605693 4.205081
4.248797 5.445266 2.875408
4.401701 1.103676 3.764360
2.938831 -1.225635 5.325670
5.978555 2.367405 3.216018
0.344152 2.587044 0.665196
5.082495 4.626214 5.401393
4.886088 0.543259 6.182612
3.742131 5.435627 4.679510
2.531211 4.037352 3.349609
3.727239 5.677442 2.255091
4.095263 4.740660 1.718922
2.435242 4.270449 -0.594771
2.384755 3.444997 1.387572
3.472995 2.996567 0.412864
4.199285 2.742682 5.453102
3.409740 5.023639 1.248472
2.305780 0.731154 0.416647
1.168540 3.899834 2.908756
1.560932 0.693146 2.893279
4.349790 4.537231 3.847657
3.477808 6.061661 3.146253
4.113195 2.949927 -1.001985
3.585828 3.472008 1.327616
4.291140 3.888198 1.562838
2.400251 4.018188 4.269463
3.523022 4.186588 2.241986
5.282538 3.909295 0.141663
3.005433 4.356981 2.498926
1.425907 4.900226 5.506323
4.651518 5.146396 3.601638
1.147082 3.693528 1.783475
3.381499 6.290867 6.839793
1.655360 0.203284 7.014678
4.157633 2.453661 -0.131759
2.599796 1.018182 0.354296
2.980232 1.717987 0.923871
1.245808 2.900422 2.409918
2.491958 3.325087 2.889702
2.672651 3.817885 -0.384045
4.605274 0.634601 4.790727
3.920876 0.052726 1.941585
3.177547 5.111295 4.675219
2.885913 4.453682 4.429376
0.829842 5.222162 5.281652
2.587373 2.537070 1.694109
2.951493 3.984748 4.645502
3.118157 6.275293 0.039423
4.920347 3.671819 1.097384
1.148730 4.938848 3.235179
1.396938 2.870425 4.169440
6.210525 4.000091 2.063735
5.245336 3.467593 2.044828
3.120145 6.206692 -1.424270
3.596515 4.565912 0.534031
2.081921 0.938733 4.166616
2.885715 2.910371 -0.110242
3.041511 -0.141234 3.817890
5.087553 2.803973 2.285580
-0.479401 0.945092 1.383789
2.009420 2.102345 1.626783
4.099843 4.650032 -2.343477
1.280915 2.884718 2.392044
3.013247 2.905069 2.963324
0.790591 7.829912 2.844955
6.458250 1.534161 -0.693202
2.030896 3.710505 4.735270
1.626839 3.040222 -0.050950
3.475148 3.206364 3.240258
2.667815 1.246040 3.956572
4.458979 6.256475 0.644034
4.909864 6.048280 2.406565
4.224695 5.460291 3.158331
5.719653 1.768131 3.854221
2.275031 2.539910 4.930862
4.712473 5.493983 7.409884
2.353793 0.398801 8.458281
2.407448 2.551702 3.139592
3.317513 1.007755 3.104732
0.670471 2.604051 0.118357
3.551624 3.992413 2.592433
3.400533 3.685708 8.052056
3.702293 1.927264 1.228056
4.444623 0.248421 1.328305
3.224986 2.667494 4.442816
5.051384 6.633156 4.990171
3.198441 2.653659 2.100602
1.906104 2.500034 1.362870
2.423298 0.906089 5.142124
1.131740 5.645044 2.030513
3.080750 0.038790 -1.122269
1.516064 3.099927 3.051634
3.381112 5.162076 4.710755
2.591079 2.571867 5.111724
2.527462 1.290209 1.433845
2.157255 0.920845 2.570488
1.156934 1.043267 -0.207801
4.782491 3.410789 0.093569
3.597796 5.283864 5.456330
2.358665 0.611777 4.259291
3.961800 1.649905 1.943257
4.195370 0.870740 2.250711
2.404349 3.461326 4.555694
1.622744 1.928415 5.447686
0.875580 5.464826 2.429971
0.425017 3.279799 4.883097
2.785177 5.390727 4.201840
3.412519 1.839847 5.443376
3.395742 3.006593 4.454046
3.330226 5.292195 5.167380
2.320530 3.024781 1.011653
2.341575 3.005356 5.963253
3.653645 -1.686496 3.085917
2.652003 2.664092 7.449068
3.782282 4.534879 5.315231
3.628042 0.991142 2.012075
3.357691 3.907213 3.692973
0.292450 1.251865 1.684573
5.008194 2.576560 3.183177
6.369867 4.235119 4.440336
2.764129 1.789317 2.848333
1.943081 3.521833 0.852687
