100
2.954262 1.715775 7.017666
1.863157 4.530793 3.856978
5.032350 3.097540 2.055219
3.493696 2.745452 2.403644
1.612255 3.171301 2.474330
2.956260 3.785228 3.750628
4.641910 0.901598 5.893310
4.553970 1.708502 3.719913
1.132931 2.304287 6.289992
1.557348 1.354848 5.943008
1.904666 3.053376 2.596409
3.263424 2.792333 4.688323
3.418487 2.123239 1.527870
2.570057 0.936780 3.932784
1.630159 7.561410 1.937483
4.864409 4.600532 -0.357333
2.614416 6.540223 2.923736
3.435199 3.654582 2.988127
2.232633 2.285710 5.210896
3.925787 3.931390 4.836646
1.896480 5.073701 0.968836
4.047155 3.619507 5.198176
3.091726 1.780819 2.896231
4.026234 4.493080 0.200046
3.049970 1.953336 2.782828
1.584916 5.601850 3.781942
2.195090 4.936035 7.490139
5.868662 6.615894 1.586543
1.830788 0.834271 1.922238
1.674062 5.132571 4.193254
2.773413 2.971545 0.190983
3.128768 3.832184 5.185565
2.968923 3.388930 1.814648
3.592397 5.013723 2.077941
3.148357 3.058746 5.770544
3.109790 3.667705 3.090813
2.741865 4.098687 5.618767
5.733951 3.704032 2.295171
1.251209 5.194927 3.853545
1.422030 5.375093 1.593220
2.989674 2.037941 2.096443
3.109878 0.625521 2.158222
2.893894 1.000932 -0.174542
3.020169 3.450322 3.025586
5.355421 1.446255 2.755111
3.877480 4.479944 2.790175
3.329831 2.868749 2.856704
4.762505 2.209423 1.363836
-0.312812 -0.028778 3.134991
4.907259 2.329217 4.088860
3.242955 4.371602 -1.774475
1.789924 2.770343 5.693503
1.410420 4.140763 1.595312
3.181100 0.803005 3.549909
4.920148 1.723083 1.334872
3.410723 3.590145 6.038371
3.762807 3.354032 5.319832
1.846152 1.884314 4.461049
0.931753 3.363445 1.180707
3.343346 4.589140 0.571276
-1.532475 2.826892 3.606081
3.454516 1.897457 2.120321
3.266867 3.819632 3.587083
4.211948 1.096719 -0.929261
3.010708 3.115788 4.958843
0.717922 3.243212 3.242072
4.115582 3.565809 1.998947
1.228474 2.492325 5.904409
3.221881 2.583772 2.241261
2.488266 3.253699 -2.184785
2.584043 6.119037 -0.476982
4.478467 4.153372 3.240579
0.750977 5.514134 0.289692
4.316782 1.317126 6.576087
1.926186 2.017781 4.006335
3.663468 3.782648 1.931335
4.063962 1.927264 4.178826
2.107517 5.123770 2.141060
1.691785 2.480559 5.688985
3.164314 -0.949876 3.047029
2.377272 4.661768 1.601442
3.245443 0.327731 5.067140
2.389979 0.994102 2.533626
3.647184 3.227081 3.227036
2.126949 3.159486 4.142391
1.115418 6.206234 4.094557
2.809366 4.130171 0.504328
1.119838 1.085112 1.506956
2.575287 2.532124 5.998035
3.371494 3.084141 4.676526
0.259125 0.173427 4.793207
1.918774 2.008737 2.155811
0.446205 1.804277 1.889578
3.018285 3.824376 4.067146
3.308831 3.540689 5.558030
3.296802 2.799214 1.560044
3.512500 1.662458 3.589279
3.321051 4.690875 5.192993
-0.235680 0.443142 4.283426
2.339143 4.235272 2.592633
