1600
8.590423 6.339455 7.167188
8.354188 8.469340 5.687518
5.086897 8.238884 15.938188
8.144489 6.670768 15.432117
7.950333 7.012987 2.659423
6.848176 12.949821 6.206741
2.724173 10.264745 11.189043
5.483271 11.324740 10.802907
5.220234 8.422723 8.129117
9.409276 8.606866 5.876488
4.867136 9.688991 10.494044
6.910260 13.323755 12.261061
5.327461 8.898393 7.342685
8.081988 8.112637 4.986582
8.524611 8.626699 15.597727
4.113588 3.831903 9.472127
9.161623 8.640853 7.869900
8.523078 9.629316 7.079310
5.361081 10.589760 12.159340
5.964050 5.841906 9.518927
5.446548 5.772619 4.784569
8.286681 8.723948 10.725897
6.292608 6.946270 8.304956
8.262031 10.031490 8.830923
4.738835 4.455297 8.605192
4.741441 6.340396 11.725579
8.599623 6.209166 6.147145
7.944823 6.467774 14.399363
5.472919 6.102950 8.365384
5.002774 12.502902 8.511448
8.699810 7.823783 14.834435
7.590579 8.794961 7.582211
6.959193 4.748344 11.410333
7.654031 9.002109 8.714690
10.434175 7.829594 4.564019
8.578194 6.753588 9.374421
3.370526 5.630349 7.427283
5.446640 8.883409 11.567040
7.358513 7.986272 8.944702
5.178611 10.042434 8.039012
7.963887 9.282053 11.673785
5.912091 10.097563 8.845239
7.311227 1.122157 7.575531
4.078461 12.348559 12.553489
6.095793 11.634081 4.279410
9.389479 10.257803 11.308546
5.714380 8.488735 7.577515
5.989340 8.078788 8.887365
7.020298 8.187080 8.386852
5.950875 9.918929 3.901102
5.597943 11.207010 7.055923
10.261526 12.452148 8.079710
5.574818 6.736792 3.643175
10.496643 6.849432 8.257494
4.339947 6.187539 10.920342
3.956711 10.263769 11.902655
5.723430 9.471254 11.332781
7.885122 5.305044 7.239095
9.836413 12.933500 11.688883
9.620724 9.324893 9.570933
6.511134 6.975553 10.512853
8.004945 7.311181 9.385972
9.580738 8.418137 12.705603
4.271492 6.160700 7.669342
3.487279 6.195559 12.989702
9.003330 7.997243 6.775951
4.305920 10.309082 13.180962
5.976659 11.269805 10.381548
9.163164 8.024786 10.226594
9.713293 9.739920 7.724101
9.317821 8.863679 13.811538
5.018096 9.278466 6.476343
2.617914 5.822663 8.469926
5.002689 7.576409 3.776806
7.999429 9.783727 9.283362
7.177091 7.503836 9.194227
4.955649 10.116806 10.154406
6.768860 7.790903 12.583126
4.697036 7.562071 6.114029
10.334493 9.597899 15.656248
4.806539 8.294756 14.293275
7.402441 8.414032 8.455266
10.725495 10.315240 5.262214
5.150018 5.358524 4.499279
7.513580 9.971613 11.922888
5.635408 12.007024 11.699861
12.972933 7.534344 7.731335
5.900444 3.407313 6.855783
4.983508 6.848247 13.019589
11.991409 7.720264 13.333066
7.202200 2.778710 10.383953
9.160000 9.227040 10.561168
7.175293 8.900473 5.002711
9.289646 9.624141 8.342694
8.964103 7.799126 7.268204
10.406235 8.876530 3.304840
8.710754 10.435971 12.901158
7.673537 7.062308 13.165212
6.207967 9.161631 17.745099
5.737692 8.524216 9.016604
3.587067 10.712969 10.834278
7.461319 6.667556 8.317268
5.103589 10.031431 9.368348
7.492796 10.187420 10.156428
4.310365 10.300290 11.268579
10.115233 6.966180 7.699929
5.180274 6.363891 7.740101
2.810401 9.844158 7.299283
8.247747 9.374006 5.754415
2.174626 8.398179 12.210858
8.755198 6.105721 3.240172
4.030614 4.833048 7.781702
7.708605 8.132268 8.351505
7.639191 7.219806 7.958168
11.769810 9.982197 10.683579
5.476355 6.168843 13.087243
7.066735 6.607552 8.611919
7.519022 10.189201 7.451565
8.829112 10.256848 7.190344
10.340299 8.585723 4.972643
7.340383 9.892672 10.806623
2.489348 8.236334 9.538449
6.964920 7.216943 6.981069
3.777518 7.698913 3.723741
11.301634 6.746309 7.646571
3.687906 7.117558 -0.536538
4.330498 8.957720 7.457771
8.055033 5.139165 11.046245
4.936282 8.333683 10.746473
7.318545 4.096673 9.096837
6.513264 8.521440 9.100532
2.379112 7.954500 10.353673
6.992191 4.910192 4.511670
7.723594 7.729823 11.618335
7.750247 9.584270 12.969559
5.825405 11.185112 6.885513
4.862267 6.972545 10.369832
7.253277 11.370529 10.896803
4.627774 11.820087 7.189891
9.299948 7.217087 10.913567
8.221304 8.839821 12.361230
8.443672 10.192713 8.101838
6.356091 10.376310 13.323575
9.529142 6.612592 8.150929
7.406594 3.873878 10.480850
6.990315 6.674386 12.561632
7.585356 10.377069 14.405742
10.937263 9.204076 4.331006
4.043780 3.028669 11.682923
6.392495 5.769913 6.682449
5.777085 9.450298 10.133589
7.682374 8.453012 2.649664
8.313243 6.117693 7.510138
1.076965 11.884823 7.939211
4.818805 7.207417 11.275584
10.142780 6.185145 11.810401
6.609316 2.500257 12.093103
5.609331 9.244472 8.380168
8.283111 3.460298 11.885337
5.357145 6.997820 9.727180
7.886591 9.392396 7.502212
4.752963 4.984440 3.766036
8.221564 9.085080 11.786249
7.142415 9.563886 3.052811
6.753486 7.582543 13.083446
9.623711 4.808262 6.294826
7.920896 7.184105 6.674339
7.020726 11.178898 5.533503
4.147891 8.764395 10.224420
4.977482 8.431456 11.202665
5.323566 10.419239 0.595445
6.518016 5.870476 7.137769
4.860298 8.097171 11.760704
1.630552 5.844727 12.403221
6.892626 7.798371 13.133593
2.682716 5.613119 5.777221
5.400940 9.925391 6.164102
10.356786 7.178228 8.128214
8.411395 6.483564 8.034101
5.443492 8.143160 4.941616
8.005274 5.977488 7.437873
9.892076 9.406045 9.036176
12.015732 7.600930 15.554742
7.540747 3.672902 3.497661
9.520282 8.274050 13.713713
8.293966 13.728333 2.883929
5.652196 7.911062 6.652872
7.316209 9.237236 10.571865
5.359725 11.135426 11.998804
3.344147 9.884069 8.975435
6.358718 6.092093 8.275309
10.716087 7.634889 3.976298
6.138864 11.204989 7.483009
4.249870 6.633923 3.810209
7.751807 7.110715 8.413808
8.850657 3.219530 12.509421
3.664699 3.413768 7.163607
9.754872 8.511291 8.575770
4.014326 10.395645 12.890017
7.706061 7.522230 7.688443
2.297670 15.378705 12.653346
8.040598 9.308479 11.560836
9.719117 11.072729 7.122026
-0.341972 9.014584 5.085068
6.975360 9.707744 6.584721
7.252944 9.454616 10.532302
9.102723 7.578282 6.077347
4.113441 9.183347 7.420338
7.730311 10.315015 15.600827
10.302981 5.642790 4.364741
7.474554 7.692033 6.594372
7.081827 5.674095 7.502896
4.027375 11.828727 10.260396
6.073189 4.994736 10.258348
5.280695 8.871972 10.566448
4.911060 13.300140 11.029514
6.577758 6.426351 11.449974
5.276324 9.084234 10.870435
9.825318 10.364802 14.088088
6.801748 8.771947 2.629287
6.723307 7.074184 9.046429
8.570320 5.928020 9.486959
8.105477 6.164635 10.222896
10.712589 3.428787 11.363838
1.056685 9.921473 11.432712
9.810654 7.411725 12.061874
8.879278 6.004101 14.020536
4.698218 8.020898 8.772015
10.147083 7.646247 9.086150
7.608337 9.428492 10.302226
8.980839 5.503914 7.050692
4.330364 9.558211 8.982058
7.088834 8.308566 9.391538
4.256587 8.452350 11.543050
4.875895 6.781776 10.088103
4.818882 0.459521 12.251080
7.195743 6.392084 8.276458
5.544433 8.392743 4.400930
8.998244 11.353167 9.736342
7.215428 10.995293 10.301839
4.511773 5.550046 10.612226
2.898016 7.014509 7.945284
8.137542 10.553104 10.324579
3.130302 5.482802 6.604135
8.182482 6.176777 8.748704
7.346146 9.014637 3.035920
8.290226 9.520676 12.360722
9.273840 4.632315 10.301644
5.742346 13.404196 7.352964
4.682327 6.403699 15.264088
7.105430 8.924526 6.364934
8.308775 8.947878 7.144265
5.530672 5.901540 11.184100
6.969934 6.580124 8.605321
6.318353 7.496057 7.790648
5.971622 10.097936 13.395546
11.961356 8.206006 11.988148
10.593086 6.809688 11.792130
4.554503 5.136087 4.194218
4.043250 11.039170 6.056944
8.416626 8.519910 6.122902
9.235155 11.161370 5.541787
9.321592 6.756375 13.392222
8.483654 5.094978 3.996762
9.240498 10.062465 10.830870
4.949976 4.844205 10.255933
6.637929 5.073992 12.649173
9.412414 3.212066 8.215462
7.709181 4.892025 8.364055
9.881790 6.152025 13.506964
6.789219 6.558419 11.885040
6.261256 9.690710 10.192974
8.639164 2.152012 13.150443
5.237554 8.953500 5.589456
9.010931 9.023972 11.802372
3.735353 9.045270 6.132761
4.362470 7.885973 11.387618
6.676786 6.750833 8.997851
4.652928 9.665875 11.614699
8.122124 14.138907 9.629620
9.797536 9.653838 11.118724
4.718677 2.799039 7.021942
5.087508 9.196653 6.931490
1.007946 4.818412 8.536014
7.982553 8.043077 7.386409
5.400216 10.856632 11.529061
1.395544 8.467203 11.409364
8.463518 11.336234 8.763641
5.631681 6.540732 7.447287
11.679470 7.805565 10.849638
8.457363 9.572730 11.697929
3.698720 10.650363 7.207172
4.575644 5.655876 11.263686
6.299776 5.737490 8.251127
9.470375 9.132365 6.712474
8.417005 0.639872 5.337701
7.846659 8.013645 13.443119
3.492847 9.305979 8.239197
11.175667 11.787836 5.722197
4.478230 9.118501 10.383120
9.510704 8.261468 9.968785
4.747580 8.544514 10.395749
5.729414 7.038898 13.021538
8.003916 7.966789 14.098050
10.427481 10.093076 7.454644
11.056171 9.237241 9.617558
6.875184 9.626987 9.101934
7.821715 4.774001 8.116393
9.720720 5.607037 9.348165
6.323461 9.074057 14.046450
10.291790 6.503269 7.546586
6.566776 10.171702 6.339731
9.013561 6.247897 11.581299
7.173316 5.933071 9.998725
4.858597 11.029882 7.616747
8.766272 9.889367 9.540503
6.033057 7.323975 8.754743
10.139437 8.074996 11.277052
6.167394 6.096249 12.597855
5.992680 9.936169 8.136692
9.921193 4.881167 13.076836
0.780468 8.577050 5.590336
8.265338 8.166859 5.186772
11.182534 8.871331 11.741910
11.903774 5.529032 12.618571
7.164133 10.020463 7.360800
3.344116 7.656045 8.459904
6.987973 5.377424 6.358645
6.928365 4.410740 2.007854
6.350574 1.813181 7.841205
4.348267 8.554019 9.276071
8.493470 9.012758 8.226262
1.583482 10.645632 9.202821
5.471702 4.797781 11.221400
5.444126 9.538394 12.675989
5.385922 13.306860 9.628000
7.635605 10.865846 9.583553
7.048502 7.896038 9.326005
7.210724 10.713524 10.483487
7.297936 5.846029 11.040587
6.506830 8.206119 10.977093
3.917109 4.414717 16.599152
3.723539 5.874178 3.679484
4.401604 10.147103 6.391851
10.640386 3.251326 4.176744
2.267892 8.760791 5.375461
6.738329 10.342336 4.122512
5.106855 9.252737 7.437102
5.662997 6.637457 11.923819
8.281348 9.706967 9.896704
8.603019 7.943552 7.356659
8.797423 4.429260 11.648271
7.917362 8.792452 9.347420
7.392338 8.947865 11.566976
7.211855 8.878223 10.543476
5.068255 6.458548 10.661993
5.947186 9.564270 7.843484
8.139401 13.476849 12.391873
7.988444 8.033009 7.963819
3.914056 8.394644 9.739931
4.366990 5.360226 6.598857
5.698678 9.330528 10.619070
6.427160 7.015403 10.163049
3.697757 7.906586 10.149842
2.777272 5.179680 12.790128
7.102220 10.077415 5.420118
5.449443 11.209732 2.849390
7.992264 8.221635 10.701157
8.547535 6.423948 6.773745
4.873493 7.317632 9.036407
7.680899 9.930807 9.843587
4.231661 7.772817 15.255889
5.617980 8.805978 7.898627
7.988521 5.884318 9.997671
8.389217 7.564395 10.070291
6.186992 7.120916 8.482604
11.661500 6.982364 5.154910
5.081200 9.401766 10.704980
4.262845 7.058042 6.642260
6.336628 9.164438 7.007295
4.932180 5.273423 4.951146
7.259036 5.086667 8.146538
8.331474 8.063949 10.356044
5.599517 8.164101 6.991187
4.524729 6.391018 6.935861
4.067581 6.602789 8.730287
3.935554 9.130953 8.440933
2.194915 5.916469 8.833525
5.985335 7.532533 9.249905
3.172397 11.504921 0.874181
3.205617 5.570383 11.751230
6.581187 7.370683 8.981170
7.880639 8.509027 11.008525
4.177513 8.373052 7.504805
8.571760 7.533333 4.691194
5.962959 11.963471 3.959474
8.192088 8.202896 13.394722
10.869548 10.973104 6.590026
5.604868 6.656819 4.980417
7.895638 13.019157 3.388122
4.437822 7.470276 14.104845
6.539362 7.872971 5.020679
6.500627 5.554107 6.516229
6.922863 7.912302 10.327133
10.001538 8.840016 11.257019
4.824483 7.919519 10.988343
8.868953 9.442740 11.811518
6.931160 10.832273 6.994835
7.007247 7.071950 11.244535
6.625712 10.122328 8.597603
5.735974 10.526279 6.690615
5.653222 8.085725 10.211340
1.890317 9.106692 10.804447
6.317364 10.871742 11.286670
8.125261 3.953630 12.964482
13.857653 9.568939 13.022547
7.299740 9.745193 12.851012
6.066896 10.446986 5.215563
8.732296 8.131279 6.950237
7.952657 10.851056 3.983286
8.075874 7.662336 12.701121
8.507288 7.300676 13.365855
5.485498 8.349107 9.050819
5.690253 6.521484 10.129021
7.550520 5.249511 10.000288
6.507821 7.613549 14.434342
9.245961 10.164275 3.324066
9.404186 5.321801 1.903530
8.537146 9.043740 7.922280
9.831321 11.685624 8.424572
3.452191 10.892912 9.727817
7.225666 9.631744 8.634676
4.422413 10.142507 7.996452
10.600470 8.300098 5.649783
1.955053 6.698885 3.432894
6.290028 5.965677 7.638830
6.763058 4.685390 9.902668
5.767672 8.326528 15.395500
4.782208 5.727511 15.662138
5.538377 8.441080 9.177004
8.350557 6.056009 8.555851
9.000200 7.978053 14.147787
4.468647 7.196125 4.674928
5.469453 6.096097 7.648458
2.203393 7.716446 8.622806
8.559579 9.835810 8.226093
8.694410 6.399739 13.708161
7.396248 7.624271 8.930420
9.995922 5.733768 6.045415
4.925235 7.798247 6.392467
4.346315 4.797615 5.764863
5.198678 9.130809 9.061771
2.719128 7.041176 9.747499
6.490222 8.993510 6.517407
7.290882 13.381887 6.668558
5.782662 8.901391 4.909970
3.532968 10.073564 11.681257
4.911578 8.787502 10.604422
7.889425 4.961453 8.948023
6.361075 9.674429 11.429908
4.600514 8.779176 9.907924
4.803812 6.923326 7.781718
11.673494 11.791634 9.971339
8.874699 10.495782 17.845838
8.470666 7.485640 9.165351
4.875706 10.028012 7.049975
11.213048 12.727247 7.696534
1.932491 5.454949 5.942756
7.931850 8.796025 5.448772
9.253200 8.712336 8.792807
10.081571 10.907700 9.096679
8.147373 8.216136 6.179727
7.730388 7.622537 9.788073
6.372034 7.291296 11.520518
7.260348 10.374772 7.321495
3.949784 13.599412 9.692966
9.064992 9.477216 6.236789
11.431031 9.917541 8.069711
11.143658 10.082603 9.378535
9.095554 7.697818 15.206870
6.245668 7.393770 2.054697
9.660178 5.022097 9.657923
5.443619 7.205116 8.539966
9.354733 7.634699 4.415725
4.936810 8.610981 8.930617
7.981639 9.950853 7.087678
5.374225 5.446334 8.707167
4.225928 9.616205 7.313646
6.641732 3.766530 13.552023
6.166323 10.141338 10.625316
5.167548 7.072637 5.418469
7.766114 8.763117 9.892098
8.035375 3.629846 12.612958
8.785304 9.526972 9.010363
6.133193 11.427697 13.242684
4.945437 8.123934 9.220594
6.829497 5.693564 8.772767
6.319650 6.553442 6.334257
9.328112 8.838093 15.639880
4.453039 3.797033 5.897949
6.372594 11.120527 10.097078
4.184574 6.840257 8.034578
7.980573 11.499809 11.839469
8.319150 10.668879 14.774408
8.388307 7.738043 12.350924
4.567109 4.184849 7.390054
6.195193 4.515434 11.627688
1.644006 8.111639 13.361755
7.095736 3.932982 6.815621
5.323863 9.057411 10.191730
4.320848 8.430866 10.301766
8.815995 8.556656 9.483121
12.410313 11.400702 11.091736
6.166289 9.503157 4.069032
2.950033 3.899357 12.321103
7.007765 8.129250 14.817067
9.093725 10.343769 6.434006
2.362092 8.940716 14.431614
4.758584 10.275588 5.131617
5.918306 7.582465 0.394262
6.431879 9.490403 8.284461
5.536950 8.145495 5.754972
10.081252 9.620741 13.015361
4.593919 8.239023 8.850818
4.868202 7.990520 12.523702
7.039390 10.021481 10.693033
8.368770 7.602295 7.322621
6.392213 7.338463 11.041539
8.585323 6.674406 12.990525
5.586300 2.470476 3.729076
8.827612 9.469795 5.906142
8.407005 4.026535 11.112154
4.011556 9.400919 10.035878
6.996784 6.702092 7.856862
9.339511 11.075299 7.055927
8.198001 2.205437 9.969925
10.431514 7.377552 8.967261
4.553333 4.517176 9.324451
5.376276 9.374490 12.009425
5.979839 9.709322 10.218287
8.824830 8.699183 6.705376
11.835823 10.136035 4.195752
2.762390 6.573829 6.772647
6.056210 11.558276 9.327057
9.161228 4.242025 7.740970
3.324646 9.299431 5.242631
7.689699 9.765569 8.615402
12.999777 4.132225 12.596138
8.960996 9.783864 11.358098
5.215196 11.188178 9.019316
6.157437 6.133871 5.198872
11.154637 6.403132 6.713655
8.723186 5.370346 9.978118
6.703088 10.193810 10.870118
9.253484 6.725679 9.429902
7.376649 11.036973 8.910565
5.629347 11.130840 12.018052
6.905618 7.158776 9.742760
8.736524 3.994034 6.284716
8.451322 9.330535 9.762869
8.650706 9.155277 7.303956
15.180502 2.113999 7.379688
4.942695 4.632722 6.959546
7.586278 5.898053 10.082352
6.049510 7.270358 7.835619
6.583209 11.241335 4.739156
6.963566 11.772938 0.256005
8.008342 7.083134 12.220424
6.586323 3.406262 9.191241
3.911418 9.718814 11.783511
5.750124 11.651127 10.164647
8.296287 10.440137 6.389509
7.928924 13.051588 10.828952
8.465736 10.378841 9.155995
6.439480 7.756699 3.197724
9.382807 9.550303 5.603366
9.666781 7.181693 4.336027
5.123671 6.400555 11.657030
4.796905 8.867555 8.837529
6.479503 9.613352 6.899579
5.833257 4.595550 13.407961
6.676297 12.164116 7.433328
10.466744 6.079124 5.927183
3.730070 6.444459 4.846456
3.249031 9.334702 13.155260
4.823564 6.831499 13.002580
7.077087 9.381013 9.379545
9.677718 15.747023 6.731002
10.308381 6.667395 11.221921
7.360967 4.589510 3.000703
5.713653 3.122464 6.376185
7.299677 9.305448 8.703471
6.864804 9.426708 10.789846
10.221638 9.397764 18.669281
11.094667 6.505115 12.131267
7.704707 5.999832 7.402244
7.006573 8.259161 9.356943
6.728885 9.099391 13.277685
6.755408 4.591968 12.098089
4.800245 7.499486 6.050373
8.510541 10.161924 4.487115
3.423464 8.430466 9.072500
7.267089 -0.473139 10.255127
8.072474 4.099489 8.796633
6.757069 5.514422 5.811413
10.335959 11.445362 6.115641
8.443322 10.562344 7.534630
5.451062 5.099821 7.236791
7.183740 6.429794 7.641111
7.541127 4.388900 9.384293
6.616033 7.076038 7.665435
10.812546 8.899297 4.607195
10.247865 7.804839 10.180493
10.888483 2.070234 7.081893
3.163846 6.769423 7.401303
6.763251 4.593466 9.841729
5.633595 9.257124 9.769384
8.681951 8.576180 5.028159
8.473861 7.369901 6.347056
13.143964 5.437095 6.336569
10.866074 6.541923 9.942272
8.458546 10.199513 5.582222
6.934186 6.954938 8.337141
8.297084 7.898514 6.668706
7.445039 12.164797 9.445919
2.692942 3.306872 9.061356
7.026335 8.383612 5.224116
8.143288 11.212474 7.362882
7.133034 9.646692 14.948451
9.917039 7.038119 12.417430
8.357976 4.368142 10.179576
5.620151 7.017540 15.397337
9.290231 8.796123 7.460464
7.143810 6.133280 7.012108
4.648632 3.897529 9.622348
6.574107 13.091578 13.052410
7.402080 10.248754 6.484169
8.872278 8.999246 10.040521
12.148440 8.883918 7.668586
8.494626 9.033013 11.861748
1.099531 7.583829 15.960848
10.044734 7.478005 9.134379
11.026631 8.963869 10.607784
8.294701 4.948660 4.328631
4.362903 5.474516 2.248747
6.658259 4.620411 11.095053
6.263463 6.470489 8.609488
7.771929 12.722993 10.897987
5.078121 7.417812 8.634726
3.064841 6.751376 10.463552
7.706665 7.246650 8.505499
2.609103 8.483933 6.729636
6.365703 4.166313 10.783580
6.717149 6.410219 10.658720
8.189261 7.726759 13.108945
10.476765 10.121770 6.738848
3.224416 5.106462 9.421829
8.829428 5.522849 9.940730
7.833805 7.772968 9.227122
5.696474 8.046694 7.609215
6.671888 12.250781 13.272566
8.202068 5.212899 8.060719
4.607359 13.832456 11.857829
8.408582 7.462587 10.970871
7.738670 8.078949 8.318468
4.637917 6.909661 4.448507
9.049878 5.036315 3.741281
6.191023 6.326223 5.280637
3.583193 8.602713 7.547144
7.553012 9.954759 6.023002
4.262106 10.161096 7.328678
8.958950 5.372475 2.192112
9.936108 8.496552 4.977495
9.354461 8.234593 17.610003
8.211930 3.920329 15.485738
7.793765 11.181907 4.769357
11.446572 7.427981 12.665767
7.823173 9.202569 11.678103
4.944782 8.522660 9.859471
5.175092 12.802269 7.484076
7.582839 7.369665 2.511978
9.867995 5.368067 12.618132
7.359054 11.222284 6.426165
8.986846 8.936005 5.633295
9.206508 8.844862 8.096619
6.212006 5.515522 9.819806
8.865250 7.706609 12.737919
5.885574 10.190672 9.069490
5.571026 4.417880 7.458039
3.359675 7.334365 11.210038
9.783600 9.755918 10.074640
4.424182 4.915378 12.626200
8.985804 10.577379 5.226710
1.335030 12.389053 8.286908
6.889473 6.011540 9.535802
6.584669 11.656788 14.045141
1.372615 11.044922 8.751386
8.223695 9.270865 6.489945
6.677302 10.597858 13.813518
6.342133 10.075708 9.614765
5.202395 5.023926 4.719353
5.372444 9.932199 8.835896
7.039950 8.641080 6.414870
4.831494 7.862636 12.158579
3.538032 8.832094 11.785529
4.770524 9.483144 2.807386
10.505988 5.740501 14.639918
3.725640 6.404777 19.826248
10.522006 5.085585 8.627019
5.683949 12.951249 1.034013
6.100109 3.855828 14.438884
3.895235 12.085317 10.981469
7.340168 8.651014 9.087035
10.567784 8.200410 7.193446
7.973721 7.562083 7.753956
9.164144 10.493445 5.289577
9.032103 7.933508 9.838497
7.250744 13.413835 12.305183
3.834964 8.903663 7.308718
4.001765 11.049642 9.333747
6.782748 5.837255 10.835935
7.213814 8.082407 3.674896
7.887858 7.534703 10.149743
5.892147 7.900004 5.485403
5.299490 8.521791 6.499828
8.382769 6.372263 12.059576
6.654455 6.564896 13.580722
4.706948 3.030982 5.685660
10.319934 5.225053 9.071755
6.511217 6.300373 10.062016
9.418422 9.540925 9.339947
10.443447 7.950726 7.719238
5.609102 9.705830 3.803723
10.896772 5.097178 8.553447
7.271830 10.823719 8.316972
8.903468 8.219168 10.109923
5.197907 9.910288 11.307799
6.134612 10.857738 15.496197
1.102072 5.930962 7.446693
7.967422 3.873380 6.508082
2.022113 4.391895 13.336165
6.958640 5.912990 10.302481
7.631979 10.708462 9.038777
10.856005 9.472391 13.118026
14.044572 10.574258 10.059753
4.390398 7.035863 5.745235
2.834384 9.704904 14.766257
8.390573 5.467157 7.465033
7.150062 5.380892 17.769447
6.545394 3.689155 11.438551
4.540436 4.427767 8.994083
4.216512 6.513792 7.682557
4.642732 9.840856 7.000685
7.713101 9.013133 9.449044
8.750525 6.005611 10.497795
7.241583 8.121049 8.077225
7.661342 6.522970 4.197929
5.630018 8.847422 7.985761
6.942785 5.283117 9.113689
8.662731 9.108605 8.709752
0.169106 6.437291 4.932961
4.973863 8.237228 10.906254
9.681730 7.332453 10.834707
6.881534 9.488710 3.870222
6.534669 6.726569 8.516707
3.396209 9.075351 6.749374
7.562282 11.109121 6.154563
7.796221 12.642089 10.082188
7.541160 5.082810 10.059528
0.507182 5.477254 15.421487
6.440882 8.072789 7.718816
7.488302 7.949381 6.971445
9.893576 11.745564 7.118367
9.393496 7.171366 10.076535
6.117609 11.977577 13.377436
6.512485 9.211105 12.301365
5.436329 12.718517 11.785591
7.632658 9.967521 12.332023
6.266004 7.733549 7.401601
8.898680 4.256411 10.966650
6.669447 10.821347 5.836693
9.895600 9.296198 7.826477
6.788289 10.131963 4.638229
2.986661 7.341049 11.448685
7.453992 6.907505 7.966694
8.857854 6.961199 11.202079
10.938313 9.405904 11.366687
10.962429 8.801426 13.651990
6.912944 9.875571 6.380760
9.205127 12.400171 6.695860
5.348421 7.956615 10.745813
10.482806 12.928056 14.010305
11.651522 6.332858 7.960840
8.142533 5.399203 9.877822
7.313035 11.529021 8.543349
3.969058 10.525865 7.758023
8.205167 8.077882 7.368914
3.776038 9.040629 13.401487
7.585708 9.466293 13.674200
6.596793 7.409548 7.793581
7.154001 8.190427 6.600051
8.567067 9.062118 12.517774
2.658188 11.912739 10.604501
8.274864 7.132018 12.725424
4.813099 6.955755 5.846147
4.425638 10.624767 13.149197
4.655231 10.537785 5.374495
10.505968 5.111640 4.133572
4.904622 9.515957 12.559245
8.519408 11.022228 8.892806
4.863952 8.241285 7.622852
5.631273 3.903161 9.008728
9.301146 8.594608 8.327034
4.364370 9.869543 9.160273
5.488680 0.460492 6.107297
7.248843 8.641184 12.072100
7.663084 8.729006 4.529152
3.332859 7.010151 13.155362
6.665432 9.183889 9.049761
7.524749 5.817282 9.730528
7.344131 7.838486 7.984170
9.706797 9.330613 3.751908
4.872012 5.679018 9.367077
8.304222 3.757361 10.950333
3.285423 9.583506 7.439372
3.869761 6.218395 6.220118
8.918166 7.788034 12.864166
4.725387 8.355013 6.708287
6.091997 10.616900 3.555512
7.647620 15.075901 5.285364
3.342977 7.544081 5.499251
6.576032 6.758555 12.153669
5.258669 2.946547 14.087182
8.308849 6.101229 0.938503
7.579880 7.050299 12.023612
10.095488 7.020535 4.990606
7.625711 10.425380 7.615493
9.528341 10.586655 6.573375
13.024755 9.285437 9.504443
3.161184 12.248489 2.177811
6.630483 8.221689 10.649091
7.030374 5.934869 11.102229
7.039615 10.898059 13.122937
4.650386 9.224589 7.865609
8.898983 6.215575 4.148310
6.597295 6.085639 11.745608
8.299650 9.837101 7.275384
2.508732 9.410979 12.402639
11.637596 9.118710 3.774117
4.746451 12.139732 10.300793
10.955304 4.869709 12.996535
6.353690 10.516490 7.547945
4.999057 9.578217 10.015816
9.692820 10.600499 5.739702
7.911873 5.003073 7.288610
6.064732 4.510985 7.378404
6.350227 12.615376 8.129185
2.552698 7.562422 9.651112
4.362244 6.086488 13.918033
8.183231 5.692062 9.668154
3.757217 10.607273 11.310587
8.599276 11.226803 11.050217
5.503829 5.653375 10.467036
10.427438 11.138865 10.368618
5.201805 6.467177 9.929857
8.221855 13.218501 9.074050
8.029195 8.277770 5.773044
7.198929 4.458075 8.425329
7.360820 10.538137 6.696514
7.373301 5.963872 11.857146
10.354195 12.921575 6.827703
3.351193 6.282107 10.290600
6.558500 11.626539 11.366067
7.821953 7.384052 8.668229
2.303136 9.568263 7.862720
9.768540 9.197192 8.829740
3.827578 9.626973 11.774470
13.366044 4.672218 7.473761
7.926578 8.341055 9.823592
7.471033 4.905724 9.031798
2.118759 6.218244 10.834162
7.057112 11.438296 8.154171
4.053177 10.754388 6.958368
7.016073 8.929864 6.991735
10.781312 6.443396 9.862551
7.849533 8.939588 7.435914
4.694126 4.464265 5.714526
4.004681 4.083533 8.603265
10.540616 5.770847 8.017226
6.812674 9.148761 6.137813
5.396476 10.837041 7.305705
9.118305 8.884258 7.963291
8.924074 7.486824 11.667366
4.331961 5.672273 10.475820
6.293101 9.008013 10.902943
11.785021 5.905845 10.863895
6.030094 6.878869 4.072425
7.220140 11.834109 13.079112
4.291415 8.044091 6.229888
4.601721 4.916096 7.629653
5.124050 11.902696 8.454126
4.227652 3.211944 10.743311
6.480611 7.268482 8.222327
4.258179 7.838525 8.058069
8.940581 10.316925 3.939527
5.774247 10.062886 3.961052
7.319781 9.639653 11.947017
12.293454 8.333651 6.930278
3.863844 5.251111 8.123342
6.994139 4.919861 13.688998
9.600280 9.113209 12.583329
9.979934 10.205444 12.254080
6.416543 8.377061 7.803561
10.458425 9.962305 7.901086
3.607103 10.746129 8.062290
11.352360 8.253870 11.573289
6.823251 3.583935 10.651883
10.302767 7.483860 6.397551
8.648225 8.240361 6.896980
4.503818 6.052032 8.808938
5.808461 9.662974 11.136177
5.356593 7.907377 4.737664
7.943158 4.956846 11.119365
7.716498 6.049573 10.389440
7.407191 4.650040 8.512359
6.636964 11.865946 12.323361
3.386847 9.869188 4.471537
4.671294 8.244183 9.015438
5.406034 6.411796 10.642962
7.038865 2.635190 9.769134
5.383980 4.843155 10.360414
6.910986 5.281036 8.722262
9.931864 8.640154 11.083605
5.185834 4.691289 11.440282
7.819062 9.814689 9.850465
8.288366 7.047211 9.409679
9.058792 7.652307 9.693050
9.711445 6.699783 6.766147
9.332123 9.613192 11.834561
8.241071 7.989912 2.547306
2.805264 4.361658 10.791619
9.304299 7.754699 10.877644
5.503085 10.072419 10.220965
9.862514 8.845596 14.088009
10.485702 10.442725 7.308877
5.385650 10.250348 10.000790
8.355180 6.446108 8.963021
9.295702 5.595539 9.268478
5.510861 7.925889 14.307852
10.116674 5.151391 7.711480
5.880891 7.966926 8.029002
4.854248 8.133828 7.430185
6.220764 7.671241 16.062574
9.368683 8.650709 7.390278
8.687026 7.103448 11.710605
10.131498 5.611296 10.516096
7.318431 7.119200 8.361263
11.485479 8.728161 8.753696
4.493879 8.629925 10.663863
11.237723 8.685547 7.698704
2.622180 8.532890 11.487969
7.756180 7.960132 14.121213
8.645817 7.216350 4.252615
3.675948 9.479001 11.896168
3.990024 10.611957 11.163219
7.247042 5.229028 11.822572
4.062700 3.640144 8.127996
7.312595 10.319228 7.396441
4.784186 4.309574 11.452875
11.787300 9.483552 4.604018
12.276996 5.061655 11.544605
5.297896 8.637703 9.571993
9.669319 9.100408 10.807971
10.330052 7.012903 8.984788
9.242564 9.127677 11.880351
4.947341 10.371506 5.315323
5.653943 7.222740 11.066172
7.136604 5.515330 5.159581
7.245532 6.994089 5.062331
14.461843 5.974932 11.837924
10.200991 11.021861 5.610598
8.221327 11.261466 11.078418
4.288532 4.782525 7.463194
4.538878 10.666082 6.702026
9.718099 5.690771 12.289277
5.377714 18.718744 12.291865
7.391667 7.347993 3.717785
4.079232 7.917109 6.544753
4.862940 6.548664 11.678547
6.528563 6.970076 7.490217
4.629039 7.433967 8.630342
10.329405 6.879919 8.325957
4.780488 7.637347 9.048948
7.902750 3.497114 8.598400
7.099410 10.446773 7.504630
7.848658 10.620562 6.940448
9.695887 8.226427 10.133818
4.893409 10.302687 7.645465
4.261443 7.832498 1.937063
7.839188 1.980678 4.355003
4.627358 10.309847 10.548747
10.248957 4.490892 10.935567
7.473185 2.212573 12.524136
7.709818 5.481591 7.278201
6.263576 5.152648 11.327303
7.340183 9.400734 12.500896
12.248384 12.124907 6.918458
4.478923 8.287294 10.679336
8.200165 6.587716 13.505070
8.068520 2.977002 9.242431
3.008754 4.368276 13.908002
6.807301 7.913985 8.520276
7.210786 5.779421 6.673167
7.713572 4.080932 9.699225
4.458450 7.433922 4.329612
5.785267 6.825431 11.065184
8.247754 10.091393 8.965798
3.704720 8.438088 6.676567
9.025338 12.587858 10.813948
9.463722 10.345031 8.157077
6.611674 8.278922 9.635621
10.046755 10.610003 8.983298
8.278461 9.078754 17.052268
11.016806 11.885107 8.095915
7.020065 4.548026 6.217451
5.344069 7.347242 7.585961
9.363790 7.072786 10.354845
7.995738 10.254539 6.608193
11.308110 8.182625 14.448853
8.129470 9.534371 9.718562
9.671769 5.186248 11.690953
5.049892 7.408110 8.972841
9.585994 8.479463 10.386384
8.605343 11.129669 9.827906
2.106678 6.510581 13.681670
9.485917 7.405972 8.190164
7.581349 4.987996 9.519808
5.621949 4.119352 5.520794
4.721226 10.013613 6.618599
6.941356 8.795583 7.742997
2.653827 9.046440 8.451603
8.147867 9.863268 8.642332
4.523330 8.039966 7.435329
9.747451 9.273828 8.914215
7.036605 8.400885 8.420746
8.426591 10.169518 2.454793
8.695923 9.545909 12.656652
6.205545 7.324390 11.703245
9.915726 2.486406 15.056728
7.436266 7.706303 7.430368
5.464720 7.864347 10.728756
1.846633 7.288742 9.984583
3.779687 4.593977 13.735972
10.812522 4.649201 6.336342
3.409436 7.866517 13.745411
2.872696 6.287800 9.965966
4.462151 6.577767 12.706282
6.253454 6.082942 6.628756
3.625172 10.953999 9.887708
8.838621 6.316158 7.096878
5.852177 11.836551 12.614637
6.165608 10.840221 9.992081
2.099606 4.685557 6.382952
8.292865 7.199175 10.911837
7.057111 9.139408 5.957644
3.376691 7.434262 9.858081
6.342067 6.613753 9.759615
4.169426 8.341282 16.571641
7.949277 7.388974 9.594673
9.320494 2.870183 7.484046
4.167453 2.236461 9.583213
2.710898 3.861653 11.521327
6.527368 6.489330 8.934676
5.959419 5.571109 15.008132
7.545359 9.993872 8.454750
7.804597 8.633636 6.574145
4.987662 9.995062 9.922271
6.343222 6.706065 7.672878
9.127701 10.778485 3.925817
8.729500 8.696814 11.671996
10.284160 9.454090 8.783103
7.726557 7.396542 9.836785
2.670141 9.922374 4.895461
6.442709 10.713636 1.464908
9.421706 9.839138 7.151861
10.067552 9.459017 5.984199
6.261970 5.547392 7.057761
2.799821 6.135485 4.518712
6.728051 5.382610 13.165325
2.678082 9.495224 14.231682
6.117763 8.687711 13.771865
7.260819 7.858357 11.715089
7.101364 7.607564 5.533054
6.688840 10.443829 8.539667
10.043185 12.473283 5.543790
4.464417 6.489434 11.698262
10.611378 7.860896 12.766742
10.357038 11.132221 6.126685
7.247686 6.198786 7.293671
6.002777 7.977187 5.575917
5.210136 6.092229 10.760365
5.701402 8.472706 6.600622
3.982314 4.114130 8.477545
8.592858 2.230232 5.475144
2.595569 7.337951 10.947217
8.917205 8.092038 9.605288
7.429858 12.266746 12.180604
12.834393 3.365174 10.716817
6.106709 11.745044 6.402862
6.224452 9.967640 8.814147
10.269658 7.289764 6.839503
10.175905 10.555522 10.817304
2.813632 6.589506 10.977614
5.355720 2.025644 7.851407
9.705493 9.161001 3.436577
8.746559 8.262275 9.061492
6.819405 10.875979 9.096987
5.991558 4.462277 7.842190
8.080288 6.049296 8.844721
8.173892 9.678937 9.718896
3.945678 11.530498 10.313644
5.675789 12.861418 6.203936
6.249446 13.242537 7.691058
7.198409 9.130764 12.010729
4.703636 6.985770 10.710959
8.858521 6.325344 14.189670
6.661761 5.532233 11.478334
5.499934 7.916521 3.423789
7.870593 9.168500 11.625399
9.442281 6.423032 13.272604
4.991629 7.888438 5.980067
5.602262 10.266576 8.118172
5.453822 6.401937 10.056882
7.393017 6.789803 5.043799
5.567537 7.500279 11.148913
5.273846 4.179585 2.183447
8.083051 8.121419 4.879412
8.852632 9.193317 5.519258
8.538549 10.850067 8.524178
7.454969 4.699529 8.636779
8.158149 8.567295 7.790320
2.861201 10.739377 9.574303
6.920146 8.449368 9.718032
5.058510 5.230189 9.247388
10.390398 3.820844 7.905360
3.236807 5.854328 12.769054
9.548687 4.584163 9.426704
7.040258 10.235006 12.457063
6.891141 6.722178 10.922790
7.610020 9.371347 10.565853
3.799444 9.178205 7.158357
5.073182 9.572053 11.998641
5.527126 10.301809 8.538491
4.102019 9.467702 12.887420
10.864152 6.068615 10.795093
9.083966 9.253126 9.620133
2.959344 15.225566 5.572654
6.560980 4.957659 9.777615
7.567627 10.123101 3.881661
7.426827 6.248104 10.998414
8.895250 5.693667 12.811643
6.649556 8.377007 13.305749
7.426769 12.155099 7.378140
4.888108 12.285383 11.539378
6.170441 10.450094 10.525659
4.121520 10.800199 9.417434
5.542477 10.858951 10.630041
7.798472 7.329494 9.573240
7.227652 8.210347 6.042273
6.578503 10.868850 11.346920
10.624454 10.706507 8.428412
8.250940 8.231153 9.844802
1.218780 6.333958 9.997937
4.500176 10.904940 10.415651
6.542111 8.332107 8.701656
7.645511 6.445221 8.158935
10.092102 5.912013 12.901195
6.379886 6.569298 9.758265
12.011974 4.073111 13.256682
9.332599 9.019767 9.052040
8.970802 11.269826 11.820299
4.215596 7.943410 4.955839
0.852307 10.953175 3.951069
7.270795 12.224707 8.235044
4.907577 10.001090 8.652102
9.394821 9.873436 8.459287
8.003465 7.673106 15.022300
11.933403 5.515568 13.164085
2.495731 5.750943 3.589916
8.767538 11.606079 11.380275
10.619683 3.923859 14.637083
12.827217 10.556598 11.535911
7.280493 9.839197 8.245409
4.574888 7.703708 7.491336
8.530956 8.982198 9.153282
7.978982 8.932661 10.307273
7.533762 8.044675 9.625474
10.201617 3.378364 4.573156
6.188597 6.148727 7.257500
8.380280 9.891882 10.858151
7.326217 8.253174 9.780347
6.160832 8.123190 5.561236
4.071936 7.172328 11.506190
4.470401 7.624640 4.484114
8.070297 7.914837 8.516304
8.199461 10.458530 8.812483
7.176672 9.158632 5.846403
7.770677 8.274289 17.127816
9.874847 5.134725 8.694800
4.653316 7.726864 5.538277
11.320195 7.363362 7.074648
10.900680 9.436554 9.161136
12.142204 9.289698 9.954449
6.637432 3.156633 5.983305
10.935940 5.055372 10.979572
3.958464 10.671337 11.839994
5.674464 10.119459 16.064637
4.100802 11.220014 3.637581
7.361077 6.151056 10.985397
6.412913 4.624956 13.686892
2.896818 12.298578 11.818299
3.521213 10.552222 3.983874
12.007094 9.367103 6.787713
6.864425 3.966836 7.492980
5.806633 6.124851 10.487705
6.655379 7.089749 7.130855
8.180152 6.790660 1.632738
6.546917 10.233892 7.226371
3.058044 8.109021 9.491332
8.278208 12.016180 14.695225
8.500667 4.450171 4.376343
4.883459 8.946171 8.613202
8.290081 10.447336 8.130945
12.729575 5.636933 7.616650
6.494869 2.095993 9.835505
8.312380 8.383822 10.271032
5.876309 8.527853 8.219692
9.046342 8.474266 10.439062
9.506251 7.501704 6.446800
4.143404 4.920847 11.373117
9.032417 8.961495 8.396187
8.990435 8.427893 8.097158
10.253341 6.814965 9.366581
6.663895 5.645481 14.231491
6.824134 9.518093 5.453561
6.805535 6.637241 3.227081
10.559952 10.625160 8.126080
11.308424 8.259946 6.942112
7.353667 4.102651 10.221256
1.774109 7.023541 8.363932
9.741210 9.329997 15.344525
3.551631 7.998080 8.836597
7.522457 6.030817 4.053131
2.833929 6.439141 6.977777
8.232228 6.147296 12.473478
3.433350 10.576739 10.926647
6.879886 8.553418 5.522318
8.001603 5.886073 8.273282
8.707931 9.184536 11.094787
6.204155 5.545913 11.734367
3.787342 8.485539 5.063012
6.499688 7.607426 3.275669
5.454602 8.032183 13.472098
5.199051 10.480198 6.618489
10.156308 8.241295 5.457482
6.007143 9.183940 6.811973
3.900005 11.274613 10.776002
8.405979 11.740075 4.492468
10.722224 7.682349 6.691996
9.492215 7.271383 3.590652
6.005129 8.915206 7.110767
4.938245 7.165721 7.149667
3.682427 7.851306 7.191425
10.494976 9.556489 9.047291
2.842059 3.803321 11.031270
8.997991 8.020659 13.452368
7.237252 6.597922 2.454121
6.075143 6.087428 4.573851
7.145781 5.821893 1.644903
5.064027 7.596345 8.862792
13.677820 10.930809 7.402688
9.189906 5.973256 9.847296
3.156280 14.409238 11.011120
7.109381 7.380077 8.629909
6.929102 6.367308 6.133727
5.151382 8.726105 6.659374
10.422817 9.409789 7.786499
7.462973 8.392991 4.710581
8.561707 6.893740 4.049183
1.924143 9.827663 6.112897
9.291125 8.296235 7.952420
5.690779 8.026079 8.253146
7.026649 9.492084 16.855122
4.685419 6.460957 9.114265
5.678662 8.873779 7.803189
5.284479 8.084890 6.953705
5.993163 10.915620 7.297764
10.391978 6.784481 3.895632
5.171061 9.157145 11.110228
8.853645 5.577981 7.805148
4.279833 3.820710 7.186632
9.349558 3.184241 14.955108
3.825125 5.631854 6.193995
6.042656 5.194290 9.762466
6.011877 10.683061 7.866068
6.768107 8.409591 8.358047
8.735272 8.755892 8.983476
7.857108 8.826579 11.289703
7.167275 8.898272 7.981366
7.314546 9.695524 8.830946
9.311459 7.775159 8.152158
3.843657 9.058927 6.380374
4.796185 6.571576 6.347842
3.313415 6.919844 5.417656
5.286939 7.677030 10.156260
10.391610 9.318423 3.777227
5.422942 11.035118 9.742996
8.057893 5.394908 7.936162
8.752585 6.385897 14.798746
6.276737 7.565604 7.819541
3.387679 7.175527 0.718245
6.955075 5.309373 7.273956
4.697496 10.159255 6.904928
5.688435 8.824845 6.599111
9.453769 7.707263 9.035782
3.176215 7.523972 9.002468
7.245737 6.234939 6.570105
2.367317 3.436638 5.278638
4.175496 8.110561 9.040063
10.482884 12.562757 11.424388
9.458945 8.926169 11.984319
8.071207 7.767261 10.007263
6.825877 7.364404 10.958587
5.634958 6.951648 7.928387
9.315170 9.800420 8.527021
11.855620 12.684853 10.955308
9.826030 7.574928 4.862127
4.954226 10.980990 10.893610
10.200242 5.688067 10.900333
6.835381 8.282809 8.364374
8.631671 10.353399 6.178306
7.897163 8.773374 10.035374
4.512583 9.151675 12.528618
6.457658 6.294572 13.693346
2.622617 5.067002 8.723949
5.875563 7.764532 9.124599
5.733834 5.635053 4.120177
6.725284 6.887470 5.175764
6.189694 6.122637 9.067054
9.279179 8.624699 11.802084
7.907413 7.485803 6.406312
3.389293 13.090520 5.189852
6.311044 7.908780 10.742088
4.482706 8.058762 7.524535
6.978796 5.486287 4.759177
6.447652 10.781554 11.659036
2.401167 9.996591 14.425727
7.000521 5.271674 6.884658
8.176296 5.885786 9.676065
7.486046 6.316713 12.530943
5.279872 9.335105 8.399552
11.393768 10.736421 9.999488
6.154552 7.523262 8.765097
2.619596 6.468568 6.205773
9.524058 3.195697 11.286255
8.411457 3.857020 8.560261
7.003659 4.169132 11.267000
2.425537 8.199465 10.219728
5.198700 6.516015 10.627717
6.610509 10.134888 10.613296
6.677741 9.283100 11.865326
8.160394 6.938307 10.954727
7.436399 9.273995 11.917731
4.882738 11.467550 6.961634
1.662373 11.318587 10.904416
6.397050 8.984649 5.592529
8.385521 11.217862 15.581477
7.124044 10.380451 13.560804
11.037469 8.558368 10.307818
3.747500 12.438712 10.361619
6.055808 10.999064 9.751753
7.594126 4.008271 9.793460
6.181796 5.623103 12.638746
7.902323 9.874533 8.657063
7.216212 8.639513 8.751098
10.020370 9.574559 11.205027
8.171465 10.548891 2.004791
5.237328 6.656895 8.238557
8.061359 5.491769 3.022339
9.512445 11.259466 11.806981
6.957262 5.500050 6.402399
4.602246 6.329403 8.796062
8.638139 9.294651 3.853776
10.000409 5.270405 12.192428
10.943147 7.433241 10.434486
5.707359 8.723386 8.743581
7.984042 3.973729 13.279494
8.597040 11.549581 8.646827
0.898440 4.905841 10.573155
8.346923 6.377980 13.626907
6.854405 7.958880 8.688694
1.434266 6.502921 5.376193
5.451112 2.742418 7.457750
7.885328 3.829574 9.652340
6.639840 9.672071 9.831548
7.947262 11.614629 5.414979
5.158200 9.308267 4.246923
8.779439 7.217275 8.456015
3.883093 6.947168 4.153058
8.886174 10.254317 14.530938
5.455030 11.789367 2.667490
9.098873 9.366175 9.524617
5.390984 8.874647 12.122838
9.601681 6.845211 8.425983
6.454171 6.794630 6.989304
9.765025 4.737460 10.685384
8.014017 7.260173 9.345054
5.914128 1.192239 12.487256
10.271656 8.722995 6.607502
1.929735 8.188470 11.014485
3.463590 10.601748 18.425023
11.656842 5.535664 10.306141
6.164114 9.251847 8.681532
7.884368 10.131691 1.467910
4.789418 10.038514 7.963798
4.308537 5.575321 8.401922
2.114851 8.876913 5.423815
9.876428 8.174667 8.970554
4.251196 8.270557 10.952790
9.948087 8.042875 7.486000
4.763803 5.378669 4.906913
5.973033 6.929911 6.107567
2.572637 5.772504 13.554063
5.792733 8.861448 7.074926
11.706498 6.114471 8.276405
4.331385 8.565323 6.747064
4.050509 11.186233 9.965756
5.499845 6.325906 8.822439
8.543119 10.385007 10.257579
2.992383 7.408311 9.791694
5.552003 7.763462 14.093242
3.620423 9.849286 4.172052
7.510486 8.847757 7.966443
7.220104 8.238886 11.548122
4.640228 9.026180 13.316328
9.739339 5.362188 9.145273
10.161925 2.998512 7.532950
8.443779 7.325411 11.303293
8.535417 11.291090 6.709171
8.061123 9.428700 7.313671
4.754829 6.554146 13.170316
7.142143 12.718583 7.443628
7.706795 7.313935 11.783986
4.564325 8.964501 7.829577
7.644055 10.627081 13.114107
8.884638 10.835340 14.078555
11.098115 8.320310 6.880200
5.758448 8.265816 11.135097
6.391451 10.829602 9.860817
7.111246 2.898882 16.719499
10.950290 11.616184 7.203868
7.607056 9.118088 11.098764
4.967117 8.731865 8.647619
6.847915 7.422775 11.072809
2.990979 6.623562 6.530145
10.420626 3.957245 9.787252
11.502698 9.704962 14.401036
7.825270 11.530570 8.274894
5.748688 7.557426 13.980810
5.515261 8.608326 10.058988
9.141192 4.509206 9.461729
5.431070 10.753893 8.623306
6.689591 7.533350 9.218744
5.505942 6.021960 9.042508
5.416195 11.068294 12.089431
11.129084 4.900535 11.906979
8.569899 5.323142 5.435275
3.146470 6.304372 12.430511
8.974913 7.113915 8.589853
9.596562 12.039283 7.551510
7.075634 8.898116 11.161527
10.652574 9.647609 7.719261
3.185453 7.178528 4.702845
7.404576 8.227171 7.439364
7.023058 12.998681 5.845979
10.542972 5.184136 10.153078
8.255837 7.444677 13.448712
11.710320 7.810156 9.205749
3.909523 6.413354 10.099945
8.514671 8.003606 5.691538
9.930148 4.843360 7.660130
6.369474 9.687520 5.571910
3.639158 6.150427 5.047081
5.917991 9.637346 14.641122
7.378766 5.481096 5.792438
8.330448 7.572085 8.622918
4.352805 7.326438 11.345399
9.834047 9.056026 11.397157
7.821191 11.075637 5.273967
10.539560 8.183508 12.249280
4.756274 11.267846 3.043695
4.620335 10.620004 11.124040
10.573129 10.400979 10.263873
1.823170 5.470932 8.073076
6.922349 5.708121 5.804419
7.457072 10.324929 9.230382
4.405474 13.524235 13.364825
3.259332 6.038773 5.375722
2.551770 5.216034 5.265556
6.436223 9.867245 9.077920
6.806237 6.419588 6.963742
4.510842 13.515181 8.972969
6.183976 11.830567 13.884300
8.675772 10.057893 8.273784
6.201675 6.120453 5.703893
6.450460 6.950917 5.373907
6.084507 7.678361 -0.511440
4.778444 12.712559 8.462899
8.024662 11.118477 11.767777
6.190103 3.762939 6.717198
10.211302 5.575463 6.397632
9.538275 8.995605 12.106637
1.410327 5.095087 9.334246
10.105993 9.472874 8.553740
9.717149 10.784830 6.472936
7.150288 11.634440 8.708978
10.764664 5.693610 4.461821
7.192263 6.322515 11.611392
7.028731 8.679941 6.115961
9.221413 8.688586 13.065056
4.468258 8.009889 3.739103
3.048443 7.110441 9.840715
8.586002 10.620872 3.343823
6.103004 9.018697 7.417919
4.474022 8.357249 6.833346
6.299525 6.409764 7.050683
6.393976 3.391400 8.459180
4.741432 8.768986 5.296737
10.430370 9.563168 12.235766
7.906704 7.277173 12.326972
8.127609 8.930841 13.709350
9.779740 8.729788 8.537359
8.317537 4.867058 8.592985
5.601108 8.930894 9.073167
8.757920 8.517878 4.682624
4.496596 3.091597 10.698456
10.886331 8.590990 5.325240
10.117187 9.223694 7.952274
4.404278 8.049860 5.366529
6.882320 12.558587 2.933811
7.053901 8.836811 9.613070
8.394075 7.279173 2.914730
5.934255 7.602218 11.642348
6.155512 6.240290 3.331064
9.827917 9.244799 11.892667
10.049979 4.564901 7.601825
1.521524 11.156392 13.616411
6.116876 8.092492 9.762208
8.908163 5.365113 12.612338
2.787498 11.166814 7.102247
9.897680 7.564499 8.455853
2.908822 8.389354 7.739725
4.227086 11.107365 10.948638
4.069899 6.158118 6.226808
6.534664 9.082972 8.584902
6.845257 7.978114 6.187580
3.917677 9.489634 6.316923
9.513064 5.084534 9.998550
9.944727 11.398312 9.939304
7.345062 8.947764 10.624465
10.617982 6.612576 6.577286
4.869539 5.125070 11.366967
9.016857 4.890312 8.046162
9.986891 9.706934 10.595150
6.685577 12.392723 0.525658
10.893010 9.392686 4.333771
3.505347 9.463633 9.724661
9.104380 9.343551 11.372948
8.296092 8.703732 8.419253
6.420675 11.140372 9.250794
8.452141 10.098323 9.092496
7.780884 8.586211 6.380689
8.308099 5.673438 9.063544
4.919941 6.797358 9.235255
6.384596 8.194163 8.556417
5.162762 6.277890 12.005112
3.524045 1.955074 11.593456
4.091862 13.689584 7.371200
5.204164 6.237539 4.681548
4.157791 9.398432 10.161612
4.295573 12.458471 5.756378
5.017256 7.984645 8.200302
7.905417 7.933745 11.456506
6.605919 7.154943 8.019778
6.287992 13.250830 18.120250
5.741317 11.915259 8.415891
8.229472 9.631419 8.859945
10.258251 4.884095 16.592155
8.978164 7.644014 6.299729
9.714399 4.676697 8.058603
