100
7.163035 9.158833 10.748555
11.429378 8.644423 10.065633
3.054428 7.309408 10.002839
6.383962 7.397123 4.154223
7.767853 7.114247 9.011797
5.264247 9.886205 6.082664
5.913074 4.962501 4.018206
6.150555 8.479795 9.114589
8.901649 6.020171 8.019581
7.895518 4.762152 7.733884
8.722233 7.596096 12.276599
8.454946 10.937837 13.113200
6.831346 9.762597 4.753380
7.201964 10.098671 8.372352
9.839904 8.259445 5.368669
11.018156 11.302696 7.936187
8.211649 4.566300 9.367014
7.774300 9.409912 8.144126
10.385124 7.648223 12.908079
6.215623 8.953236 11.261458
6.823589 7.016032 11.134341
8.704525 8.041038 9.675666
5.276985 6.277461 13.371239
6.590944 6.700667 2.101696
7.630652 9.095386 11.210315
9.343952 7.163294 12.128410
3.472702 9.230129 8.877876
8.168529 8.963236 10.320251
2.579301 6.571639 9.899446
6.047039 10.972718 4.287889
6.194494 8.057301 14.257565
5.572214 8.591575 7.969989
3.621968 7.449881 8.267736
2.752472 8.224437 0.906928
1.191143 10.441612 9.708801
5.238228 11.565884 10.565997
12.661891 2.607180 9.278290
7.120897 7.036094 5.679528
9.088691 8.828239 13.320532
8.646921 7.610596 11.447374
4.012335 8.313966 10.906624
8.572019 9.421177 9.060332
10.470977 7.207728 6.967759
4.673768 7.206855 6.314808
8.393357 7.541515 5.028993
8.262686 6.897594 9.343370
6.223816 6.500900 13.019071
5.063809 4.045096 9.860598
9.610816 7.472863 9.817606
9.751867 8.906655 10.932100
5.512272 9.585404 8.710508
6.268912 9.346079 12.354311
7.965480 6.380278 9.184825
8.835770 6.471424 12.977327
4.888499 6.053148 4.927916
9.071589 10.481646 10.143576
2.343378 10.685993 0.433835
8.758161 1.394468 12.871913
8.127668 7.724251 7.481772
6.424819 8.693218 6.580378
10.429887 8.756376 9.475245
9.885335 9.302689 3.414955
6.804533 5.291138 12.768144
10.031181 10.281175 7.325180
9.528690 8.518894 10.581900
5.516986 10.821462 12.446438
8.731293 5.918320 7.576850
7.449687 3.138749 5.976433
3.039148 6.654024 11.643562
4.984648 6.942517 9.338567
6.263210 9.277345 8.020079
9.646154 9.262652 6.151015
2.513201 9.432700 11.603040
4.156004 7.962785 7.014580
8.256880 7.169087 10.187379
6.812896 7.760829 9.986694
7.117701 9.373963 9.991525
7.972368 3.681989 12.844550
5.737714 9.950208 12.324888
4.890353 1.299413 6.155761
7.080502 8.784510 6.861006
10.032231 4.914768 3.059944
7.205134 6.814195 6.769135
7.694864 11.649780 11.817617
5.614093 7.284428 2.063748
6.180017 9.832344 8.044049
9.044457 7.362232 8.228382
6.236549 9.233915 2.120446
7.917093 10.081316 8.485388
5.552355 5.852974 13.738549
8.643469 9.797866 10.969411
4.269364 7.395905 7.930556
5.258779 9.922428 12.723912
7.667724 7.532318 11.604602
4.493933 7.349587 11.177426
11.307835 11.164602 11.411952
5.043513 7.187917 7.229674
5.128088 5.887308 10.813584
7.321622 7.919414 3.891559
10.590080 5.697713 8.849591
