e 376297 0.118452332236 -3.07762149047
t 265651 0.0836227248975 -3.57996113453
a 254024 0.0799627295563 -3.64452846994
o 244133 0.0768491995039 -3.70182595755
h 208778 0.065720005792 -3.92752358234
i 208274 0.0655613545792 -3.93101052715
r 207391 0.0652834001725 -3.93713999024
n 206993 0.0651581160798 -3.93991129803
s 193196 0.0608150391277 -4.03942805374
d 157327 0.0495240463614 -4.33572699503
l 133683 0.0420812898595 -4.57067726353
u 92466 0.0291068314457 -5.10249839279
g 83932 0.0264204634882 -5.2422004141
y 79279 0.0249557728266 -5.32448260808
w 78190 0.0246129728845 -5.34443726515
m 75238 0.0236837300663 -5.39995987383
c 67092 0.02111949836 -5.56528062223
f 63963 0.0201345387468 -5.63418376717
p 53491 0.0168381191017 -5.89212519829
b 49433 0.0155607250109 -6.00594690932
k 37043 0.0116605493613 -6.42222043021
v 27046 0.00851365218869 -6.87600613228
x 4090 0.00128746718375 -9.60124862475
j 3870 0.0012182146702 -9.68101590155
q 3057 0.000962295154213 -10.0212329157
