105
11 7
5 1
2 8
9 4
7 11
12 8
1 7
12 11
15 8
9 14
13 10
2 11
5 10
3 9
5 5
1 9
13 2
8 6
12 14
8 8
13 8
7 9
10 3
2 9
10 10
14 7
11 8
2 15
2 12
9 6
1 1
6 13
2 13
10 14
13 1
8 4
1 2
6 2
3 8
14 13
5 2
4 5
14 11
5 12
1 13
3 4
3 1
11 10
11 3
12 9
1 6
6 14
4 6
13 15
14 1
4 4
4 15
15 11
12 15
11 14
15 13
9 2
7 12
10 2
8 11
13 5
3 15
10 13
14 9
1 15
3 10
9 3
13 12
13 9
3 2
6 3
7 15
2 5
15 2
12 10
4 2
6 8
8 10
3 11
6 15
12 2
9 12
2 4
9 11
15 10
14 12
8 15
12 4
6 10
6 7
15 12
1 12
8 1
7 13
15 1
7 6
7 5
10 4
8 13
14 5
