139
3 11
5 4
6 12
12 14
9 8
15 3
15 11
4 2
5 10
2 3
15 2
15 5
13 7
13 8
6 8
13 15
3 2
4 9
5 7
14 5
14 13
8 6
1 3
14 12
12 1
6 3
9 6
7 7
12 12
14 9
4 3
9 13
11 4
13 1
10 12
5 15
1 4
12 8
6 11
4 10
11 2
4 4
14 3
2 10
14 7
10 2
9 3
6 5
13 4
5 14
7 9
6 7
13 2
7 10
4 14
3 8
10 1
10 11
2 8
3 12
1 11
6 6
7 4
2 7
6 1
1 12
10 4
13 6
1 7
6 13
11 11
10 9
14 11
15 13
9 1
9 14
6 10
13 13
8 10
7 5
2 12
8 12
5 13
14 1
15 10
3 4
1 15
15 4
3 9
5 8
12 4
2 9
3 1
3 14
7 1
10 13
8 5
8 15
4 13
5 1
5 5
11 12
11 6
9 15
1 2
10 3
7 3
3 3
14 14
10 5
7 12
2 6
13 5
3 6
5 6
15 7
1 9
7 14
15 8
10 14
4 12
4 7
14 15
15 14
12 10
8 4
1 1
3 15
11 14
15 12
8 11
11 5
11 9
1 6
11 10
11 13
9 9
12 15
14 4
