225
14 2
3 1
10 6
9 1
15 3
3 3
2 2
1 8
11 10
12 5
11 6
10 9
8 12
9 10
13 10
8 13
3 14
7 12
9 9
13 1
1 13
14 6
7 15
7 13
1 2
3 11
14 11
4 11
12 3
1 14
8 7
10 1
15 8
2 7
12 11
2 8
1 15
12 9
9 6
8 9
5 12
3 9
5 10
8 11
12 1
10 15
8 14
2 11
7 6
14 5
10 8
13 14
2 12
11 2
7 10
10 3
11 9
4 3
10 11
11 1
9 4
3 15
2 1
9 2
6 11
3 12
5 4
7 7
12 13
15 2
13 12
15 13
5 9
4 9
1 4
14 4
10 10
7 8
2 3
9 11
4 15
4 14
4 8
14 12
8 2
12 6
6 2
9 7
5 2
6 7
9 13
10 12
8 4
6 10
10 7
3 5
7 2
9 15
14 10
12 4
13 13
7 3
5 8
6 9
11 5
11 12
8 3
13 2
9 3
13 3
1 9
6 12
14 3
5 14
14 7
11 3
11 4
2 6
1 11
6 13
1 3
9 14
2 14
8 5
7 5
13 7
13 15
13 6
2 15
5 3
1 7
4 12
5 5
2 9
7 9
1 12
14 8
3 8
4 1
6 14
4 13
5 1
15 1
3 7
12 2
6 15
13 5
15 11
10 14
15 7
5 7
13 11
9 12
6 4
7 14
4 10
12 15
3 10
9 8
11 15
6 3
15 6
6 8
1 1
10 4
11 13
13 4
15 12
10 13
1 6
7 1
8 10
7 4
13 9
1 5
12 14
12 12
2 13
5 11
15 4
1 10
6 6
5 13
15 9
14 9
15 14
14 14
8 15
14 15
15 5
8 6
6 5
6 1
15 15
2 10
15 10
3 6
11 14
13 8
7 11
11 7
4 2
3 4
2 4
8 1
4 6
8 8
2 5
11 8
12 8
5 15
12 10
14 13
4 7
14 1
9 5
3 2
3 13
12 7
4 4
10 5
4 5
5 6
10 2
11 11
