225
15 9
3 7
5 4
14 3
14 2
5 13
6 14
14 15
9 11
4 15
4 1
5 5
6 12
8 2
12 13
14 11
6 1
9 2
12 15
4 10
1 8
7 6
7 12
12 7
14 8
6 2
8 11
13 5
14 12
7 10
9 5
5 6
8 9
4 11
10 5
11 8
2 9
4 14
7 3
13 13
11 5
2 13
12 8
14 6
4 3
3 8
14 10
1 3
13 2
7 15
9 8
15 13
13 6
10 2
7 9
2 8
13 14
7 11
3 4
8 10
12 12
11 2
9 1
10 10
15 15
3 15
3 6
3 13
13 12
13 11
6 10
14 13
4 6
3 1
8 3
12 2
12 1
14 5
11 9
6 6
15 6
10 14
1 9
8 12
2 11
13 15
8 15
8 4
5 14
2 14
15 4
9 14
11 11
11 13
4 7
3 14
11 10
2 6
5 15
12 5
2 2
15 14
14 4
10 15
10 11
5 9
15 1
13 4
3 11
1 4
9 12
9 4
2 1
12 11
15 10
12 4
5 11
9 13
15 8
6 9
10 8
5 3
2 5
3 5
8 13
11 4
9 7
4 8
1 1
4 2
1 11
1 10
10 9
2 12
4 5
2 4
5 12
10 6
15 3
3 3
8 1
6 5
9 10
9 3
5 7
6 15
14 7
1 15
15 2
10 3
6 3
10 1
11 7
10 13
1 7
15 5
7 8
8 8
11 12
8 5
6 11
1 14
5 2
15 12
14 14
8 6
11 3
13 3
2 3
14 9
13 7
9 6
4 12
7 7
12 14
12 10
12 3
6 4
1 5
11 6
8 7
13 1
15 11
11 15
4 4
6 13
10 12
10 7
1 12
12 9
1 2
3 9
6 8
5 1
7 2
7 4
7 5
15 7
2 10
7 14
8 14
13 8
9 15
13 9
5 10
14 1
3 10
7 13
1 13
1 6
12 6
3 12
11 14
3 2
4 13
9 9
2 7
5 8
11 1
10 4
7 1
13 10
4 9
6 7
2 15
