225
10 5
12 13
3 9
6 14
13 12
9 6
7 4
14 10
13 4
11 3
5 1
2 15
3 6
4 6
5 5
11 7
1 14
11 10
7 1
15 4
5 8
1 11
3 15
12 8
10 7
2 7
8 4
6 10
1 1
7 5
12 9
3 13
15 13
14 13
9 10
13 9
15 1
8 2
14 9
8 6
4 13
13 6
1 10
7 10
14 6
3 5
2 11
14 15
12 10
7 3
2 6
4 15
6 3
13 10
15 5
2 12
6 8
7 11
14 8
10 8
7 13
9 5
10 4
9 15
1 13
9 11
1 8
12 7
15 6
14 1
5 12
9 8
9 7
5 10
5 14
1 15
2 3
9 14
9 13
11 5
1 5
3 4
4 3
9 2
4 11
12 12
10 15
14 3
5 13
15 9
13 8
8 11
12 15
9 12
8 12
4 4
1 12
6 1
3 11
10 3
15 7
2 13
8 10
1 9
8 9
11 14
10 11
13 2
2 8
7 2
3 7
8 7
2 5
1 3
15 11
7 6
2 9
8 13
5 6
11 1
6 11
13 1
3 12
15 10
7 7
8 3
14 4
14 12
14 7
15 3
8 14
6 4
10 6
1 7
10 2
14 2
12 11
14 11
4 9
6 9
9 9
9 3
1 6
10 9
15 8
11 8
15 14
6 13
8 15
2 2
13 7
7 9
11 12
6 5
4 1
12 1
3 14
12 4
11 11
13 14
5 11
5 15
5 7
15 15
11 9
3 3
4 8
11 15
2 4
12 3
6 6
12 2
10 14
10 12
5 2
13 11
2 1
4 10
3 8
8 1
10 10
9 4
7 8
2 14
5 3
1 4
3 10
4 2
6 7
13 3
7 12
14 14
7 15
11 2
3 2
5 9
6 15
4 12
12 5
6 12
9 1
8 8
11 6
5 4
1 2
13 5
10 1
15 12
14 5
8 5
4 7
3 1
4 14
2 10
11 4
12 14
4 5
6 2
12 6
10 13
13 15
15 2
13 13
11 13
7 14
