225
15 12
11 15
13 4
11 3
3 4
7 2
11 6
6 9
10 1
8 8
2 12
5 13
11 5
8 4
9 7
13 13
15 15
4 13
4 1
7 5
2 14
12 4
1 5
15 5
10 2
1 2
6 1
12 13
2 11
13 9
5 1
13 15
13 8
7 4
2 1
3 9
5 7
8 1
6 8
12 2
13 6
5 10
14 1
2 3
15 14
3 13
10 15
13 11
7 15
1 1
10 11
13 10
3 10
9 14
3 6
4 7
15 9
7 1
7 6
11 1
5 15
3 3
14 6
14 8
1 11
2 10
12 11
1 14
1 4
5 11
15 8
1 6
10 8
3 15
2 5
15 1
12 15
15 13
10 4
12 14
14 11
13 14
9 2
2 2
5 5
9 10
12 6
10 10
2 4
8 2
11 4
15 10
5 8
12 9
6 7
8 13
8 10
8 15
1 13
11 7
14 10
11 13
5 6
14 4
11 12
12 7
10 9
10 12
7 12
7 8
5 3
4 12
10 7
5 12
13 1
11 10
3 11
1 3
3 2
8 9
7 13
2 8
12 8
10 14
10 6
3 7
14 2
15 6
12 3
6 6
2 15
5 4
12 12
4 3
12 1
6 5
4 14
1 8
9 6
11 9
15 3
14 13
1 10
1 15
5 14
9 5
3 8
3 5
15 4
4 5
15 7
13 5
9 4
8 7
6 10
11 11
7 11
9 3
7 3
5 2
8 11
4 10
15 2
9 8
13 3
2 9
1 12
4 8
4 9
11 14
6 13
2 13
6 11
7 9
2 7
9 13
8 14
14 7
8 12
11 2
6 15
8 6
13 2
10 3
6 3
2 6
15 11
9 1
4 15
12 5
3 1
10 13
14 9
9 9
3 14
7 7
1 9
4 11
7 14
1 7
8 3
4 6
4 2
14 12
5 9
14 5
14 3
13 7
3 12
14 15
4 4
9 11
6 14
14 14
9 12
7 10
13 12
8 5
6 12
6 2
6 4
10 5
9 15
11 8
12 10
