225
4 12
10 11
6 7
5 15
10 2
6 9
11 12
9 14
15 1
2 7
13 11
4 7
8 12
14 9
14 6
9 10
2 10
2 1
6 3
3 11
11 5
14 4
3 13
11 11
4 9
13 15
7 6
11 6
6 2
11 4
1 7
10 9
8 1
11 2
11 13
1 15
6 11
11 10
11 15
5 11
15 2
12 2
8 14
12 15
8 13
14 10
6 1
7 11
2 14
2 8
1 4
9 4
4 4
5 9
13 8
8 3
14 7
7 4
5 6
4 1
4 13
7 2
6 15
1 2
10 7
5 14
11 8
9 1
5 4
1 10
14 12
7 5
3 5
7 1
13 5
15 13
6 14
2 15
12 9
8 10
4 10
9 12
10 13
15 3
10 8
3 10
5 7
10 4
8 5
5 1
1 12
9 6
14 14
13 9
12 4
4 8
10 5
9 7
2 13
6 12
2 11
6 5
5 2
8 15
9 9
4 11
6 13
12 12
3 15
12 1
1 9
12 6
4 3
14 13
10 3
14 11
11 1
13 12
15 12
4 14
3 1
2 3
5 10
1 5
8 7
14 1
9 8
15 14
10 14
6 10
9 11
5 12
3 12
11 14
13 6
3 9
2 9
12 13
15 4
4 5
15 11
13 7
10 1
6 4
1 14
12 11
13 14
15 8
10 6
3 14
12 10
4 6
15 6
2 12
11 3
7 15
5 13
12 14
15 9
15 10
3 8
13 4
10 10
8 11
12 7
11 9
1 1
3 4
7 10
7 3
6 6
14 2
4 15
13 13
9 13
1 8
2 5
10 12
3 7
1 3
8 6
14 5
5 5
12 3
7 12
12 5
8 4
6 8
7 9
4 2
5 3
14 3
8 9
10 15
13 10
9 2
13 1
2 4
11 7
1 13
12 8
8 8
9 15
14 15
15 7
7 7
3 3
3 2
1 11
5 8
7 8
7 14
14 8
15 15
15 5
2 2
7 13
13 3
3 6
9 5
1 6
13 2
8 2
9 3
2 6
