225
5 9
7 12
6 11
3 2
6 9
8 12
9 9
8 6
15 11
8 3
3 4
5 13
7 14
1 4
14 7
15 5
10 9
13 15
2 12
5 11
15 12
14 6
15 13
8 9
14 15
9 5
14 10
8 14
8 2
2 8
10 6
6 1
9 4
6 15
1 9
1 8
10 14
9 10
2 2
8 10
14 3
14 8
4 4
8 5
4 8
8 15
9 8
14 4
13 8
1 12
1 10
11 14
4 3
1 15
4 12
4 14
11 11
10 4
10 3
3 15
13 1
7 10
12 5
2 15
7 9
6 4
1 11
13 9
6 14
3 9
2 7
10 15
5 2
15 8
5 15
10 11
5 14
6 7
9 6
1 6
14 14
2 14
10 1
7 15
7 1
15 6
14 11
11 6
12 3
10 5
2 10
15 1
8 8
15 4
12 2
13 11
9 11
5 7
6 6
12 7
15 14
8 7
15 15
3 3
1 7
13 14
3 10
5 4
7 8
3 7
13 10
5 3
6 10
1 3
11 10
12 9
3 8
2 3
13 7
5 8
4 6
2 6
7 4
7 5
8 11
4 15
3 12
2 13
3 6
13 6
13 3
9 1
2 11
5 10
14 2
14 1
7 3
4 1
13 2
9 15
12 6
3 11
8 1
12 1
14 5
12 15
8 13
6 13
3 5
3 14
7 13
10 13
12 12
4 2
6 12
13 4
13 12
11 12
8 4
7 11
5 6
5 12
4 11
6 5
11 15
14 12
4 7
15 7
11 13
11 1
11 4
11 8
11 3
11 5
13 13
4 13
11 9
3 13
6 8
1 14
7 6
12 11
1 13
10 10
11 2
9 13
2 4
14 9
2 1
6 2
9 12
2 9
12 4
15 10
4 5
1 1
9 7
12 8
10 7
12 10
13 5
7 2
2 5
10 12
1 2
5 1
5 5
7 7
9 14
14 13
4 9
15 2
15 9
9 3
10 8
6 3
3 1
10 2
11 7
15 3
12 14
12 13
9 2
4 10
1 5
