225
9 7
7 8
14 3
10 9
10 3
13 1
10 12
15 1
5 14
8 15
1 10
11 9
4 3
12 11
7 6
2 5
8 11
6 9
13 3
10 14
14 1
14 4
14 13
10 6
7 12
14 2
14 11
5 15
11 3
9 2
15 10
13 15
5 3
8 9
7 11
6 15
9 15
6 8
11 4
6 13
1 1
8 10
2 7
11 15
6 1
2 6
1 14
14 15
10 8
15 12
7 5
4 9
2 3
4 15
15 14
6 7
3 7
6 14
1 8
4 11
11 14
5 10
11 6
15 13
12 3
8 14
15 2
12 12
3 2
9 12
2 4
11 13
13 13
2 12
5 13
3 5
15 15
1 4
6 10
5 2
1 5
4 2
5 11
12 14
2 1
6 2
3 3
10 10
6 6
3 6
7 2
5 4
15 5
9 13
4 7
1 9
1 3
8 12
3 10
10 1
7 14
14 5
2 2
6 4
1 11
11 10
10 5
3 14
8 6
2 14
12 13
4 6
6 12
15 11
7 15
3 9
13 2
3 13
8 5
11 8
14 6
9 6
4 10
3 12
9 14
5 7
4 5
14 8
13 5
12 9
12 6
12 8
14 12
8 8
4 4
6 3
2 13
2 8
9 9
3 1
1 6
9 10
4 14
15 7
6 11
13 14
12 15
10 7
1 12
14 9
7 3
2 10
3 8
10 2
15 9
9 4
9 11
14 14
14 10
8 7
5 6
8 2
5 9
4 1
13 4
12 2
11 2
12 7
3 11
11 12
13 6
12 5
8 13
13 10
12 10
15 6
7 13
3 15
7 1
2 9
2 15
8 4
9 5
12 1
13 12
5 8
10 11
8 3
12 4
5 12
13 7
7 10
7 7
11 5
10 13
11 11
15 4
9 3
15 3
13 11
3 4
9 8
5 5
1 15
1 2
6 5
8 1
5 1
4 8
9 1
13 9
10 15
11 1
2 11
10 4
7 9
4 13
7 4
4 12
1 13
15 8
14 7
1 7
13 8
11 7
