225
12 13
2 5
12 5
10 15
15 12
8 10
4 7
6 15
5 5
9 9
6 4
9 15
11 2
12 4
8 11
1 4
8 2
15 5
6 1
4 12
13 12
10 3
15 14
14 15
10 8
11 5
1 7
15 8
2 15
12 9
8 3
4 1
2 1
8 13
2 14
4 15
13 3
11 7
2 6
3 3
4 10
2 12
1 13
13 9
1 2
13 11
11 12
5 10
10 6
8 5
7 8
3 15
5 12
6 11
12 14
15 9
14 7
2 11
9 4
13 2
10 5
13 6
1 11
5 3
10 2
7 4
10 4
6 13
7 15
10 13
4 3
2 3
7 6
11 1
11 8
4 4
7 13
7 5
15 1
10 11
8 9
1 3
1 14
6 7
14 4
7 11
2 13
11 3
8 6
5 6
6 12
6 8
14 11
6 9
2 10
13 15
12 6
13 7
8 7
13 4
7 14
6 14
9 5
15 13
8 14
9 14
13 14
11 11
4 5
4 9
7 3
3 11
8 4
8 15
3 14
3 5
1 1
12 1
13 1
15 6
4 13
9 7
1 8
13 10
9 3
8 12
11 15
5 1
15 4
10 9
2 9
14 14
12 2
3 10
1 9
15 7
5 13
14 13
6 6
15 2
8 1
9 2
7 9
15 3
10 7
11 14
6 10
13 13
11 10
2 8
11 13
9 11
8 8
6 2
5 2
5 8
6 5
7 2
14 3
12 15
3 1
5 4
10 1
3 4
13 8
12 7
12 12
4 2
10 12
10 10
1 15
5 7
7 1
3 13
1 5
15 11
14 8
12 3
14 1
12 8
5 9
2 7
3 7
6 3
15 10
14 12
9 6
9 8
11 9
9 13
3 2
1 10
14 6
4 11
12 11
5 15
14 5
4 8
3 12
2 4
5 11
14 10
15 15
14 2
7 10
3 6
1 6
5 14
2 2
7 12
11 4
9 12
13 5
3 8
4 6
10 14
7 7
1 12
11 6
9 1
9 10
4 14
14 9
3 9
12 10
