225
2 13
4 13
5 15
12 3
11 9
9 10
14 6
11 6
7 12
3 14
5 2
8 8
12 9
4 1
12 13
11 13
10 7
10 15
6 13
9 8
13 3
3 11
15 13
1 13
1 3
4 6
4 11
13 7
4 8
15 7
6 2
4 15
8 5
6 14
1 15
3 15
13 10
13 13
13 1
10 8
3 8
7 13
7 6
4 12
7 14
3 1
5 12
7 2
11 14
2 5
14 3
10 3
10 12
11 4
11 2
1 2
14 4
14 5
2 2
11 11
9 7
15 8
14 11
14 12
13 15
15 14
2 6
10 9
6 15
1 14
6 6
9 12
14 14
2 12
12 1
2 14
9 11
12 10
4 4
2 1
8 13
5 13
12 12
7 11
12 5
2 11
6 5
10 4
10 6
1 7
5 8
4 2
12 7
13 8
15 1
8 6
3 5
5 4
15 9
2 9
12 11
7 10
1 12
5 3
9 1
11 1
1 1
11 7
3 2
7 4
2 4
14 8
5 5
1 5
7 5
7 8
14 1
3 12
12 14
9 9
10 11
9 13
3 6
12 6
5 1
5 11
11 12
15 6
8 7
5 6
5 9
8 14
13 5
9 5
6 12
2 10
13 9
15 10
8 1
4 7
6 4
7 7
6 10
3 7
14 10
8 4
6 9
5 10
5 14
4 14
3 9
10 13
6 3
7 1
8 12
14 15
14 13
12 2
11 5
8 2
3 4
1 11
3 10
9 14
12 15
2 7
4 9
4 3
15 3
2 3
1 10
8 10
12 4
13 6
8 9
1 4
11 10
13 11
11 3
4 10
9 6
10 2
2 8
15 15
15 4
11 8
6 11
9 3
7 9
13 2
3 13
9 4
1 8
11 15
1 9
15 12
6 1
14 9
7 15
13 12
9 15
10 1
9 2
8 15
4 5
14 7
6 8
6 7
5 7
13 4
15 11
10 5
1 6
7 3
14 2
13 14
8 3
15 5
2 15
15 2
8 11
10 14
10 10
12 8
3 3
