127
10 12
1 8
7 12
13 6
6 12
5 3
14 6
7 14
2 1
5 5
12 14
12 5
1 9
5 2
15 14
9 5
10 13
8 15
10 6
13 1
3 15
8 14
11 4
4 5
15 15
1 7
1 6
9 13
2 10
1 2
8 10
13 2
2 2
3 6
2 12
12 1
10 14
4 13
3 11
5 11
2 5
1 10
9 9
11 9
10 3
12 10
11 13
3 5
10 11
1 14
11 2
7 7
1 3
2 3
14 9
4 7
2 15
15 4
9 3
2 6
10 4
11 5
12 6
15 11
15 1
10 15
11 10
13 14
11 12
12 11
7 6
5 13
14 7
13 12
4 9
13 8
7 15
11 6
5 12
11 8
8 2
7 4
1 12
3 3
11 15
13 13
2 11
13 4
15 12
6 3
13 11
8 7
14 11
8 13
3 7
15 2
8 1
4 14
5 10
12 15
13 9
9 12
12 7
3 14
12 3
10 10
15 8
12 4
9 6
6 4
9 10
12 13
8 6
15 9
12 2
10 8
4 2
4 10
10 2
15 3
3 13
8 8
2 7
1 5
8 5
14 2
6 10
