225
15 7
8 5
4 11
12 8
12 11
15 1
5 8
4 1
7 9
14 5
11 11
2 6
13 11
7 2
4 12
13 10
3 6
15 14
1 3
6 5
13 12
5 10
12 15
10 3
1 9
8 3
8 1
9 6
2 7
1 12
12 7
10 4
9 7
15 13
4 5
7 15
11 9
2 3
2 1
5 12
8 12
5 11
3 5
8 11
11 15
7 14
6 8
10 6
15 9
11 10
5 9
9 8
2 2
10 10
10 15
3 3
12 5
7 5
8 10
11 6
15 2
14 9
10 1
14 14
10 14
6 11
7 1
13 1
15 4
10 2
13 6
14 11
2 13
12 13
3 12
12 6
4 2
2 12
2 11
13 7
7 6
4 3
6 7
6 3
10 9
5 1
14 6
5 5
11 14
14 8
6 15
14 15
14 2
11 5
5 13
8 6
6 12
9 2
1 14
13 3
3 8
7 8
14 12
4 7
3 15
4 10
12 2
6 10
13 14
5 15
8 8
5 7
10 13
11 4
13 2
11 12
8 13
12 14
7 4
1 10
4 8
1 1
10 5
10 8
11 7
3 13
1 4
11 8
11 1
15 6
3 14
13 13
10 12
3 1
7 3
7 13
9 9
14 3
3 7
11 13
1 6
8 14
11 2
8 2
6 14
2 4
12 4
6 9
2 5
13 8
4 13
14 1
2 15
5 4
2 9
2 10
12 10
9 1
14 7
7 11
4 6
4 15
13 9
4 9
12 12
9 3
15 5
14 4
8 9
5 6
12 9
15 12
13 4
12 3
1 5
3 11
12 1
14 10
15 11
3 2
9 15
15 10
3 9
9 5
5 3
2 14
7 10
3 10
4 14
9 10
2 8
10 11
1 7
13 5
1 15
11 3
15 3
8 7
1 8
4 4
7 7
1 2
6 2
9 4
6 4
9 12
9 14
3 4
9 11
1 11
5 2
7 12
15 15
10 7
8 4
8 15
6 6
1 13
14 13
9 13
15 8
5 14
6 13
6 1
13 15
