89
13 10
7 7
12 10
5 7
11 10
15 15
8 11
9 14
8 3
3 6
14 3
11 4
4 12
1 7
8 2
3 12
4 10
4 15
11 8
6 14
2 12
13 1
8 7
6 7
9 15
5 15
3 15
10 13
5 3
4 14
14 7
13 11
9 10
9 3
7 13
10 6
11 1
12 12
15 1
11 2
1 5
7 11
6 11
13 9
1 11
7 1
5 4
11 13
14 4
7 5
8 9
10 4
9 13
15 8
14 10
2 6
6 8
10 5
4 2
7 10
2 11
14 12
1 4
7 14
13 2
15 3
3 8
8 15
9 8
11 12
14 11
7 6
11 6
5 2
7 12
15 5
4 8
12 6
12 5
15 10
13 6
11 3
1 15
5 13
13 5
7 4
4 4
12 2
10 9
