100
1 7
10 12
10 13
10 6
15 1
13 11
6 10
2 14
6 15
13 10
5 2
9 12
4 2
6 4
8 12
12 8
11 14
11 12
3 5
2 2
6 7
12 3
8 13
1 14
5 5
8 9
7 1
10 10
12 2
14 9
2 1
14 12
12 1
9 6
4 13
8 11
2 8
14 10
9 11
4 3
5 15
12 10
15 5
8 14
13 1
11 6
6 14
1 12
5 10
9 9
3 8
10 11
5 9
1 11
9 5
15 13
4 11
9 1
1 5
2 10
5 4
9 15
6 3
8 15
11 8
15 10
11 10
10 7
8 6
6 8
12 12
10 8
7 2
2 9
9 3
4 4
14 14
5 11
8 4
15 3
11 1
5 3
7 11
11 3
6 9
13 15
9 14
9 13
3 12
8 2
8 3
12 9
3 14
11 13
5 8
13 9
14 6
14 8
10 9
11 9
