124
2 10
2 7
12 11
15 2
6 7
12 8
7 10
1 2
12 13
10 5
8 12
3 12
7 2
15 1
5 10
14 6
12 15
4 8
3 11
2 8
2 5
7 1
6 8
2 3
5 3
14 12
15 13
1 15
13 6
9 3
2 14
5 11
9 13
4 2
2 2
9 10
14 14
1 3
4 1
5 14
13 13
12 9
9 5
6 4
6 14
5 15
9 14
4 13
13 12
14 11
14 5
13 3
3 2
15 14
10 15
10 7
3 8
5 7
8 15
11 2
5 9
12 3
6 9
5 8
2 12
14 3
11 15
9 6
7 13
5 13
12 6
15 7
3 6
8 8
10 11
8 4
8 6
4 4
11 3
11 6
11 11
8 13
10 14
2 15
3 9
6 2
12 4
9 2
15 11
11 10
1 7
11 4
3 3
6 15
12 5
10 2
1 10
2 6
5 6
1 6
15 3
8 10
12 2
15 12
3 15
9 9
1 9
6 1
3 14
6 13
12 14
1 11
3 4
7 14
14 13
9 8
3 7
13 8
11 8
10 12
5 2
8 5
8 1
13 2
