125
10 4
6 3
3 14
11 5
15 6
6 10
5 6
6 5
10 2
5 13
4 6
9 14
12 15
15 14
14 9
15 8
4 5
2 7
3 10
10 1
11 14
13 2
3 7
10 14
4 13
5 12
4 8
3 3
6 1
12 6
9 15
13 5
6 8
15 7
8 2
5 7
2 1
8 13
6 11
10 6
2 5
7 7
1 13
14 7
11 13
9 1
9 11
6 12
15 10
11 2
2 13
6 9
7 8
12 9
4 11
7 5
15 5
11 10
9 4
2 2
6 13
9 8
14 3
12 12
1 1
12 8
8 12
8 9
4 3
14 5
4 1
3 5
8 8
7 4
4 9
9 12
10 5
4 10
6 6
8 14
14 2
9 9
11 7
7 13
12 14
5 10
14 14
8 4
9 5
15 2
1 2
15 4
3 6
1 14
9 13
12 4
15 15
8 5
13 12
1 4
3 2
3 4
13 15
15 13
5 11
10 9
3 15
12 11
12 5
9 7
2 9
8 15
8 11
5 3
4 4
2 15
3 8
13 10
14 1
14 8
15 3
10 7
6 7
8 1
1 11
