120
5 2
10 6
12 12
12 1
14 8
2 8
7 12
5 5
6 12
4 8
4 1
12 6
8 6
11 2
13 8
3 7
13 7
3 1
7 8
9 8
15 15
4 11
11 1
8 15
8 11
7 11
2 14
1 3
7 4
11 11
11 14
3 8
5 1
10 4
7 5
7 10
5 14
9 4
9 7
14 2
5 15
12 3
14 5
12 8
12 11
4 4
4 10
8 10
11 4
2 6
10 7
1 6
4 14
10 1
6 13
8 3
2 11
6 5
13 6
14 15
9 13
13 15
6 7
1 7
14 7
4 7
1 1
14 13
6 3
3 11
2 4
11 6
1 15
12 2
3 5
3 13
3 10
15 3
10 5
15 7
13 3
15 11
14 11
13 13
9 15
5 3
11 7
15 13
8 14
1 2
2 12
4 13
11 3
15 9
13 12
5 6
14 1
8 9
12 5
3 2
9 2
9 14
2 5
12 13
10 10
14 9
11 13
7 1
2 15
13 10
4 6
13 9
7 13
13 4
10 11
4 12
14 12
4 9
12 10
3 6
