100
15 3
5 4
8 10
14 12
13 5
11 13
7 14
14 1
4 8
1 7
8 7
3 4
12 7
15 14
2 8
7 9
2 3
12 1
4 2
7 7
14 13
12 12
6 15
4 6
13 12
5 15
15 1
6 8
6 4
13 10
2 4
9 15
8 5
5 7
11 2
10 15
9 9
15 15
7 12
10 13
14 14
3 15
6 2
7 8
14 3
14 9
12 8
9 14
11 15
11 1
4 11
7 13
8 1
6 13
14 15
2 9
2 7
10 7
8 13
7 15
6 1
11 9
3 10
14 2
10 4
15 8
3 3
7 11
4 15
10 5
14 11
11 6
8 2
9 7
1 12
5 2
1 1
5 8
11 8
12 5
8 15
10 8
8 14
8 8
15 4
13 1
3 9
2 10
6 14
5 10
12 11
3 7
7 6
15 13
4 9
2 13
11 7
11 4
10 1
7 10
