        28.8149
         35.292
        28.6511
        33.0091
        33.9553
        29.9394
        37.7491
        30.3257
        27.2352
        28.6274
        33.2129
        34.0148
        32.5481
        31.2875
        32.2154
        31.9396
        30.6315
        30.9822
        35.2971
        29.3019
        32.4254
        33.1219
        32.7526
         36.172
        32.5441
        34.2029
        33.8283
        29.1841
         31.468
        31.4647
        34.1576
        31.7936
        34.4686
         31.358
        33.1415
        33.0749
         29.776
        32.7758
        31.6717
        31.4404
        31.7204
        32.3622
        33.0567
        32.9904
        34.6118
        33.2718
        32.5041
        38.0769
        34.6399
        35.5397
        34.8442
          29.75
        34.8147
          29.36
        28.7101
        33.9013
        32.5848
        31.7126
        33.3415
        29.6954
        30.9247
        31.7351
        30.7917
        31.0239
        26.7799
        34.3916
        34.3059
        33.6399
        34.8572
        34.1185
        33.0742
        31.5778
        29.4559
        31.2732
        31.2048
        32.4397
        32.6522
        28.7319
        31.9714
        32.4188
        31.7307
        31.9693
        35.7307
        36.5547
        35.2883
         31.544
        31.7742
        34.4666
        29.1141
        31.8629
        31.7086
        31.2622
        33.0719
        32.5228
        36.0387
         33.725
        30.7768
        35.0934
        32.7379
        35.0666
        35.5303
        34.2614
        32.3091
        31.4327
        30.0036
        31.2274
        31.3917
        33.5067
        33.8787
        34.0326
        34.5486
        36.4024
        35.2027
        33.7251
        35.8837
        30.9429
        30.4249
        31.1583
        28.2326
        32.3345
         31.757
        31.7835
         31.427
          31.58
        32.2481
        31.2556
        29.5877
        27.2959
        28.6163
        36.7874
        32.4635
        32.3205
        29.8316
        33.6629
         34.897
        31.7283
        28.9411
        30.2587
        33.4671
        26.5354
        29.8137
        32.9637
         32.136
        31.2596
        28.8287
        36.1802
        35.0429
        30.7868
        34.9736
        33.7923
         33.464
        33.8127
        31.6468
         32.136
        33.3379
        30.9215
        30.0649
        30.2318
        31.8661
         32.366
        33.9386
        30.2069
        29.5376
        31.4456
        33.7437
        33.0518
          32.06
        33.0005
        30.2732
        30.3427
        34.4012
        32.5019
        32.9775
        34.5702
        33.7375
        34.6448
        35.4995
        32.7988
         35.956
        33.9602
        30.2754
        34.4655
        29.3786
        28.2119
        32.5405
        30.7911
        28.2799
        31.6541
        33.7244
        29.6083
        26.7725
        27.7839
        30.5231
        34.0531
        34.6575
        33.4105
        35.4717
        35.4473
        34.1617
         31.795
        30.1348
        29.5605
        31.4867
        32.9458
        33.0639
        37.2417
        34.4518
        31.9313
        33.0397
        30.7625
        31.2441
        34.1968
        32.2341
        34.0867
        31.7258
        32.1924
         32.739
        28.5731
        33.2187
        34.2998
        33.3378
        35.5781
        31.5649
         30.011
        30.6586
        31.9373
         32.333
        34.0246
        30.8338
        35.1205
        30.8294
        30.0402
        29.7262
        34.9701
        31.0107
        35.4525
         34.885
        32.9827
        32.9292
        35.2133
        33.0793
        34.1356
         35.422
        33.7616
        32.1679
        30.4121
        31.9094
        27.2027
        30.4279
        31.8766
        33.9989
        28.8248
         28.371
        26.3856
        24.8082
        29.8906
        26.4648
        34.0061
        32.5073
        34.8361
        34.7521
        33.3538
        34.4569
        35.1928
        30.5911
        32.9212
        31.2879
        32.9076
        30.8137
        30.3688
          32.71
         32.056
        30.8846
        31.7181
        33.9738
        33.3248
        29.1084
        31.8559
        33.2916
        28.2867
        32.0831
        34.5228
        33.8755
        31.7946
        31.6921
        31.0748
        33.4761
        34.1534
         32.573
        31.5828
        36.7085
        31.5378
        33.8056
        32.9953
        30.7768
        34.0241
        29.5251
        31.6752
        32.7939
        36.6813
        34.6798
        34.6359
         35.243
        30.9788
        33.7842
        34.5135
        32.1238
        33.9772
        31.1728
        30.4544
        31.3894
        29.1763
        28.1579
        34.9468
         32.392
        29.4511
        26.6658
        26.4372
        28.2254
        28.8773
        31.2455
        33.1134
        33.4211
        31.6382
        33.9825
        31.2077
        33.4688
         32.813
        29.4694
        31.1873
        30.1877
        30.0896
        29.5953
        33.0263
        31.6362
        32.3081
        33.1139
        31.1456
        31.2178
         34.599
        29.6997
         32.218
        28.3928
        31.9256
        30.8654
        30.0101
        29.1062
        26.2786
        21.7776
        22.7995
         25.283
        28.4572
        34.9048
        32.7333
        31.1738
        32.7817
        32.9847
         35.989
         31.635
        32.1641
        31.4165
        30.4801
         31.291
         31.798
         32.862
        34.8517
         34.023
        36.2857
        34.9606
        32.8501
        37.0278
        33.7987
        31.0009
        28.4998
        29.9751
        34.9225
        28.3809
        27.5478
        29.7717
        26.6062
         28.451
        31.5067
        31.0239
        28.3469
        34.5135
        34.2549
        34.0747
        33.8893
        32.8519
         34.976
         36.105
        35.0267
        32.4093
         32.088
        29.1436
        30.8372
        34.2614
        29.6113
        34.1595
        33.3402
         33.248
        35.0934
        33.6285
        30.9884
        31.0448
        31.1492
        30.8458
        30.8379
        29.8712
        27.0061
        22.7906
        22.5578
        21.3796
        21.6406
         21.517
        23.6763
        24.8502
        27.0713
        27.8892
        33.9973
        33.5987
        31.9436
        32.6958
        30.2936
        31.4133
        34.7202
        30.3061
         31.431
        33.8373
        35.6125
        33.3235
        35.6825
        34.7908
        32.4789
        34.2149
        33.7113
        32.4211
        34.2113
        30.3882
        30.2406
        31.6839
        26.4214
        27.6664
        28.3591
         31.662
        28.7337
        32.2525
         31.605
        30.8568
        33.2192
        32.7478
        32.0562
        28.9316
        37.2648
        34.2837
        32.8112
        33.1967
        28.1864
        28.6637
        30.2578
        30.6199
        32.2204
        31.8761
         32.227
        30.6123
        29.9767
        32.7523
        31.8983
        26.8319
        24.4458
        25.3599
        28.8989
        25.4016
        24.4782
        23.4942
        22.0478
         21.351
        24.6416
        22.0708
        22.7608
        25.3997
        27.4706
        25.2527
        25.7501
        29.3368
        31.3954
        34.0772
        33.5373
        32.0819
        31.8966
        30.0644
        31.6932
        36.8864
        34.9118
        34.9555
        33.6263
        32.9904
        32.5689
         32.094
        34.6474
        35.4008
        33.8761
        37.5695
        28.2848
        36.0589
        23.9569
        29.8405
        29.8393
        31.2734
        27.0296
        26.3139
        29.8841
         27.604
        32.5232
        31.1503
        29.8483
        33.1549
        34.8794
        33.3447
        35.7606
        32.2879
         28.769
        31.4893
        29.4047
        31.2093
        29.7678
        31.4034
        29.7651
        31.5746
        33.3259
        31.9911
        33.0793
        22.5439
        24.8425
        26.8515
        27.5452
        27.0845
        26.8677
        24.7536
        22.6406
        22.3487
        22.6763
        24.8244
        24.6284
        24.3674
        26.4672
        31.0233
        24.7063
        26.1507
        29.4846
        32.8196
        35.0067
        31.4755
        30.7028
        30.5936
        35.2715
        32.8879
        31.5249
        34.4763
        31.7248
        32.8276
        33.8795
        36.2771
        34.2837
        34.7313
        34.3696
        32.9042
        30.1641
        26.6933
        24.6047
        30.0275
        29.4889
        31.3049
        27.5446
        29.5705
        29.4422
        30.1243
        32.4819
        29.3345
        25.3252
        34.1953
        36.1551
        34.5236
        32.6403
        31.2568
        32.0321
        27.6648
        27.8735
        31.4286
        31.9993
         29.376
         29.789
        32.2972
        29.9806
        36.3419
        24.9746
        23.8285
        27.6109
        31.4804
         23.167
        24.2265
        23.0996
        23.4052
        21.7576
        23.1261
        21.8212
        24.0316
         24.954
        25.5909
        26.8308
        27.4811
        26.1881
        27.1009
        25.3198
        24.5707
        31.3546
        31.0125
        31.2458
        31.2724
        31.9385
        34.2932
        34.6921
        31.7979
        33.5036
        32.4631
        34.5024
        32.3305
        34.8317
        33.8373
        30.8576
        34.2789
        30.5513
        26.2739
        29.1915
        30.2606
        28.4818
        29.9495
        27.7155
        28.4488
        29.3652
        27.5349
        31.7232
         30.564
        31.3654
        31.1479
         35.795
        32.3274
         35.541
        30.1215
        29.6019
        32.8753
        26.6955
        29.4124
        32.6026
        33.5775
        31.7345
        29.6223
        30.3943
        33.0839
        29.9598
         27.057
        28.8601
        26.3062
        26.6201
        24.1585
        23.9303
        24.8376
        23.6272
        23.9261
        22.9165
        24.7429
        26.1013
        25.6355
        28.1471
        29.0785
        32.6317
        32.1551
        31.3896
        25.6193
        26.6106
        31.5191
        29.5495
         31.318
        31.3965
        33.5824
        33.6102
        33.0011
        26.5306
        30.2066
        33.4928
        34.6399
        33.9405
        33.4795
        32.2635
        29.7056
        28.1031
        29.8816
        28.3796
        27.8559
        29.3193
        27.7752
        25.8454
        26.9538
        26.8814
        28.4689
        31.8252
        30.9748
        31.2826
        30.8489
        35.3506
        34.7172
        35.5336
        31.2766
        29.9037
        32.4043
        29.9402
        27.1312
        32.4437
        32.6268
        29.5864
        33.6399
        30.4827
         29.041
        30.2782
        29.2574
        26.9169
        26.9493
        25.2487
        25.5755
        25.0614
        25.2676
        24.5824
        25.5693
        23.3714
        24.2416
        24.0363
         26.977
        28.7185
        30.1696
        31.4294
        30.3977
        28.2727
        28.5105
         24.884
        30.7119
         31.306
        31.6558
        35.0717
        32.7674
        33.4415
        30.5437
        29.2941
        28.6862
        30.2911
        31.3427
        35.5781
        34.8436
        35.8828
        29.9946
         22.809
        29.4068
        29.5093
        31.2471
        28.0979
        28.7265
        26.8092
        29.0467
         31.768
        29.4531
        29.3451
        31.7528
        29.4801
         31.351
        33.5895
        33.6982
        31.7874
        28.2758
        29.7325
        31.8404
        27.6678
        32.0429
        28.5489
        34.4271
        31.3458
        32.8356
        26.3598
        29.2757
        27.3391
        28.9462
        26.5611
        24.6224
        25.3558
        23.4465
        25.4376
          23.42
        23.9746
        23.8002
        24.3737
        24.1929
        27.8854
        30.1121
        27.6522
        27.1993
        28.2966
        30.7284
        31.3573
        32.6595
        28.4405
        23.7569
        29.5819
        33.1355
         34.963
        33.1134
        28.6212
        33.5948
        23.8107
        24.9789
        29.7805
        34.6242
        34.8743
        35.7091
        28.1785
        26.4511
        27.6148
         27.645
        30.7162
        26.3612
         28.492
        30.0605
        27.2274
        31.6303
        30.4457
        33.7769
        30.1381
        30.9935
         30.499
        32.2562
        30.9158
        33.3596
        33.6718
        32.5915
        29.6777
        30.7978
        30.0637
        32.9152
        31.4436
        32.5182
        32.3206
        30.9994
        21.8151
        26.9387
        27.7655
        29.4547
        26.8096
        24.1553
        25.5221
        24.8453
        23.1941
         26.475
        23.6878
        23.2322
         24.485
        25.5224
        26.6495
        28.1066
        29.6441
        31.0593
         29.933
        28.0144
        31.7982
        31.7258
         30.527
        26.8621
         21.285
        32.3706
        34.7216
        37.5238
        35.5152
        31.7721
        29.0236
        31.1177
        29.8297
        26.5709
        26.2239
        27.3044
        26.8895
         32.595
        28.3243
        28.6433
        25.8694
        29.1168
        32.0267
        27.7323
        30.9149
        28.8627
        33.4123
        32.5498
        28.2053
        33.2287
        29.9635
        30.9575
        36.9133
        37.8167
        31.9845
        31.0315
         29.697
        30.9487
        32.5279
        30.0102
        29.0899
        31.8005
        30.5109
         22.991
        23.3724
        30.1257
         27.639
        28.3714
        23.8816
        27.6868
        25.3426
        26.6416
        26.1263
        23.3717
        24.3191
        25.6059
        25.7763
        25.7087
        24.0227
        33.8986
        28.4626
        29.6016
         28.939
        29.4083
        29.5025
        33.7187
        31.8559
         32.277
        22.4887
        24.6001
        30.9689
        32.7457
        32.1374
        30.0807
        29.4899
        32.2767
        21.6339
        23.5852
        26.9892
        25.4657
        23.6775
        26.1889
        27.7995
        28.2347
        27.2748
        27.5565
         27.765
        28.7517
        33.1508
        31.1778
        37.8167
         34.609
        28.1967
        29.5414
        29.0029
        30.2959
        34.7026
        35.0934
        35.9342
        29.0496
        31.1783
        29.6564
        33.1526
        34.4385
        32.8746
        32.7505
        30.0863
        24.4292
         23.823
         30.849
        26.3379
        25.0794
        25.8004
        25.7529
        24.5597
        27.3699
        23.9308
        25.1043
        29.1515
        23.7962
        24.1241
        26.2292
        26.3655
        29.2854
        25.0508
        25.8552
        30.2034
        32.2906
        32.7942
         30.431
         31.372
         32.231
        31.7894
        23.7402
        31.2409
        34.3871
        32.7633
        29.7584
        23.9656
        22.5115
        24.3178
        24.6504
        31.7641
        30.8034
        21.9489
        33.1949
        24.6943
        30.2563
        27.8952
        32.7271
        27.0596
        29.4929
        32.0552
        36.3286
         34.561
        36.4798
        33.1143
        29.3493
        29.4409
         31.607
        36.1773
        33.6206
        35.0908
        31.4283
        32.7161
        31.2733
        33.6717
        29.5221
        34.7599
        31.4243
        32.1294
        21.9739
        27.0984
        27.0685
         25.248
        26.1513
        26.7963
        25.4665
        25.9366
        25.8322
        26.5222
        26.7459
        25.4009
        28.0536
        29.1887
        24.6946
        24.5494
        24.6045
        26.1426
        30.4175
        29.2138
        29.3152
        28.1328
        27.1392
        31.3763
        32.4482
        33.2743
         25.103
        27.4119
        33.6247
        35.2961
        24.8903
         25.172
        27.6082
        29.9541
        32.8794
        30.4693
        34.6971
        22.5983
        28.0616
        26.4979
        28.7731
        29.9708
        28.3974
        28.8083
        34.6535
        34.8885
        35.8744
         33.012
         33.022
         33.012
        32.5228
        32.6159
        32.1161
        32.6576
        35.6221
        32.0117
        34.1001
        28.6852
        28.2929
        32.4463
        30.6977
        30.1642
        32.5831
        31.8803
        22.5312
        27.8099
        26.6412
        23.8727
        26.4974
        26.7691
        27.6657
        26.6766
        25.2814
        27.2709
        23.6633
        28.0453
        26.1013
        24.9377
        24.2929
         24.722
        26.6522
        27.4874
        27.7263
        29.9641
        27.9958
        25.5152
        28.6567
        31.1084
        31.1506
        32.5433
        30.8423
        26.0497
        28.5274
        24.5168
        22.0867
        25.2368
        32.9976
        34.0043
        34.3742
         34.117
        35.8271
        21.9518
        27.7082
        28.4084
        28.6718
        28.2662
        31.7817
        32.0085
        35.4264
        33.2794
        33.0793
          33.53
        34.1732
        33.1754
        27.1723
        31.8991
        33.5907
        32.2643
        34.2525
        35.8114
        28.8516
        30.9129
        28.3271
        32.7991
        33.2524
        33.4511
        32.7142
        29.6058
        21.0239
        22.6703
        26.4216
        27.2022
         26.766
         26.902
        27.2344
        25.5328
        25.5196
         23.384
        26.2373
         25.783
        26.0685
        25.1311
         24.347
        28.6913
        26.4846
         29.355
        26.6322
        29.6126
        28.8404
        28.4048
        31.6208
        28.7332
        31.1243
        27.9973
        28.1458
         28.198
        25.5747
        25.4571
        31.0838
        33.7368
        32.9129
        37.5814
        28.6663
         33.312
        22.7394
         22.773
        25.3883
        27.4518
        26.4273
        26.0959
        30.0667
        32.6198
        34.7562
        33.6095
        33.9811
         35.833
        34.3971
        29.7296
        29.4991
         28.664
        31.7426
        32.8638
        39.7581
        33.7905
        31.6777
        32.0504
        29.5859
        32.9452
        33.5256
        32.8575
        32.7255
        26.1314
        21.8629
        22.2932
        24.2247
         26.918
        28.8609
        24.3848
        27.0925
        24.0581
        24.8375
        30.8001
        27.0162
        26.2042
        26.9645
        27.3525
          31.55
          25.44
        28.6664
        26.6629
        25.7012
        26.7809
        29.6764
         29.505
        32.8217
        28.0123
        24.1306
        26.1178
        26.6292
        25.6765
        33.0549
        32.8334
        33.8831
        35.7316
        35.0549
        26.4502
         25.607
        26.9852
        20.5655
        24.6343
        27.6187
        28.8122
        27.6919
        32.4932
        34.4313
         35.687
        33.3235
        33.1633
        35.3719
        34.9345
        32.9457
        28.3843
        31.6734
        31.8339
        31.5986
        34.0113
        33.8779
        32.8219
        33.9247
        30.1465
        31.6839
        31.3525
        33.2878
        32.5649
        29.4011
        24.5762
        22.2158
        20.2108
        21.8672
        25.7196
        25.5705
        25.9672
        23.7495
        23.0896
        27.7943
        24.2725
        22.2323
        25.9209
        26.5406
        27.0207
        24.7765
        27.4109
        26.3514
        24.6425
        25.2228
        25.9494
         24.997
        26.6589
        30.2752
        25.3843
          23.95
         24.174
        29.7928
        34.2649
        32.1176
        33.8103
        35.2555
        36.5033
        33.7591
        23.0699
        24.5019
        27.7339
        20.8759
        27.1159
        24.2133
        28.3061
        27.5154
        31.2645
        32.7441
        33.3641
        32.7911
        34.8828
        33.3336
        33.7971
        32.7057
        32.7448
        31.4793
        33.8271
        32.5107
        33.4629
         35.956
         35.457
        29.5155
        28.1427
        31.4467
        31.1738
        28.6298
        32.2762
        32.7296
        28.2911
        22.9355
        22.5457
        21.3873
        23.8014
        25.1723
        24.3463
        25.8884
        30.0144
        24.7787
        25.0037
         25.034
        25.9985
        22.7915
        23.8782
        24.4009
        21.4397
        20.5483
        25.0239
        26.7922
        22.6555
        21.1477
        22.5106
        24.3455
         24.225
        26.3262
        35.0241
        33.1838
        34.5432
        33.6531
        36.5965
        37.0757
        37.0897
        23.4183
        21.5641
        24.1302
         21.678
        23.8666
        24.9503
        28.4372
        24.9467
        28.3126
        30.5085
        31.6197
        34.1735
        39.4532
        34.3971
        38.7732
        37.3506
        35.0997
        31.5716
        30.8778
         32.771
        30.8086
        34.3225
        33.3777
        35.0673
        31.9851
        32.4338
        33.0902
        31.5291
         27.862
        33.3235
        33.9624
        27.6207
        22.6335
        22.4445
        20.9923
        24.1845
        27.7093
        24.4779
        28.4334
        26.0655
         27.342
        25.7013
        27.2493
        24.0564
        27.3403
        25.9558
        22.4617
        23.6798
        22.4606
        20.7695
        20.7192
        22.6604
        21.7292
          23.62
        25.3454
        32.9796
         31.966
        31.9958
        34.0239
        37.0934
        32.0539
        31.6839
        25.8854
        25.4254
        24.0304
        27.5427
        25.2048
        17.7723
        28.3931
        27.2864
        28.1096
        27.1991
        30.7695
        32.6789
         35.956
        35.7945
        33.9738
        34.0402
        35.8584
        36.0223
        32.5079
        31.9601
        29.3822
        30.6066
         31.227
        34.3879
        34.8064
        37.1501
        31.7948
        29.3122
         28.881
        32.1143
        33.2682
        29.6295
        32.3538
        26.7838
        21.4439
        22.6559
        23.1117
        24.0604
        24.8551
        26.7166
        25.5702
        25.5686
        29.7068
        27.7219
         21.752
         25.385
        23.6779
        23.5164
        27.7323
        19.6239
        20.3589
        18.9059
        19.8717
        23.3373
        23.0364
        25.5506
        28.4511
        33.7855
        32.9435
        30.9852
        32.8662
         35.274
        26.8752
        21.3633
         25.668
        29.3675
        29.2842
         23.481
         20.031
        29.5621
        28.2488
        26.3689
        22.2331
        26.2275
        32.1967
        31.8395
        31.4445
        34.1514
        36.1317
        34.5372
        34.9086
        35.2305
        32.6553
        32.7072
        28.5592
         31.022
        31.6905
        37.3762
        33.2172
        34.6921
        34.0823
        31.7355
        32.5919
        29.2637
        30.7839
        30.6666
        32.4976
        31.4658
        22.3484
        21.1233
        21.9234
        23.1748
        28.2814
        27.6338
        24.8848
        29.0096
        23.7314
        23.7543
        22.2948
        23.3798
        21.3835
        25.0058
        21.2329
        21.1557
        20.6129
        19.8424
        21.4483
        23.6882
        27.4164
        29.2683
        32.6881
        34.1161
         29.915
        34.0776
        34.6081
        19.8569
        20.5642
         24.097
        26.5372
         30.915
        24.3172
        21.1411
        33.8837
        26.4679
        29.0695
        26.5153
        26.0663
        29.7547
        33.2771
        32.9953
        35.7214
        35.2236
        33.5824
        34.4354
        36.2418
        35.6412
        35.3148
        29.6228
        30.6112
        30.1428
        31.4594
        34.2169
         34.609
        34.1571
         31.673
        30.1883
        31.7934
        31.4422
        31.7092
        30.4872
        33.0226
        32.3018
        24.4523
        22.5952
        23.5658
        22.1527
        27.9095
        26.7671
        27.3585
        24.9955
         24.291
        22.9763
        23.0463
        25.5961
        21.1524
        23.1033
        21.2337
        22.3291
        22.8559
        20.9216
        22.8895
        27.4702
        32.4815
        30.6466
        30.1993
        30.2996
        28.4898
        29.8893
        25.6795
        23.5716
        21.1651
        23.7545
        28.7276
         23.569
        22.1896
        29.3125
        30.9165
        27.5287
        28.3287
        27.8615
         28.464
        30.0944
        34.6547
        33.1216
        34.3794
        34.9086
        34.8828
        33.0455
        36.8734
        34.0801
        33.3305
        33.9395
        33.4269
        31.9375
        29.3819
        31.9388
        33.9811
        33.5489
        31.2296
        30.8267
        28.9876
        33.3596
        31.8983
        32.8481
        33.1244
        30.4868
        29.7665
          23.65
         24.484
        22.9631
        26.3546
        28.9726
        27.2272
        25.6453
         25.649
        24.4248
        23.6454
        26.0036
        21.5417
         21.993
        30.5663
        25.1152
         20.865
        20.9513
        23.3471
        31.3672
        30.2407
        28.9134
        28.1972
        27.0865
        30.8429
        31.7365
        33.5375
        27.6591
         18.891
        21.9814
         24.642
        25.3699
        30.5397
        30.9517
        26.8339
        28.8872
        30.0188
        26.5188
        31.5018
        33.5063
        33.7971
        35.6932
        35.4008
        36.7085
        34.4433
        36.1595
        36.4798
        34.8707
        33.0885
        29.7326
        28.7079
        33.2086
        31.7375
        35.7851
          33.85
        32.4836
        31.6937
        29.1525
         29.453
        32.8227
        29.2448
        32.1393
        30.1074
        33.1674
        34.2594
        23.6365
        24.3237
        28.4411
        27.5469
        28.3907
        25.7247
        25.9181
        22.6816
        28.0782
        23.9828
        23.3349
        23.2235
        24.1148
        25.7937
        24.9995
        22.3368
        21.6527
        27.3208
        30.5716
        29.8552
        29.2062
        28.1958
        30.6203
        31.3415
        34.7465
        32.4153
        31.1089
        28.2586
        22.7463
        23.2496
        25.1471
        31.2549
        26.9566
         26.991
        26.5705
        28.4182
        29.3414
        28.8307
         33.705
        31.0387
        33.7831
         34.023
        35.2865
        36.6854
        35.0398
        35.4591
        32.6395
        35.8317
        32.9593
        35.3389
        32.4541
        30.0005
        34.7262
        33.1906
        34.1301
        31.4601
        29.3416
        31.5535
        29.9194
        30.2641
        32.5228
        23.3698
        23.1383
        32.1324
        24.0704
        25.9236
        27.6442
        26.3183
        24.8983
        22.8671
         25.263
        25.7904
        24.8691
        26.3422
        25.5151
        21.1797
        21.3733
        25.8333
         22.858
        24.3927
        27.6132
        27.9148
        27.0437
        25.9837
        25.5547
        32.5072
        33.3528
         34.469
        35.6789
        35.5655
         31.742
        28.4467
        25.4562
        23.0976
        24.2192
        27.6763
        32.2855
        33.5992
        34.7582
        27.9044
        29.5363
        33.7914
        32.3628
        35.0458
        32.7564
         31.443
        35.1656
        33.3846
        33.6725
        34.4666
        31.8119
        34.9696
        32.1285
        28.7028
        31.8997
        31.7157
        35.1202
        38.4493
         34.082
           32.3
        29.8949
        32.2618
          33.81
        31.9954
        30.7075
        28.0349
          30.14
        31.6999
        25.7582
        22.2093
        25.9666
        26.7515
         23.168
        19.7209
        22.0852
        21.7221
        23.6678
        24.3447
        22.4272
        19.3412
        21.6744
        23.4824
        22.5342
        29.8048
        23.6883
        29.3689
        29.5492
        30.3224
        34.0087
        33.9098
        33.9028
         33.165
        36.4007
        34.5844
        29.6125
        30.2248
        28.7199
        23.6272
        22.8753
        27.6693
          28.44
        30.8162
        31.4446
        26.2255
         32.193
        32.7129
        36.5962
        33.5442
        32.2487
         35.385
        32.7031
        30.9096
        34.5082
        32.7525
        32.6488
        35.5706
        30.3604
         30.374
        32.1354
        31.7292
        34.0244
        35.7387
        37.3257
        35.7327
        29.7375
        31.0273
        33.4386
        29.0728
        30.4913
        32.3276
        31.7453
        25.7279
        19.2898
        22.1841
        25.8398
        23.5406
        19.9035
        21.2099
         23.336
        21.6994
        26.5875
        22.1028
        21.0092
        19.8078
        22.8117
        23.5429
        29.2348
        30.2546
        22.7385
        22.8894
        29.3074
        30.0335
        29.4744
        32.3556
         32.466
        33.8356
        33.2216
        36.7676
        27.8298
        26.7767
        29.3293
        21.9526
        23.2987
        24.6835
        27.4738
        29.7035
        30.9697
        29.9242
        31.8873
         34.081
        34.6252
         34.729
        33.3551
        34.0536
        35.5389
        35.2635
        34.7285
        32.0673
        34.1424
        34.5453
        31.7788
        31.5032
        31.0876
        30.3021
        33.3837
        34.5696
        33.0308
        31.1075
        29.8797
        28.7677
        26.3653
        31.7848
        28.5809
        31.8044
        26.9523
        28.5403
        23.1381
        23.3508
         21.703
        22.8556
        19.6974
         21.767
        22.6443
        20.7724
         24.472
        23.6814
        21.3689
        20.3426
        24.3126
        29.2093
        28.0487
        20.6072
        25.6848
        24.3243
        24.9638
        24.7039
        26.0393
        31.2577
        30.6974
        31.8384
        28.3593
        28.1438
        23.6486
        28.0253
        26.8904
        24.4455
        22.9989
        22.7741
         28.785
        27.1114
        30.4706
        29.6791
        33.0921
        33.6686
        35.5182
        36.2981
        32.9469
        36.2719
        33.9811
        35.1205
        35.3544
         31.566
         33.575
        33.1139
        29.0464
        33.4106
        30.3493
        31.6158
        33.5022
        36.5193
        34.7112
        30.8433
        26.9407
        29.4304
        31.4482
        31.7828
         31.299
        23.0638
        23.2951
        27.6157
        23.2659
        22.7806
        19.8397
        20.4478
        22.2932
        21.7006
        20.9774
        25.1887
        21.4818
        21.9837
        23.6639
        22.2851
        26.8575
        30.5691
        22.2981
        22.5671
        27.6125
        23.7048
        24.0164
        23.5781
         27.515
        33.6491
        30.7115
        29.0975
        23.7233
        21.2329
        28.2914
        29.4958
        24.8611
        25.6134
        22.6437
        24.9116
        29.5384
        27.4664
        29.6773
        28.2928
         34.717
        36.3443
         35.777
        32.1018
        33.8569
        34.3193
        34.0442
        33.9114
        34.9246
        32.8373
        32.7379
        33.7554
        31.7141
         29.836
        31.1579
        31.4645
        34.4355
         33.505
        31.8215
         35.353
        30.8763
        29.9514
         34.191
        28.4657
        25.9455
         21.887
         22.555
         21.434
         22.492
        21.9848
        21.6805
        22.4145
        21.6481
        24.9438
        26.8082
         21.362
        28.5931
        25.7939
        22.2133
        23.2962
        28.3082
         21.831
        21.8415
        28.2938
        23.4323
        21.7218
        24.5697
        25.4695
        25.9444
        31.9243
        31.2551
        25.8387
        24.8789
        21.6051
        29.4958
        26.6649
        23.7065
        22.3426
        22.6752
        24.4217
        27.3865
        30.5228
        28.2289
        31.8092
        35.1737
        32.4974
        31.6847
        33.0455
        35.4254
        35.8907
        33.0251
        30.5238
        34.3217
         35.239
         31.641
        32.5512
        30.8689
        30.1966
        29.5864
        29.2297
         36.383
        35.0843
        34.3979
        30.9769
        31.5869
        32.5404
        32.6532
        21.3948
        22.1739
        21.8015
        19.7206
        22.1671
        23.2525
        21.4893
        20.9755
        21.7331
        20.7454
        20.4772
        25.8571
        27.0601
        24.9667
        25.2503
        22.7403
        26.0618
        21.3719
        22.5936
        27.5809
        27.1805
         26.093
        22.6646
        21.6216
        24.8746
        30.2191
        31.4309
        29.0127
        28.2056
        26.5172
        23.0399
        24.5723
        28.7283
        25.4092
        24.4665
        25.0181
        23.4894
        27.6925
        21.9527
        30.6753
        31.3642
        34.1951
        32.8642
        34.0641
        28.4401
        34.3398
        32.2663
           35.1
        32.7458
        31.6312
        32.5373
        33.0804
         34.373
        33.8242
        31.1674
        34.9219
        30.5031
        30.9338
        32.8684
        33.7884
        33.6975
        30.9428
        31.7284
        34.0524
        21.0751
        21.8931
        21.4693
        23.7292
        22.8712
        21.5954
        21.7697
        21.7422
        22.2166
        18.9037
        18.5427
        28.5259
        26.9423
         32.068
        23.7446
        23.3253
         20.502
        22.7874
        28.8005
        30.3082
        31.3654
        28.1788
        30.8841
        28.2802
        27.4372
        31.1811
        30.1596
        28.0123
        31.1431
         29.013
        28.8038
        27.1357
        25.4128
        27.1838
        25.2759
        24.3714
         23.419
        29.7883
        25.4652
        29.8695
        31.4478
        32.3368
        35.6083
        33.8373
        34.7313
         36.368
        33.9271
        31.7361
        28.4445
        31.4447
        33.1291
        36.6729
        36.1237
        28.4002
        30.2171
         30.244
        31.1033
        33.1009
        35.4539
        34.0149
        31.9067
        31.4711
        27.7965
        25.2282
        25.3919
        20.6198
        22.9957
        24.4316
        20.1695
        21.7388
        27.8092
        25.2004
         20.455
        20.4938
        22.3563
        25.0783
         30.527
        23.1773
        21.7659
        23.8063
         19.462
        31.6273
        29.7066
        34.4108
        30.7552
        28.8905
        31.0535
        31.5405
        31.2316
         29.269
        27.6813
        30.1289
        29.8736
        30.9453
        31.0311
        30.8749
        28.4652
         25.625
        25.7381
        29.1844
           24.8
        29.6707
         27.575
        30.1803
         33.127
        33.0522
        30.0352
        32.3905
         29.953
        33.0963
         33.085
        32.0437
        30.6003
        32.9258
        37.1666
        35.4176
        35.4658
        30.2938
        31.8346
        30.0712
        32.1146
        32.8275
        35.0722
         31.023
        30.2722
        30.4699
         26.408
        29.9492
        22.4231
        21.5969
        21.5494
        22.7583
         22.234
        19.5967
        26.8127
        28.1315
        19.8394
        25.1433
        21.1297
         23.428
        29.7046
        23.8422
        20.3385
        19.7271
        27.1413
         30.768
        29.8184
         31.307
        31.2775
        31.2707
        29.3092
        31.4265
        32.0172
        33.0604
        31.2191
        29.9677
        31.5132
        30.7165
        30.1324
        33.8758
        25.9446
        26.4674
        27.3802
         22.722
        23.3915
        28.1121
        28.5441
        24.1891
        33.6947
        36.4546
        33.7625
        34.4876
        32.8263
         33.526
        34.2817
        31.7668
        33.4097
        37.2494
        34.1197
        39.2068
        35.4098
        31.0976
         30.488
        32.0692
        29.8161
        31.9511
        33.0455
        32.9872
        32.2792
        26.0197
        23.5541
        24.3518
        22.6324
        21.3767
        19.3177
        20.9303
        21.7117
        21.2465
        25.5592
        26.7954
        22.5174
        21.9614
        22.5783
        23.0226
        24.0276
        23.2459
        19.9838
        21.9273
        27.0963
         31.623
        32.5745
        30.6965
        31.8076
        32.1879
        32.2423
        30.9299
        32.9196
        32.9958
        32.5631
        30.9059
        29.7039
        27.0624
        31.9319
        31.1603
        27.3403
        26.0042
        24.3238
        22.0239
        24.1625
        27.5627
        28.9934
        31.3438
        30.3068
         33.615
        33.4881
        35.8263
        33.8396
        33.0813
         31.631
         33.172
        39.1325
        36.5019
        37.7853
        37.8504
        34.7677
        32.2942
        28.3199
        31.2688
         30.307
        33.4198
         33.761
        34.6063
        34.3681
        28.3591
        26.4763
        26.3766
        22.1846
        22.4222
        21.2639
        20.6842
        23.5007
        22.1598
        23.1604
        24.8016
         18.697
        19.6092
        24.1074
         22.685
        23.3314
        22.6752
         19.733
        23.4392
        27.1258
        30.9336
         33.719
        28.8843
        30.6852
        31.0211
        31.9502
        33.0441
        29.2168
        32.7112
        31.5135
        29.3237
        30.6815
        27.3458
        32.1068
        27.8743
        27.5261
        26.1888
        26.5415
        23.2258
        21.6813
        26.1634
        31.6626
        37.1989
        33.2205
         32.376
        30.4738
        35.0934
        29.8067
        31.2701
        32.0804
        31.7656
        33.7378
        34.8525
        37.6414
        37.6575
        36.4062
        29.8143
        29.7475
        30.8785
        30.5047
         35.627
        35.2455
        34.9651
        28.8402
        26.1085
        28.0389
         25.535
        22.8577
         22.575
        21.8467
         21.358
        23.8489
        21.5882
        24.8534
        22.6883
        25.6119
        21.5749
        23.2277
        21.7378
        25.1754
         20.722
        27.1961
        26.8644
        26.1338
        30.3214
         33.756
        29.9545
        31.6972
        29.1459
        34.7147
        34.3068
        27.8239
        25.5312
        26.1797
        26.9332
        28.0304
        29.2364
         30.697
        25.9726
        28.1554
        24.9673
        26.3066
        27.8065
        23.1784
        24.7893
        30.8771
        36.2684
        32.9816
          34.49
        32.3628
         34.328
        33.0092
        31.1289
        31.8903
        36.7287
        34.3216
         38.985
        35.7995
        36.2116
        39.5922
        27.3193
        30.8578
        29.9366
        29.7729
        32.2126
        34.2557
         33.091
        31.6964
        29.8639
        29.3304
        27.3832
          25.12
        22.2638
        22.4515
        22.3462
        22.3903
        20.9944
        22.1445
        20.6248
        21.5978
        20.9305
        23.2501
        21.0813
        20.2555
        23.8885
        24.1267
        25.3889
        24.0534
         32.601
        32.0134
        31.2937
        31.7685
        30.9421
        34.0411
        33.2524
        34.3269
        32.0098
        28.9123
        27.4934
        31.2892
        30.7271
        24.5168
        27.4379
        26.0027
        24.9786
        24.1213
        26.0176
        23.6456
         30.144
        32.4088
        33.3314
        33.9395
        37.2054
        34.1119
        34.1281
        34.4454
        32.7807
        33.4105
        35.9531
        34.9539
        40.9292
        38.1345
        35.4008
        36.8973
        29.8247
        31.5186
        31.6837
        30.2403
        35.7535
        34.9418
         35.077
        31.6747
        30.6129
        24.7758
         26.174
        21.3739
        24.0347
         20.439
        22.8065
        21.6619
        19.9503
        20.9782
        20.7826
        23.9973
        23.5925
        20.3525
        20.0157
        19.8357
        27.0853
        23.2679
        24.5014
        23.0582
        28.6566
        32.8789
        31.4209
        30.1807
        30.9805
        36.0277
        31.5176
        31.2973
        30.9488
        29.3924
        28.7297
        29.9945
        32.1533
        23.6362
        29.3017
        26.1486
        26.1093
        24.2213
        24.9056
        23.0155
         32.684
        31.9257
         37.456
        33.2172
        39.3084
        32.6901
        32.7842
        30.8205
        32.7205
        35.3596
        35.3749
        39.9182
         36.607
        35.4099
        36.2275
        37.1185
        29.0466
        29.9552
        31.3187
        30.7049
        32.7398
        34.7851
        34.1429
        34.5183
        28.6323
        25.6921
        25.5176
        22.3189
        23.3828
        25.2984
        21.6939
        27.6119
        21.9167
        22.4323
         21.796
        22.3443
        21.1902
        21.0746
        19.0691
        24.9855
         26.118
        24.7353
        26.5398
        22.4153
        29.6102
        31.5661
        29.6571
        34.7059
        30.5157
        26.8362
        26.7047
        31.8065
        29.2043
        29.0994
        26.6254
        28.2412
        25.8543
        24.9429
        26.5946
        25.4094
        24.2689
        25.1145
        26.1388
        23.1583
        30.6188
        31.9858
        32.2195
        33.2534
        31.9195
        34.0869
        33.5444
        34.0179
        31.9458
        34.5957
        35.1464
        36.2627
        36.1926
        36.8858
        34.6332
        36.8033
        31.1082
         32.883
        27.2276
        31.0185
        34.7694
        35.4879
         34.673
        27.6492
        24.1634
         26.594
        23.6249
         22.753
        23.5251
        21.6671
        23.9483
        25.2702
        24.8006
         23.221
        25.7236
        23.0346
        23.7448
        19.3803
        28.2936
        28.1139
        26.0548
        26.1813
        25.9628
         23.429
        28.1824
        29.1031
        31.2712
         31.011
         31.092
        29.2871
        28.8343
        28.2688
        27.9238
        26.0671
        28.8828
        29.1793
        23.4694
        28.2254
         29.885
        25.5859
          26.87
        23.0309
        27.5044
        25.1069
        32.4171
        35.9823
        33.2343
        31.7406
        34.2551
        36.2384
        34.1784
        32.4206
        32.1225
        35.0425
        37.2355
        36.6465
         38.243
        36.7085
        38.6374
         38.051
        28.0674
        30.2051
        31.2742
        28.8239
        33.1396
        37.5587
        35.2923
        29.8114
        29.3413
        24.4963
        26.9376
        22.2449
        25.2516
         21.979
        22.3258
        22.8606
        19.9323
         19.296
        19.7263
        21.4234
        17.8563
         23.139
        28.9939
        27.5007
        26.9937
        26.8656
        26.2094
        23.4089
        25.8226
         30.146
        28.9592
        34.2078
        33.1045
        33.4199
        32.3915
        31.5044
        29.9338
        28.6896
         29.231
         21.748
        28.4401
        26.0192
        27.0025
         26.256
        23.9198
        24.9592
        24.2316
        25.7147
        29.4986
         33.012
        33.3415
        34.6457
        35.2999
        36.0231
        33.9074
        33.0713
        30.7505
        35.5415
        35.7629
        36.6655
        39.1259
        33.2154
        35.4047
        35.4269
        29.4086
        30.8007
        28.2062
         29.737
        33.5791
        37.7439
        35.2438
        34.3375
         28.435
        25.2421
        25.2062
        23.2623
        27.6596
        25.9685
        21.8385
        20.3597
        23.2315
        20.8444
          22.68
        21.2973
        22.7773
        28.5893
        27.1702
        29.6648
        27.9753
        28.9587
        26.4099
        28.0029
        27.1733
        28.1581
        31.7065
        31.5341
        30.5531
        34.7172
        32.6428
        32.8151
        31.3117
        30.5178
        32.2558
        21.6058
        31.7773
        25.8224
        24.6018
        27.4076
        26.1728
        28.1801
        24.8764
         27.042
        27.4822
        35.5182
        31.9965
        34.2933
        33.4349
        33.0533
        31.0516
         34.159
        30.5371
        33.8044
        35.7787
        36.9446
        37.0667
        36.1275
        36.0814
         37.993
        31.7591
        31.2517
        27.7996
        31.6835
        34.8969
        34.3699
        35.3278
        33.0529
        29.9374
        22.7578
         25.641
        23.7976
        26.2048
        25.7883
         21.705
        21.4073
        21.2912
        21.2432
        20.6353
        20.6278
        22.8994
        29.3078
        24.5489
        26.8699
        27.0294
        28.7791
        27.5432
        27.1335
        26.6412
        26.5028
        28.1434
        29.4258
        28.5754
        29.3363
        30.6315
        30.6295
         30.687
        29.9072
        26.3688
        26.0856
        32.8606
         24.494
        24.5279
        27.9458
        23.7126
        28.4197
        24.8875
        26.3974
        30.4046
        34.0491
        33.2347
        35.9825
        32.2418
        34.7864
        34.3846
        33.2181
        30.8182
        34.5665
         37.339
        38.5134
        38.3797
        36.0802
        29.5658
        28.7491
        29.2279
        30.4666
        29.9026
        31.0891
        34.5851
         33.012
        33.3507
        31.7495
        21.1989
        18.6504
        24.2998
        25.4233
        24.4329
        27.1806
         22.124
        26.0098
        22.1807
        22.1657
        22.1198
        22.7644
        24.9218
        32.1435
        28.1754
        24.9188
        29.0901
         27.644
        30.0955
        29.8102
        26.7347
         25.513
        24.8263
        28.8068
        31.3622
        27.9926
         26.992
        29.2168
         31.202
        28.5446
        25.8139
        25.7994
        28.7629
        28.4205
        27.3727
        25.8049
        25.5239
        25.3345
        22.9226
        26.4149
        25.4596
        29.5207
        30.6349
         32.374
        31.6691
        35.6796
        31.2454
        31.3033
         29.187
        37.5166
        32.6563
        37.7427
         33.898
        31.4539
        26.2053
        32.2749
        26.7452
         29.326
        26.5463
        29.6365
           32.5
        35.0398
        31.2975
        24.1814
        20.4069
        22.4011
        27.3188
        23.8793
        23.9184
        24.4797
        20.7935
        22.3445
        23.0521
        22.2798
        22.2463
        19.0379
        19.4227
        20.7041
         26.835
        25.5826
        29.3246
        30.7517
        28.5862
        28.6872
        29.6551
         28.145
        31.6061
        31.0441
        34.2274
        31.7012
        33.0569
         32.445
        33.7697
        30.3762
        33.4881
        26.9433
        27.4336
        25.5288
         27.809
        22.7751
        24.5889
        27.3481
        23.9915
        26.6404
         25.492
        29.7679
        29.7114
        30.9573
         29.733
        31.7059
        30.7766
        28.9364
        31.6593
        36.7483
        37.0757
        33.4849
        28.2937
        27.8699
        31.4239
        27.3313
        31.0978
        27.3462
        30.9765
        28.5505
        31.7422
        36.2124
         31.904
        29.2043
        19.3862
         21.751
        30.4926
        21.5404
        25.7169
        22.5315
        23.0661
         23.453
        20.8729
        23.1265
        22.4004
         22.543
        18.3572
        17.4902
        26.8882
        24.9773
         28.822
        28.3719
        26.5868
        28.0904
        26.3581
        26.2625
        31.9254
        31.4075
        31.2093
        33.3465
        34.1115
        33.6549
        31.7055
        32.7341
        34.3825
        34.1748
        38.5227
        26.6627
        24.1552
        23.7706
        25.0704
        25.2204
        23.6987
        28.8181
        32.4726
        31.1923
        33.6379
        31.7335
        30.3102
        28.5604
        28.8881
        27.7522
        29.2287
        34.1291
        32.5158
        27.8441
        28.4739
        26.8304
        30.6233
        28.7326
        31.7622
        30.7489
        31.3197
        29.0795
        32.8658
        34.2922
        33.6759
        24.8728
        18.7852
        27.9421
         26.402
        26.1295
        24.9834
         24.324
        25.0317
        22.8542
        23.6497
        24.4903
        26.7075
         21.709
        20.0287
        21.2208
        21.9185
        24.6403
        25.9998
        27.7197
         25.394
         23.207
        25.5489
        25.7131
        28.0873
        29.7202
        28.6027
        33.7391
        30.3998
          32.74
        37.6867
        32.4587
        33.3245
         31.825
        35.0529
        36.2323
        34.6389
        22.4839
        23.5977
        24.8968
        25.0737
         31.169
        33.7597
        30.9037
        32.8305
           32.3
        32.3049
         27.936
        30.2647
        30.0371
        34.0233
        37.7665
        30.3095
         29.024
        31.4767
        30.8597
        29.5463
        30.1123
        29.5818
        30.7401
        29.9268
        28.8813
        33.0778
        34.9086
        33.6171
        23.3945
        18.8351
        30.7293
         22.508
        25.4407
        26.1739
        25.1039
          26.13
        23.6419
        24.9995
        25.0605
        22.8379
        23.4516
        22.4258
        20.0164
        22.5826
        24.1152
        26.8547
        28.7572
        27.5556
        27.0144
        27.1701
         26.787
        23.8777
         29.248
        32.2625
         32.493
        31.5099
        34.3857
        33.3277
        32.8631
        32.9997
        32.6854
        33.9218
        32.6922
        35.9318
        29.3832
        22.4436
        21.2077
        24.0856
        28.8027
        36.4798
        31.7405
        33.5353
        33.7177
        32.5624
        29.7086
        32.5928
        28.3425
        34.1364
        33.5691
        29.6291
        27.9931
        30.7291
        29.5562
         31.876
        31.4719
        24.8309
        28.3199
        30.1881
         27.048
        32.1964
        35.0267
        32.5337
        31.7517
        22.2256
        27.9793
        23.8837
        28.4434
        26.2226
        25.2646
        24.7353
        24.3589
        23.0907
        23.0799
        23.2517
        24.1506
        20.0246
        22.0351
         21.489
        25.3024
        26.3355
        25.8443
         26.446
        24.8014
         27.094
        24.9968
         25.091
        30.6801
        32.4314
        33.0646
        34.6868
         28.661
        34.8531
        32.3552
        35.0122
        32.3672
        33.4902
        36.7281
        34.8909
        35.5046
         22.965
        24.3093
        22.5228
        27.1381
         32.715
        32.2688
        33.9503
        30.6667
        32.5056
        33.2268
        30.7034
        33.6114
        35.9232
        32.1581
        27.8338
        30.0404
        32.6473
        32.2501
         28.339
        28.6517
        27.9933
        28.8364
        30.7935
        30.5195
        29.0223
        36.7885
        35.5697
        34.1358
        21.4363
        27.1025
        27.2203
        26.3239
        22.8933
        23.3082
        26.1337
        25.9464
        25.8917
        21.9032
        25.3863
        22.6643
        20.7726
        19.6318
        19.8824
        24.5019
        25.8769
         28.047
        25.1587
        27.5566
        30.2598
        28.9137
        32.2885
        30.0572
        32.9661
        36.3338
        33.9216
         34.285
        31.4289
        33.4312
        34.7076
        31.6858
        36.6592
         34.726
         33.869
        34.9659
        33.3063
        22.3327
        25.5345
        27.1755
        33.2223
        33.5272
        33.5191
        31.9306
        31.9349
        29.2853
        35.4508
        36.4788
        35.9852
        31.6783
        30.9938
        29.1065
         32.598
         35.258
         31.328
        28.0533
        31.2045
        27.9948
        31.0747
        28.1041
        30.6607
        33.8984
        31.8593
        28.8059
         22.493
        28.3564
        28.5864
        23.6286
        22.4896
        24.9299
        23.4074
        27.3725
           22.5
        24.4444
        27.2885
        22.3735
        20.3254
        19.4636
        20.2217
        22.9329
        21.6863
        26.8586
        28.0344
        33.4295
        29.1153
        25.2903
         31.375
        30.9048
        33.0585
        29.9848
         34.121
        32.8193
         35.768
        34.7361
        36.7164
        32.4975
        33.2792
        36.1197
        34.6052
         35.364
        37.9394
        22.3974
        24.6575
        27.6776
        32.6694
        33.9579
        36.0223
        30.2415
        34.4231
        27.6805
        34.6124
        35.3268
        30.9553
        32.0135
        30.3161
        29.4316
        32.8664
        31.4689
        27.9532
        29.4538
        30.2916
        29.3067
        31.0731
        27.4098
         30.947
        35.8612
         32.003
        31.5304
        23.2095
        25.0533
        26.0634
        25.9233
        28.2876
         25.984
        24.6437
        21.3851
         24.092
        21.2717
        21.5993
        22.0208
        19.8407
        20.5584
        21.7268
        23.3668
        22.4702
        26.3309
        29.1252
        33.8072
        30.1674
        25.9298
        31.4776
        31.9043
        32.5669
        31.1314
        31.8088
        34.4073
        36.2059
        31.3384
        36.9997
        31.7373
        33.4659
        34.3468
        34.1001
        37.7725
        35.0666
        23.7517
           24.8
        28.7509
        31.9125
        32.4403
          36.03
        33.5104
        32.5084
        30.5818
         31.572
        32.9499
        32.6963
        30.5592
        29.8112
        30.4332
        31.0039
        31.2109
        28.8702
        30.9357
         28.002
        29.1309
        32.0392
        29.9496
        32.9915
        35.2202
        35.0398
        31.4062
        23.6547
        25.4079
        25.7133
        28.0064
         24.189
        25.1927
        28.0924
        24.3202
         23.012
        25.1553
        19.5564
        24.8233
         22.714
        19.1559
        24.0987
        26.0654
        29.6151
        28.0128
        29.4501
        33.7149
        28.7641
        26.8539
        32.3622
        34.7025
        35.6164
        36.6994
         30.537
        31.3112
        33.1554
        33.9715
        34.2485
        34.0643
        32.4059
        35.2704
        36.0099
        36.8016
        36.7369
        28.0208
         24.462
        25.9728
        30.7874
         32.666
        30.2423
        29.9147
        31.3341
        32.0393
        27.5379
        33.3309
        32.8617
        29.0592
         29.513
        27.7178
        29.7291
         31.383
        32.4707
        30.8586
        30.7141
        26.6109
        31.6701
        26.7169
         31.615
        35.2328
         34.872
        28.4637
        23.6105
        25.7058
         26.031
        25.7862
        25.9995
        27.7205
        28.8184
        25.6911
        21.5031
        21.0836
        19.2727
        20.6245
        21.4074
        21.6849
        26.9349
        27.2784
        30.1167
        27.1249
        30.4486
         27.927
        27.2039
        28.8884
        31.5682
        34.5869
        33.2541
        32.7558
        33.0551
        37.1222
        34.1201
        31.7232
        31.6831
        34.1885
        37.4285
        32.7398
        37.2816
        35.4124
        36.0922
        38.6636
        24.4333
        26.3696
        27.0155
        28.6731
        28.7983
        28.9233
        29.5744
        27.3441
        30.9628
        30.3588
        30.8847
        27.4804
        29.2975
         28.897
        31.3351
         33.106
        29.5478
         31.812
        28.7435
         28.561
        35.8509
        28.8543
        31.5624
        35.8028
        32.7036
        27.1013
        25.6606
        24.6014
        23.9802
        28.7661
        27.6404
        26.6731
        24.9697
        25.9397
        26.7872
        23.1755
          21.93
        20.5723
        19.0918
        27.2626
        27.4123
        28.0432
        28.9412
        30.5649
        28.0788
        23.8161
        29.8069
        31.2268
        32.2329
        31.1629
        30.8724
        33.6206
        33.6087
        30.5716
        32.8509
        33.6159
        33.1158
        36.4554
        32.8681
        32.8037
        32.8567
         36.508
        33.9164
        37.7584
         22.916
        32.7134
        30.5197
        29.3937
        28.7721
        29.2691
        27.1883
        28.5114
         28.885
         29.084
        26.7938
        31.7339
        31.4002
        26.9754
        29.3975
        29.4439
        30.9206
        30.2495
        30.2313
         31.293
        33.4108
        27.4743
        33.7437
        34.9217
        34.5412
        25.0128
        25.0049
        27.2065
        27.0428
        26.3951
        28.0765
        23.9517
        24.5406
        26.3408
        22.1902
        20.0535
        23.0285
         20.477
        22.2894
        30.1216
        29.8958
        27.5129
        28.8056
        24.7418
        23.8495
        28.8526
        30.8142
        33.1984
         33.579
         32.493
        35.7385
         28.632
        32.2873
        31.6836
        32.6006
         33.909
        34.0897
        34.7682
        33.4061
        34.3436
        34.1378
        36.8771
        37.3233
        36.4481
        25.8439
        25.0579
        30.6062
         28.917
        30.8207
        30.0795
        29.3974
        29.9775
        26.6217
         25.897
        29.7969
        30.2937
        29.2617
         27.896
        29.9598
        31.3466
        27.1436
        28.0417
          27.75
        30.7237
        30.1253
         29.968
        30.3549
        37.0839
        35.9482
        27.8544
        25.5897
         25.725
        25.8953
        26.9759
        23.9614
        22.5086
        24.5113
        22.9899
        21.1953
        19.8584
        18.5892
        20.3267
        20.7896
         26.337
        27.5177
        29.1633
        25.3776
        26.0319
        28.9662
        31.3235
        30.6567
        33.7926
         31.116
        32.3025
        31.3854
        31.9616
        35.3148
        31.2723
         33.296
        31.8469
        31.6362
        33.8289
        34.1586
        33.8783
        36.4843
        34.3686
        37.5618
        35.3592
        36.9325
        23.6954
        30.1519
        31.1728
        27.9252
        31.9505
        29.9675
        29.0539
        27.5742
        28.2018
        30.3058
        27.2265
        27.8185
        28.3552
        31.0694
        29.5294
        28.7746
        29.3189
        26.9037
        28.1022
        30.0116
        27.9375
        30.2328
        34.5407
        31.5932
        26.2943
        25.1533
        25.8806
        24.9816
        25.9454
        22.8419
        22.0102
        24.1562
        20.1189
        22.2444
        20.7572
        19.1549
         21.374
        20.2145
        23.4326
        27.6511
        30.8313
        30.7479
        31.7758
        32.6709
        32.6985
        32.9306
        31.1122
        29.0903
        33.9457
        30.6165
        33.8576
        33.8983
        32.5122
        33.2931
        33.4826
        32.7375
        32.7738
        36.5193
        34.9835
        32.0823
        33.3146
        32.3962
        39.3245
         34.316
        24.5462
        26.3604
        28.3505
        31.4237
        30.2894
         29.657
        30.8719
          31.92
        29.2177
        30.0487
         27.015
        22.8921
        28.5167
        25.1444
        27.7999
        28.4254
        29.0826
         28.913
        29.0986
        26.7734
        29.0197
         32.866
        34.7252
         35.581
        24.1761
        25.2379
         26.125
        22.2344
        26.2295
        22.7283
        22.6707
        24.0334
        22.5497
        23.0586
        19.3104
        22.4745
        22.1212
        21.2894
        20.4009
        28.8336
         31.448
        30.9804
        33.7754
        33.4647
        33.5633
         33.288
        34.5991
         32.808
        33.2298
        30.0198
        34.1951
        33.0624
        30.2459
        34.3971
        32.8957
        33.1553
        33.1486
        30.6971
        34.4372
        33.2424
        35.9976
        36.0793
        35.9113
        35.2129
        25.5391
        26.6763
        28.6449
        27.8431
        32.5478
        31.2222
        33.0209
        31.1584
        29.8249
        28.2662
        30.3427
        31.2592
        33.0738
        29.1722
         29.208
        28.0765
        28.8149
































































































































































































































































































































































































































































































































































































































































































































































































































































































































































































































































































































































































































































































































































































































































































































































































































































































































































































































































































































































































































































































































































































































































































































































































































































































































































































































































































































































































































































































































































































































































































































































































































































































































































































































































































































































































































































































































































































































































































































































































































































































































































































































































