3 3000
0 1 7
5 1
4 1 37
1 1 49
1 1 27
6 1
5 1
4 1 80
5 1
6 1
4 1 23
1 1 77
4 1 16
5 1
4 1 39
6 1
4 1 57
2 1 0
6 0
1 0 49
6 0
6 0
5 0
5 0
2 0 2
6 2
5 2
5 2
2 2 0
1 0 5
6 0
5 0
4 0 95
4 0 91
1 0 40
4 0 39
6 0
5 0
6 0
6 0
5 0
6 0
5 0
1 0 9
1 0 18
6 0
4 0 27
5 0
1 0 19
1 0 21
4 0 52
5 0
4 0 81
2 0 1
1 1 70
1 1 95
2 1 2
5 2
5 2
2 2 0
6 0
6 0
1 0 19
1 0 61
6 0
2 0 2
2 2 0
6 0
5 0
5 0
2 0 2
1 2 13
5 2
2 2 0
4 0 90
4 0 10
6 0
4 0 50
6 0
1 0 19
4 0 77
1 0 59
6 0
5 0
1 0 66
5 0
4 0 58
6 0
5 0
5 0
1 0 30
6 0
5 0
1 0 84
1 0 6
5 0
6 0
5 0
5 0
6 0
2 0 2
0 0 18
1 2 23
1 2 87
2 2 1
6 0
1 0 82
4 1 83
6 0
4 1 25
2 0 2
1 2 70
4 2 97
1 2 13
4 2 10
6 2
2 2 0
6 1
6 1
1 1 18
6 1
2 1 2
5 0
2 2 1
5 0
2 1 2
1 0 93
5 0
4 2 100
5 2
2 2 1
6 1
2 1 2
1 2 51
2 0 1
1 2 36
6 2
6 2
2 1 0
1 0 24
5 0
6 2
6 2
6 0
5 2
6 2
1 2 31
5 2
1 0 25
2 0 1
1 2 21
4 2 13
4 1 84
6 1
2 2 0
6 1
2 1 2
2 2 1
6 0
1 0 18
6 0
6 0
4 1 42
1 0 6
1 0 45
5 0
6 1
2 1 2
6 0
1 2 62
2 2 1
1 1 50
4 1 24
2 1 2
6 2
5 2
2 2 1
2 1 2
1 0 21
2 0 1
4 2 100
2 2 0
4 1 77
1 1 65
6 1
5 1
4 1 99
6 1
2 0 2
2 2 0
6 1
2 1 2
6 0
2 0 1
2 1 0
6 0
4 2 7
6 0
4 2 81
1 2 19
6 2
1 0 95
6 0
1 2 78
2 0 1
4 2 83
5 2
5 1
6 1
6 2
1 2 72
5 2
4 1 55
1 1 14
5 1
4 1 56
2 2 0
6 0
6 0
1 0 30
1 1 94
5 0
5 1
6 0
5 0
1 0 26
1 1 91
5 0
2 0 2
6 1
6 1
1 2 13
1 1 15
2 2 0
5 0
6 1
1 1 92
5 0
1 0 12
2 1 2
1 2 13
2 2 1
6 0
2 0 2
6 1
5 2
1 2 51
6 2
6 1
2 2 0
5 0
6 1
5 1
6 0
2 1 2
6 0
6 2
6 0
6 2
1 2 38
5 2
1 0 17
4 2 5
4 0 56
2 2 1
2 0 2
6 1
6 1
4 2 43
6 2
4 1 37
5 2
2 2 0
2 1 2
6 2
6 2
1 0 41
5 0
4 0 23
4 2 54
1 0 10
2 0 1
5 2
1 1 47
5 1
6 2
2 1 0
4 2 12
2 0 1
1 2 86
4 2 99
4 2 41
5 1
5 1
1 1 58
5 1
4 1 70
2 2 0
1 1 10
2 0 2
1 1 57
4 1 60
6 2
1 2 94
5 1
2 2 0
6 1
6 1
5 0
1 0 29
5 1
5 0
1 1 40
5 1
5 1
4 1 6
2 1 2
2 0 1
2 1 0
2 2 1
6 1
5 1
6 0
6 0
2 0 2
1 2 63
2 1 0
6 2
5 0
1 0 99
2 2 1
6 0
4 0 70
4 0 93
5 1
2 0 2
5 1
5 2
2 2 0
6 0
5 0
6 1
2 1 2
5 2
5 0
2 0 1
2 2 0
4 1 1
1 0 26
6 1
4 1 18
1 0 56
6 1
5 0
1 0 52
4 1 15
2 1 2
1 0 0
2 0 1
2 2 0
6 1
1 1 22
1 0 69
2 1 2
1 0 62
1 2 2
1 2 8
2 0 1
5 1
4 1 84
5 1
6 2
1 1 43
2 2 0
5 1
2 0 2
2 2 0
4 1 41
2 1 2
6 0
2 2 1
5 1
5 1
5 1
1 0 96
1 0 90
2 1 2
4 0 90
6 0
4 2 71
4 0 74
2 2 1
2 0 2
5 1
4 2 34
1 1 28
5 1
2 2 0
4 0 38
6 1
6 1
6 0
6 0
6 0
1 1 63
2 1 2
1 2 77
4 0 46
2 2 1
1 1 51
6 0
1 0 27
4 1 25
2 0 2
1 2 92
4 2 82
5 1
6 1
2 1 0
6 2
2 2 1
6 0
5 1
4 0 51
4 1 36
5 1
6 0
2 1 2
4 2 31
6 0
1 0 57
6 2
6 2
4 2 68
6 0
4 0 91
6 2
2 2 1
5 1
5 1
4 1 86
4 1 68
5 1
5 0
2 1 2
6 0
4 0 88
5 2
5 0
6 0
6 0
2 2 1
2 1 2
2 2 1
6 1
4 0 9
4 1 18
4 1 12
6 1
6 1
2 0 2
6 2
2 2 0
5 1
6 1
1 0 41
4 0 14
6 1
1 1 11
2 0 2
4 2 85
6 1
1 2 66
5 2
5 2
4 1 80
5 1
5 2
4 2 64
6 2
6 1
4 1 7
2 1 0
4 0 68
5 2
6 0
6 0
4 0 93
1 0 32
5 2
2 0 1
1 1 90
2 2 0
5 1
5 1
5 1
4 0 3
6 0
5 1
1 0 37
5 1
5 1
2 1 2
1 0 56
1 2 64
1 2 11
6 2
2 2 1
1 0 83
2 0 2
6 2
6 2
5 1
4 1 94
4 2 20
6 2
4 2 74
2 1 0
6 2
5 0
4 0 66
2 0 1
2 2 0
2 1 2
2 2 1
1 0 73
4 0 95
5 1
2 1 2
1 0 56
6 0
5 0
6 2
5 2
6 0
4 0 100
2 0 1
2 2 0
4 0 54
1 1 66
6 0
1 1 72
1 0 82
4 1 76
6 1
4 0 9
4 1 6
4 0 64
5 0
1 1 62
2 0 2
6 1
1 2 30
2 1 0
6 2
5 2
6 0
1 0 37
6 0
1 0 61
1 2 99
6 0
1 2 96
2 2 1
4 1 73
4 1 30
6 1
4 1 47
2 0 2
5 1
2 2 0
1 0 90
1 0 80
5 0
4 0 98
4 1 76
1 0 14
2 1 2
6 0
1 0 66
4 0 16
6 0
5 0
2 0 1
1 2 80
6 2
2 2 0
4 1 80
4 0 93
5 1
6 0
4 1 82
1 1 40
2 0 2
6 2
2 2 0
1 0 70
5 1
4 0 52
5 0
5 1
2 0 2
2 1 0
6 0
6 0
6 0
5 2
1 0 50
1 2 76
1 2 32
6 0
6 2
5 2
5 0
2 2 1
4 1 80
5 1
1 1 85
4 1 86
1 0 78
2 0 2
1 1 19
4 2 39
1 2 53
4 2 87
6 2
2 1 0
1 2 94
2 0 1
4 2 25
1 2 46
6 1
4 2 94
4 1 16
2 2 0
6 0
5 0
1 0 37
4 0 42
5 1
1 0 20
2 1 2
1 0 47
2 0 1
6 1
4 2 99
2 1 0
1 0 44
5 0
4 0 98
1 0 6
6 2
6 0
1 0 56
6 0
4 0 62
4 0 50
2 0 1
1 2 28
5 2
4 1 56
1 1 28
6 1
5 2
2 1 0
1 0 37
6 0
1 0 75
2 0 1
2 1 0
2 0 1
5 2
5 2
1 2 17
2 2 0
1 1 66
4 0 2
1 0 15
4 0 49
6 1
2 1 2
6 0
6 2
4 2 69
4 2 39
6 0
2 0 1
6 2
2 2 0
6 1
1 1 71
4 0 38
5 0
2 0 2
6 1
2 2 0
4 1 23
5 1
1 1 35
6 0
6 1
5 0
4 1 98
6 1
5 0
1 0 70
2 1 2
5 0
5 0
2 0 1
6 2
6 1
2 1 0
2 2 1
5 1
1 1 20
4 1 7
2 1 2
6 2
5 0
5 2
4 0 99
2 0 1
4 2 23
4 2 17
2 2 0
1 0 40
1 0 41
4 1 29
4 0 47
6 0
6 0
5 0
4 1 75
6 1
2 0 2
6 2
6 2
1 2 36
1 1 76
5 1
1 2 83
1 2 32
1 1 96
1 1 30
6 2
5 2
2 1 0
4 0 35
2 0 1
2 1 0
6 2
1 2 23
2 2 1
6 1
6 0
1 1 73
1 0 92
1 0 70
4 0 58
1 0 67
5 1
5 0
4 1 76
1 0 69
4 1 16
1 0 17
2 0 2
4 1 97
6 1
6 1
6 2
4 2 15
4 1 85
1 1 97
5 1
1 2 96
5 2
5 2
1 2 70
4 1 26
5 1
1 2 20
4 1 63
5 2
1 2 71
5 1
6 1
4 1 0
4 2 26
5 2
5 2
5 1
1 2 74
6 1
2 2 0
5 0
1 1 32
5 1
5 0
4 1 40
5 1
2 1 2
6 0
4 0 62
5 2
4 2 54
1 2 0
2 0 1
4 1 69
4 1 18
5 1
5 1
2 1 0
6 2
1 0 33
2 2 1
5 0
4 1 28
4 0 29
4 0 36
1 1 5
5 0
6 1
5 1
5 1
4 1 3
2 0 2
2 2 0
1 1 48
5 1
4 1 49
4 1 56
4 1 53
1 0 85
4 1 89
6 0
4 1 15
1 1 90
1 1 73
1 1 28
1 1 32
2 1 2
6 2
4 0 16
6 2
5 0
4 2 74
2 0 1
5 1
5 1
6 2
4 1 89
6 2
2 1 0
6 0
4 2 56
6 2
5 2
2 0 1
6 2
1 2 27
4 2 69
2 2 0
4 1 34
4 1 39
5 0
5 0
4 1 76
5 0
5 0
6 1
4 0 82
4 0 74
5 1
5 0
4 1 8
4 1 65
5 1
2 0 2
2 1 0
5 0
6 0
5 2
6 0
4 2 42
4 2 63
1 0 54
2 0 1
1 1 75
6 1
6 2
2 2 0
4 1 27
6 1
6 1
2 0 2
6 1
1 2 59
5 2
5 1
5 1
5 1
1 2 41
5 1
2 2 0
1 1 17
5 1
4 0 95
1 0 66
2 0 2
1 1 80
5 2
4 1 80
2 2 0
5 1
2 1 2
6 2
1 0 43
5 2
6 2
1 2 79
4 2 44
6 0
4 2 3
5 2
1 2 61
4 0 10
2 2 1
5 0
2 0 2
6 1
4 2 12
5 1
6 2
6 2
2 1 0
2 2 1
2 1 2
4 2 15
4 0 11
6 0
5 0
5 2
5 2
6 2
4 2 61
1 0 48
1 2 55
5 2
2 2 1
5 0
1 1 89
2 0 2
2 2 0
4 0 4
6 0
2 0 2
2 1 0
4 0 46
1 0 60
2 0 1
1 2 67
6 2
4 2 68
5 1
5 2
4 1 64
6 1
5 1
6 2
6 2
2 1 0
5 2
6 0
4 2 7
4 2 15
2 0 1
4 1 8
2 1 0
5 0
5 2
4 2 41
1 0 56
4 0 2
6 2
6 0
4 0 63
6 0
6 0
5 0
2 2 1
5 1
2 0 2
1 2 44
5 2
5 2
6 2
2 1 0
6 0
6 2
4 2 57
5 2
4 0 64
4 0 49
5 2
2 0 1
6 1
5 2
1 1 67
2 1 0
4 0 32
1 2 85
2 2 1
5 1
6 0
2 1 2
5 2
5 0
2 2 1
5 1
1 1 76
4 1 57
5 1
4 0 50
1 0 96
2 1 2
1 2 67
6 2
1 0 11
1 0 66
2 0 1
5 1
5 1
1 1 64
2 2 0
4 1 70
2 1 2
4 0 27
2 2 1
1 1 93
6 1
5 1
4 1 84
4 0 28
1 0 58
5 1
2 1 2
5 2
1 2 65
6 0
2 2 1
4 1 41
2 0 2
2 1 0
2 2 1
1 0 39
6 0
6 0
4 0 32
4 0 63
2 0 2
6 2
2 1 0
4 0 46
5 0
2 0 1
2 2 0
6 0
4 1 55
5 0
2 0 2
5 1
1 1 44
1 1 96
1 1 91
1 2 11
5 1
1 1 69
4 2 23
4 1 58
2 2 0
1 0 49
5 1
4 1 13
5 0
4 1 90
5 1
2 1 2
6 0
4 0 70
6 0
1 2 61
5 2
6 0
1 0 94
1 2 2
5 2
6 0
1 2 7
5 0
4 2 78
2 2 1
1 1 75
5 1
1 0 10
5 1
2 0 2
6 1
5 2
1 1 61
2 2 0
6 1
5 1
1 0 38
4 1 61
4 1 46
4 1 59
4 0 59
2 1 2
2 0 1
2 1 0
4 0 26
4 2 19
1 0 91
1 0 31
4 2 81
2 0 1
4 1 2
1 1 20
4 2 19
1 2 70
1 2 21
4 2 84
2 1 0
4 0 3
4 0 35
5 2
1 0 47
1 0 3
4 0 20
2 0 1
4 2 63
6 2
1 2 63
1 1 14
5 2
1 2 96
4 1 4
2 1 0
2 0 1
1 2 22
6 2
1 2 42
6 1
5 2
5 2
1 2 83
6 1
6 1
2 2 0
4 1 72
2 0 2
5 2
1 2 50
6 2
2 2 0
2 1 2
1 0 49
2 0 1
6 1
2 1 0
6 0
1 2 20
6 0
5 0
1 2 19
6 2
5 0
6 0
5 2
2 0 1
5 1
2 2 0
2 0 2
2 1 0
1 2 24
4 0 0
2 0 1
1 1 70
4 1 75
4 1 81
4 1 33
5 1
2 2 0
1 0 91
6 0
2 0 2
2 2 0
5 1
4 0 4
6 1
5 1
6 1
4 1 89
4 1 47
6 0
6 0
1 0 42
1 0 42
4 1 87
4 1 57
4 1 48
2 1 2
1 0 85
6 2
5 2
4 2 56
5 2
6 0
1 0 2
5 0
4 0 55
1 2 74
5 2
5 0
1 0 69
2 0 1
4 2 93
4 1 45
4 2 64
1 2 50
5 2
4 1 14
5 2
1 1 72
2 2 0
6 0
4 0 15
4 0 9
6 0
5 0
5 1
4 0 34
1 1 92
6 0
1 0 5
6 0
4 1 9
1 1 44
6 0
1 0 8
4 1 51
2 1 2
1 2 30
6 2
2 2 1
1 1 18
2 1 2
2 2 1
1 0 24
5 1
5 0
4 1 4
1 0 94
4 1 25
5 0
6 0
4 1 40
1 1 49
1 0 33
1 0 20
2 1 2
2 2 1
6 1
1 0 86
1 1 5
6 0
5 0
2 1 2
1 2 88
2 0 1
5 2
2 1 0
1 2 20
1 2 30
5 2
4 2 38
1 0 94
5 2
6 0
1 0 87
2 0 1
1 2 56
2 2 0
6 0
5 1
2 0 2
4 2 51
6 2
6 2
2 2 0
1 1 69
6 1
2 1 2
6 0
2 0 1
1 1 48
6 2
5 1
6 1
4 1 16
5 2
5 1
6 1
5 1
5 2
4 2 38
4 2 17
1 2 66
5 2
2 2 0
4 1 93
1 0 89
5 1
2 1 2
2 0 1
5 2
6 2
1 2 56
2 2 0
2 0 2
5 2
4 2 22
5 1
6 2
1 2 99
5 2
4 1 80
4 1 15
4 2 51
4 2 18
4 1 8
2 2 0
5 0
5 0
4 1 44
2 1 2
2 2 1
2 0 2
1 2 91
5 1
6 1
1 1 73
6 1
6 1
4 1 74
1 2 38
4 2 55
5 2
2 2 0
4 1 9
6 1
2 0 2
1 1 50
6 2
4 2 25
6 2
5 2
2 2 0
1 1 69
6 1
1 0 8
4 1 5
4 0 72
1 0 90
4 0 32
2 1 2
5 0
5 2
5 2
1 0 2
5 2
1 2 53
6 0
6 0
5 2
1 0 73
5 0
5 0
2 2 1
2 0 2
4 2 99
1 1 65
2 1 0
6 2
6 2
1 2 87
4 0 25
2 0 1
6 2
4 1 38
2 1 0
6 0
6 0
2 2 1
4 1 65
5 0
4 1 94
6 1
6 1
2 0 2
6 2
6 2
4 2 71
2 1 0
5 0
2 0 1
5 2
4 1 25
1 2 13
5 2
6 2
1 1 97
1 2 50
1 1 94
6 1
6 1
1 1 64
5 1
5 2
5 2
6 2
6 2
1 1 29
4 1 96
1 2 40
2 2 0
1 1 62
2 0 2
2 2 0
6 0
2 1 2
2 2 1
6 1
4 1 14
4 0 85
4 1 76
1 0 98
6 0
6 1
5 1
5 1
4 1 34
1 1 78
1 1 64
6 0
5 1
4 1 51
4 1 25
2 0 2
6 2
4 2 26
4 1 32
5 2
2 2 0
5 0
6 1
2 1 2
6 0
2 0 1
2 2 0
2 0 2
4 1 6
6 1
4 1 15
2 1 0
4 2 29
1 2 4
2 0 1
5 1
6 1
5 1
1 2 98
6 2
5 2
4 1 29
6 1
2 1 0
5 0
5 0
5 2
4 0 61
4 2 59
1 2 95
4 2 23
1 0 84
2 0 1
5 1
1 2 18
2 1 0
6 0
5 2
5 0
4 0 26
6 0
1 2 70
5 0
6 0
1 0 34
6 0
5 0
5 0
2 0 1
4 1 4
4 1 60
1 1 71
6 1
1 1 4
1 2 72
1 1 99
2 2 0
6 1
2 0 2
2 2 0
5 1
2 0 2
2 1 0
1 2 68
4 0 7
4 2 94
5 2
5 0
1 2 37
1 2 51
1 0 56
2 2 1
6 0
5 1
4 1 93
5 0
4 1 7
5 1
1 1 78
2 1 2
4 0 94
5 0
4 2 0
2 2 1
2 1 2
2 2 1
6 0
6 1
2 0 2
5 2
6 2
6 2
1 1 20
6 2
1 2 67
6 1
4 2 89
1 1 44
2 1 0
1 2 9
4 2 26
2 0 1
6 2
5 2
5 2
1 1 32
2 1 0
6 0
5 2
6 2
2 0 1
2 1 0
2 0 1
6 2
4 2 43
5 1
2 1 0
6 2
2 0 1
2 1 0
5 2
6 2
1 2 44
2 0 1
1 1 15
4 2 19
5 2
1 2 92
6 1
5 1
2 2 0
6 1
6 0
4 1 82
2 0 2
1 1 40
5 2
2 1 0
6 0
4 2 71
5 0
1 2 35
5 0
1 0 95
4 2 49
5 0
5 0
5 2
4 2 82
6 0
1 2 13
2 0 1
1 1 14
4 2 31
6 2
6 2
5 1
1 2 63
6 1
6 2
4 2 33
4 2 90
2 1 0
4 2 97
4 0 31
4 2 3
2 0 1
4 1 19
2 1 0
4 2 23
1 0 3
1 0 63
6 0
4 2 46
4 2 5
5 2
5 2
1 2 90
1 2 79
1 0 46
4 0 47
5 0
2 2 1
5 1
5 0
2 1 2
6 0
5 0
5 0
5 0
1 0 70
6 0
2 0 1
2 1 0
1 2 71
5 2
1 0 91
1 2 78
1 0 89
4 0 6
1 0 2
5 0
4 2 95
2 2 1
1 0 99
6 0
6 1
1 1 12
4 1 64
6 0
2 0 2
1 2 78
2 1 0
6 0
2 2 1
4 1 64
6 1
6 1
4 0 99
6 0
1 0 82
5 0
5 0
5 1
5 1
4 1 59
2 0 2
4 2 70
1 2 31
1 1 29
6 2
4 2 22
4 2 95
5 1
4 1 100
1 2 25
1 2 82
6 1
2 2 0
1 0 20
2 0 2
5 2
5 2
5 2
1 1 16
4 1 68
5 2
5 1
6 2
1 1 39
4 2 45
1 1 14
2 2 0
4 1 80
5 1
5 1
5 1
1 1 53
5 1
6 1
6 1
5 1
5 0
1 1 84
2 0 2
4 1 91
1 1 38
5 2
4 2 32
5 2
1 1 70
1 1 31
1 1 24
6 2
5 2
2 2 0
2 1 2
6 2
2 0 1
5 2
1 1 97
5 1
1 2 77
4 1 7
2 2 0
5 1
6 1
5 0
5 1
5 1
5 1
1 1 47
2 1 2
4 0 6
2 0 1
1 2 71
5 1
6 2
2 2 0
1 1 5
1 1 25
1 1 28
4 1 97
5 0
4 1 46
1 1 35
6 0
6 0
6 0
5 1
6 1
5 1
4 0 36
6 0
2 1 2
4 0 29
2 0 1
1 2 63
1 1 60
5 1
4 2 9
2 2 0
4 1 33
6 1
1 1 36
4 0 55
6 1
6 0
1 0 40
1 1 54
5 1
6 1
5 1
4 0 48
1 0 33
6 1
1 0 61
5 1
6 1
1 1 42
6 1
5 1
1 1 84
4 0 11
2 0 2
4 2 16
6 2
6 2
5 1
4 1 34
2 1 0
1 0 15
2 2 1
2 0 2
4 1 33
5 1
1 2 35
2 2 0
1 0 49
5 1
5 1
6 0
2 0 2
6 2
6 1
2 1 0
6 0
2 2 1
2 1 2
6 0
6 0
2 2 1
5 0
6 1
4 1 47
6 0
2 0 2
4 1 67
6 1
4 1 9
1 1 21
1 2 34
5 1
1 2 91
6 2
4 1 69
6 1
1 1 23
1 2 74
1 2 81
4 2 43
1 2 74
1 1 50
2 1 0
1 2 57
5 2
4 2 17
1 2 24
2 0 1
2 1 0
5 0
6 0
5 2
5 2
4 0 99
1 2 53
4 2 85
4 0 98
6 0
6 0
5 0
1 2 88
6 0
2 0 1
6 2
5 2
6 2
6 1
4 2 61
4 2 30
4 2 91
5 1
2 2 0
5 1
5 1
1 1 73
2 0 2
4 1 98
4 2 36
6 2
2 2 0
1 0 3
1 1 35
4 0 88
1 0 50
4 0 70
1 0 92
5 0
4 0 2
1 0 19
5 1
5 1
6 1
1 1 28
2 1 2
4 2 93
5 2
4 0 26
4 2 79
4 2 38
5 2
6 0
2 0 1
5 1
6 2
4 2 19
2 1 0
6 2
5 2
2 0 1
1 2 8
6 1
4 2 2
1 2 62
6 1
6 1
4 1 31
2 2 0
5 0
1 0 50
1 1 26
1 0 38
4 1 43
2 0 2
1 1 57
6 2
5 1
2 1 0
6 2
5 2
5 2
4 2 44
6 0
5 2
1 2 83
5 2
2 0 1
5 2
4 2 22
2 1 0
5 0
2 0 1
6 1
5 1
4 1 49
5 1
6 2
6 1
4 1 37
5 1
6 2
2 1 0
2 2 1
4 1 76
2 0 2
1 2 85
6 2
4 2 92
4 1 100
4 1 14
2 2 0
6 1
2 0 2
4 1 95
6 1
4 1 46
4 1 23
6 1
1 1 25
4 2 63
1 2 42
2 2 0
5 0
2 1 2
6 0
5 0
1 0 78
5 0
6 0
4 2 8
2 2 1
6 1
2 1 2
1 0 85
2 2 1
6 0
4 0 72
1 0 15
1 1 44
2 1 2
1 2 65
6 0
5 2
2 2 1
2 0 2
2 2 0
6 0
6 1
1 0 98
4 1 61
2 1 2
4 0 40
6 0
5 2
1 2 81
4 2 94
1 2 93
6 2
5 2
2 2 1
1 1 53
4 0 74
6 1
6 1
6 0
6 1
6 1
1 0 63
1 0 46
5 0
1 1 7
2 0 2
1 1 72
6 2
6 1
6 2
1 1 84
5 1
5 2
2 1 0
6 0
4 2 79
2 0 1
4 2 47
5 2
1 1 42
1 2 93
5 2
1 2 54
6 1
2 1 0
4 0 16
2 0 1
6 1
1 2 33
4 1 55
4 2 45
2 2 0
2 1 2
6 0
1 0 12
6 0
2 2 1
2 0 2
6 1
2 2 0
2 0 2
2 1 0
4 2 60
6 2
2 2 1
1 0 32
2 0 2
4 1 48
5 1
2 1 0
2 2 1
6 1
6 0
5 0
1 0 4
6 1
4 1 55
1 0 22
5 0
4 1 57
2 1 2
6 2
1 0 62
2 2 1
1 1 18
6 0
6 1
5 0
5 1
5 0
2 0 2
4 2 2
4 1 26
2 1 0
2 2 1
4 0 10
6 1
6 1
4 0 85
4 0 68
2 1 2
6 2
1 2 69
2 0 1
6 2
4 1 26
5 1
6 1
2 2 0
2 0 2
5 2
6 1
6 1
4 1 63
1 2 10
2 1 0
5 0
5 2
6 2
6 2
2 2 1
5 0
1 1 89
1 0 70
2 0 2
5 2
6 1
2 1 0
1 0 16
1 0 48
4 2 39
2 0 1
5 1
1 2 31
1 2 72
5 2
4 2 86
2 2 0
1 0 17
6 1
6 1
5 0
1 1 96
2 1 2
2 2 1
4 0 32
5 1
2 0 2
5 2
6 2
2 2 0
1 1 30
6 1
5 1
6 0
6 0
4 1 44
4 1 92
1 1 58
2 1 2
2 0 1
1 1 68
1 1 84
6 2
4 1 32
4 1 62
1 1 34
4 1 96
5 1
1 1 56
4 1 48
2 2 0
5 0
5 0
1 1 31
6 0
4 1 47
5 0
2 0 2
4 2 78
2 2 0
1 0 74
6 1
4 1 63
4 0 76
6 0
1 0 36
6 0
4 0 1
1 1 93
1 1 9
4 1 43
1 1 45
1 0 63
5 0
6 0
6 1
5 1
4 1 96
5 0
2 1 2
5 2
6 2
4 2 12
2 2 1
2 1 2
2 0 1
2 1 0
6 0
4 0 7
1 0 28
4 2 80
6 2
1 0 88
5 2
2 0 1
1 2 42
1 1 87
5 1
2 2 0
4 1 60
1 1 66
6 1
1 0 42
5 1
2 1 2
1 2 16
6 2
4 0 62
4 2 15
6 2
2 0 1
2 1 0
5 0
4 2 26
1 2 5
5 0
5 2
6 0
1 2 46
6 2
6 0
5 2
5 0
1 2 78
5 2
2 2 1
4 0 19
1 0 44
1 1 34
5 1
6 1
4 1 99
1 0 35
6 0
4 1 15
6 1
4 0 28
2 1 2
6 2
1 2 86
1 2 89
4 2 91
4 0 91
1 0 5
2 2 1
2 1 2
2 2 1
4 0 83
2 1 2
5 2
1 0 3
2 2 1
4 1 71
6 0
5 0
1 0 14
6 0
2 1 2
6 0
6 0
1 2 91
4 0 92
5 2
1 0 31
4 0 23
1 0 17
4 0 25
1 0 32
4 2 47
4 0 87
1 0 5
2 2 1
4 1 4
6 0
4 0 95
1 1 68
6 1
6 0
5 1
4 1 87
2 0 2
6 2
4 2 88
6 1
4 1 0
2 2 0
5 0
1 0 57
1 0 97
5 1
6 1
2 0 2
1 2 85
1 1 14
1 2 9
4 2 16
5 2
6 2
5 2
2 1 0
6 2
5 2
1 0 53
6 0
1 2 97
6 0
2 0 1
1 2 95
6 1
6 1
4 1 53
5 1
2 2 0
2 0 2
5 1
6 1
2 2 0
5 1
4 1 10
5 0
5 0
4 0 21
6 1
1 0 71
4 1 68
1 1 85
2 0 2
1 1 38
1 1 90
6 2
6 2
4 1 73
1 1 17
2 2 0
4 1 48
5 0
5 1
2 0 2
5 1
1 1 51
6 2
4 1 37
2 2 0
6 0
1 0 30
1 0 94
4 1 95
6 0
2 0 2
4 1 13
4 2 54
5 2
5 1
4 2 43
6 1
2 1 0
2 2 1
4 1 30
4 1 100
1 1 88
2 0 2
6 2
1 2 2
2 2 0
1 0 68
4 0 47
5 0
6 1
6 0
4 1 79
6 1
1 0 13
4 1 16
2 1 2
2 0 1
4 1 84
4 2 1
2 1 0
5 0
4 0 86
6 2
1 0 89
5 0
4 0 14
6 0
4 2 66
5 2
1 2 49
6 2
4 2 77
2 2 1
4 1 36
1 1 84
5 0
6 0
5 0
2 0 2
1 2 16
2 2 0
4 1 67
2 0 2
4 2 67
2 2 0
6 1
5 0
1 1 46
4 1 22
6 1
6 1
2 0 2
5 2
2 1 0
4 2 54
2 2 1
4 1 60
4 0 45
6 0
1 0 9
2 0 2
6 1
4 1 82
5 2
1 2 54
1 2 18
5 1
1 2 96
2 2 0
6 1
4 1 57
5 1
5 1
5 0
4 1 86
1 0 15
4 0 36
1 0 83
4 0 8
2 1 2
2 0 1
5 2
5 1
6 2
6 1
2 1 0
5 2
1 0 10
1 2 95
5 0
1 2 39
1 0 50
2 0 1
2 1 0
5 2
2 2 1
2 0 2
1 1 16
2 2 0
1 0 49
6 0
6 1
6 0
2 0 2
6 1
2 2 0
6 0
1 1 7
4 0 75
6 1
2 1 2
6 2
4 0 22
4 0 16
1 2 26
2 2 1
5 0
4 0 27
1 0 52
1 0 73
6 0
1 1 53
5 1
2 1 2
4 0 22
2 2 1
2 1 2
6 0
1 2 82
4 2 60
1 0 25
5 2
4 2 56
4 0 26
2 0 1
2 2 0
2 1 2
6 2
2 0 1
2 1 0
5 2
5 0
4 2 38
2 0 1
5 1
5 1
5 1
1 1 25
1 1 75
4 1 19
2 1 0
1 0 20
1 0 8
4 2 88
1 0 15
2 0 1
4 1 48
6 2
4 1 81
5 2
6 2
5 2
6 2
1 2 2
6 2
1 2 26
5 2
5 1
2 2 0
4 1 33
4 0 93
2 1 2
6 0
6 0
5 2
5 2
1 2 89
6 0
4 2 91
2 2 1
6 1
6 0
6 1
6 1
4 0 85
6 0
2 0 2
5 2
1 2 0
2 2 0
4 0 91
2 1 2
6 2
4 2 13
2 0 1
2 2 0
2 1 2
6 0
5 2
2 2 1
4 1 57
2 0 2
6 1
1 1 89
1 2 39
1 1 5
2 1 0
5 0
6 2
6 0
2 2 1
6 0
6 0
6 0
4 0 62
4 1 25
2 0 2
4 2 79
5 2
1 1 77
4 1 23
2 1 0
5 0
2 0 1
1 2 84
5 2
1 2 82
6 1
4 2 15
4 1 63
4 2 59
2 2 0
5 0
5 1
2 0 2
1 2 63
2 1 0
6 2
1 2 19
1 0 53
6 0
1 2 47
4 0 42
5 2
5 0
5 2
1 2 73
5 0
6 0
4 2 64
6 2
2 0 1
5 1
2 2 0
1 1 65
1 0 15
5 1
1 0 4
2 0 2
1 1 22
6 2
4 2 98
2 1 0
6 2
5 2
4 0 38
1 2 42
6 0
2 2 1
2 0 2
2 2 0
2 0 2
2 2 0
5 1
6 0
1 1 28
4 1 98
5 0
1 0 27
1 1 19
6 1
5 0
2 0 2
4 1 40
2 1 0
6 0
2 2 1
6 1
6 1
1 1 75
6 1
1 1 20
6 1
2 0 2
5 1
2 1 0
1 0 79
2 2 1
1 0 51
4 1 74
6 1
5 0
4 1 58
2 0 2
4 2 8
5 2
6 2
4 2 50
1 2 26
6 2
5 2
1 2 14
2 1 0
4 0 72
2 2 1
4 0 82
1 0 45
5 0
2 0 2
5 2
2 1 0
1 0 43
4 0 6
2 0 1
6 1
4 1 67
2 2 0
6 1
4 0 45
4 1 51
4 1 8
4 1 93
2 0 2
4 1 51
5 1
1 2 60
1 1 61
4 1 67
2 2 0
5 0
2 0 2
1 1 18
6 2
1 1 2
1 2 53
1 2 33
1 1 41
4 2 6
1 1 62
6 1
4 1 61
4 1 76
6 2
4 2 77
5 1
2 2 0
6 1
4 0 88
2 1 2
5 0
5 2
6 0
6 0
2 0 1
4 2 30
6 2
2 2 0
1 1 67
6 1
1 1 44
4 1 69
6 1
5 1
4 1 68
1 1 21
4 1 18
2 0 2
4 2 40
1 1 42
5 1
5 2
5 2
5 2
1 1 17
5 2
2 2 0
5 0
6 0
6 1
1 0 58
4 0 19
6 0
6 0
1 1 15
4 1 30
5 1
2 0 2
2 2 0
4 1 76
6 0
2 0 2
1 1 57
4 2 81
4 1 21
4 1 12
4 1 25
4 2 12
2 2 0
6 0
4 1 57
2 1 2
1 2 75
5 2
1 0 33
2 2 1
2 0 2
5 1
5 2
4 2 23
1 1 79
5 2
5 1
2 2 0
1 1 29
5 1
2 0 2
5 2
1 2 53
4 1 50
5 1
1 1 73
2 1 0
6 0
6 0
5 0
1 0 71
4 0 31
2 0 1
4 1 45
6 2
5 2
4 2 3
4 2 28
5 2
6 1
6 2
1 2 48
2 1 0
6 2
1 0 96
5 0
4 2 43
4 2 3
1 0 63
1 0 21
2 2 1
4 0 43
6 1
1 1 7
5 0
5 0
4 0 66
6 0
6 1
5 1
4 1 31
6 0
2 0 2
4 2 97
5 1
5 2
4 1 1
6 1
5 1
4 1 75
4 2 2
2 1 0
2 2 1
5 0
5 0
4 0 31
4 0 76
5 0
5 1
4 0 76
5 1
1 0 66
1 1 59
4 1 81
2 0 2
2 2 0
4 1 99
2 1 2
6 0
6 0
5 0
1 0 60
4 2 48
2 2 1
5 1
4 1 89
2 0 2
1 2 18
2 1 0
6 0
6 0
4 2 59
2 2 1
4 0 2
1 0 7
5 1
4 1 68
5 1
2 0 2
6 2
1 1 29
1 1 54
6 2
2 1 0
1 2 49
6 0
1 2 60
6 2
5 2
5 0
5 0
6 0
4 0 0
5 0
6 2
2 0 1
5 2
5 2
1 2 54
4 1 78
5 2
5 1
1 1 88
5 2
2 1 0
6 2
1 0 63
5 2
6 2
4 2 16
1 0 14
6 2
2 2 1
6 0
4 0 55
6 1
4 1 61
5 1
4 1 68
5 0
5 0
1 0 24
4 1 13
1 1 39
2 0 2
4 2 34
4 1 79
2 1 0
5 2
5 0
5 0
5 2
6 0
4 2 1
1 0 66
2 0 1
2 2 0
6 1
4 1 57
5 1
4 1 35
6 0
2 0 2
6 1
1 2 57
5 2
1 2 31
5 2
2 2 0
1 0 18
1 1 61
5 0
1 0 54
6 1
4 0 41
2 0 2
6 1
1 2 97
6 1
5 1
5 1
6 1
2 1 0
1 2 33
4 2 92
2 2 1
2 0 2
1 2 0
4 1 70
4 2 1
5 2
6 2
1 1 45
5 2
5 1
