Weapon with penetration 7 created
0
0
76
76
0
76
76
44
126
153
62
153
27
153
202
202
202
202
202
202
202
207
207
0
0
87
227
247
227
227
247
227
247
245
142
274
40
311
3
469
469
447
447
484
484
538
538
544
12
527
489
143
489
32
525
605
661
122
588
661
661
601
680
752
642
752
752
642
Weapon with penetration 18 created
0
39
41
571
3
165
89
702
702
715
165
165
258
2
835
715
789
789
282
789
789
194
887
789
899
936
47
219
219
818
827
827
174
922
219
862
371
275
419
11
63
894
962
3
894
894
275
275
1258
275
47
898
370
41
1013
514
370
965
1057
230
528
224
995
995
1058
622
1004
1058
1058
515
515
1058
530
1058
1012
589
1058
1031
589
1076
589
833
1031
1031
589
1031
589
871
871
279
608
608
487
1033
588
1076
608
608
1082
977
407
871
1092
608
871
66
603
1092
1092
1112
127
240
651
1129
1152
1152
1051
1129
1080
1129
1129
1839
1177
1129
727
727
790
1129
1260
163
23
1142
1142
1186
1260
1186
790
1142
1186
1938
1260
1408
1260
1219
1545
857
1230
58
1230
873
1230
733
873
1230
1230
1230
193
966
158
380
1230
1078
1230
990
1365
1365
966
966
966
829
966
1384
307
1277
1451
1039
1451
1546
542
1117
1546
1451
1240
1451
1039
1039
508
1469
29
1039
1546
1546
259
508
1546
1284
1469
41
1546
1284
1469
1469
1039
2272
1614
1614
1039
1039
1469
1546
1039
2020
1039
53
1050
1298
1298
332
1546
1298
282
1524
1050
1625
508
1298
1050
1050
180
1298
1639
1639
1639
2495
1524
1639
1639
1639
1154
1631
1631
1687
183
1885
1631
154
1631
1687
600
18
1687
1686
1345
1154
1687
1686
8
830
1154
139
1729
1904
2938
674
1751
1747
1210
1762
1747
1758
1775
587
1677
1357
1164
1916
1411
12
529
1864
2692
1883
1411
1397
120
252
1411
1397
100
1397
1411
1127
2021
1411
1889
1889
1889
2021
1900
1486
2080
1411
493
2080
393
1445
58
1950
2324
1590
30
2491
2023
1443
1388
2139
2038
161
1443
15
1590
2051
2063
545
1020
2139
760
2063
2139
2068
2139
2139
2536
1303
2122
1636
2122
361
1680
1636
2122
1636
1739
1443
1707
2380
2179
2122
1742
1443
177
1742
1443
1443
1443
1742
2140
2182
2677
1761
1443
2182
12
2425
2677
2365
1433
1819
1819
2194
231
2140
1819
1819
1443
1958
2240
2083
1958
1975
2192
871
2273
1459
661
3005
198
2008
2008
2289
3929
439
2329
1463
1463
2636
2329
1074
1463
2329
2053
3102
3124
1463
1463
2329
2053
1463
2329
1463
1920
2329
2439
822
2329
1355
530
3924
1463
1463
2078
1463
2544
2945
2398
1463
2078
2329
2329
3139
2332
1550
1299
1402
375
2486
3187
2234
4220
2234
1463
805
1463
1463
2234
99
2234
2486
1386
2234
2402
2234
956
2608
2233
2402
2402
321
2402
2402
2486
576
805
1463
2402
5055
716
1463
1463
2486
2402
2486
1981
1150
2536
2251
3262
2536
2536
2536
2410
1463
1463
1463
1463
1463
267
2423
238
1463
2575
1463
2575
2018
2376
5466
1463
3646
2423
2621
3646
1463
2376
2376
3646
5079
2621
1463
2423
2423
2376
1255
2423
1463
5575
2626
1969
2649
649
2459
1463
1216
2482
2459
2649
2649
1463
2482
5642
4739
3850
2459
1463
2316
3906
2649
2503
1265
2503
2503
2459
1463
2459
2459
2518
2649
2518
1513
2459
836
1726
2459
2649
2459
3098
2484
2660
2484
1463
2484
1596
2499
1682
2701
1463
1463
606
3479
2777
1463
199
3403
1463
1463
2742
2563
2786
2786
3371
1001
2786
2219
2504
2786
1740
1463
2504
2560
4268
1735
2562
4536
1463
450
2562
2787
638
2787
2562
2787
2562
2834
1463
849
2566
2566
2941
1463
2962
2566
1654
2520
1758
1282
4071
4653
750
6467
4653
648
6487
3255
2566
4878
1579
3014
2566
6551
3110
2877
2586
2586
2877
2877
602
2590
3208
3233
3233
3233
2590
2877
2590
3233
1463
2590
5238
1088
817
3887
2590
2898
2590
6705
3278
2590
3278
519
2746
2898
2898
587
2078
2674
3278
2590
2141
2590
2916
1463
1667
2590
1463
399
2502
1692
2590
5965
2590
3314
5432
5432
3314
2590
1463
3892
3314
3314
6821
3314
2072
2970
1463
2590
7201
4709
2596
3348
3080
2970
3414
2596
1463
1463
3353
1463
3447
2992
2598
2133
2992
2992
3526
2992
3526
1463
2992
6141
2598
1463
2992
1463
2598
3887
5952
2598
104
1463
1463
2992
1463
5338
2598
2995
1463
1022
6107
2204
5985
6107
1463
1463
3453
2598
3622
3643
3643
1364
1907
1463
6180
3643
3064
5104
3064
1463
3699
6299
769
4308
1463
2598
2598
2598
3103
3103
2598
1463
1463
34
3124
3124
5605
3141
4212
3725
3725
1259
2598
108
3141
3141
3725
3725
1571
1463
2598
5300
2598
3725
3204
3204
1463
2598
2598
3742
3742
88
3745
3213
7232
793
677
3777
3213
1463
1463
4388
3777
1463
2564
5662
3777
5661
4731
2598
2598
3230
3777
6618
3777
6618
5118
2598
3777
2598
3252
1463
5316
3777
2598
2598
1463
2313
1887
6120
2598
3802
1463
2598
5737
3802
2598
3802
3802
2598
2598
6736
2430
3839
3871
2598
6910
144
1463
2598
3892
1463
167
2598
9042
1463
494
2598
9120
3892
3333
2598
3892
3892
3892
3333
687
6025
3923
2598
2598
3333
2598
3923
3923
4100
1463
3923
2598
3923
6955
2598
3333
1463
3333
3957
488
2598
3333
1767
1463
1463
3588
1463
1463
2598
1066
3372
5555
3957
3957
1463
3372
3982
5366
666
405
5351
7289
7220
6621
3375
3920
7289
2598
2598
3309
1463
2598
1463
3375
1463
1463
1463
3388
2598
9742
1463
491
3456
4124
2439
3456
4124
1768
3475
3475
345
4124
2598
2598
1463
1463
2231
1988
4144
7168
496
1463
45
3475
2598
2598
2598
1429
2598
1463
4164
4347
654
1463
1463
1463
1463
3475
3475
1463
2598
253
2598
5917
2598
4164
2598
3492
1463
2598
7956
2598
4219
1463
2598
2598
2598
10396
1463
4235
98
2598
3788
4235
4235
4235
1463
3509
1463
5573
4235
6495
2598
10128
6004
4252
2736
4252
3510
2598
4257
2598
3558
4257
2598
4257
4257
2598
9834
8811
3510
3510
2598
6026
5742
1463
1463
1463
4282
4282
3510
3510
3510
3510
1463
4282
4414
3510
2378
4282
8449
2598
3525
2207
4282
4383
1463
8961
2598
4287
1463
1463
366
465
405
4287
4287
2598
4287
3580
1463
3580
4287
2268
6598
264
2598
2598
2598
405
5587
3580
365
1405
1463
11407
2598
2598
4314
614
2598
7410
1441
5648
2598
3594
1463
4314
8517
4314
2598
3594
8687
3594
3594
6519
2598
4581
4330
1463
4330
2598
2598
4928
3594
2598
2598
2598
8256
1463
3594
1463
3751
1463
4365
3594
5534
1463
4365
1694
3615
240
328
8920
4365
534
4365
4727
8092
4365
2126
1463
3615
1463
1463
3628
8945
4365
3647
1320
3647
2598
3647
4373
3056
5284
3678
2598
582
4411
2598
1191
4413
4413
3678
4413
4413
1463
3678
4436
3678
2598
1463
4453
844
4238
1463
1463
4453
9486
4453
3903
4607
3703
3703
4453
2601
3703
4160
1463
4453
3703
1463
4453
3903
1463
3671
4453
3703
4453
1463
2598
1463
12301
8128
9536
3703
3703
1117
2506
3703
3703
8128
2598
4453
1463
4453
4453
3014
2598
1463
3703
3703
2598
2598
3713
6090
1463
2598
1057
3713
3713
2598
7265
1463
2598
4474
3740
1463
4474
4474
4941
276
3740
7389
3235
521
2598
4979
1463
1463
3740
5121
1463
972
4503
3139
1118
3742
3742
12827
5771
1463
3742
4546
2598
536
1463
2598
4546
10146
3742
12890
1553
4546
2598
1463
2810
3768
1463
3768
3297
11143
3768
2598
8573
2598
1463
4546
3768
4546
1463
2598
1463
10037
1463
3775
71
4546
11277
3775
8405
3775
328
785
1317
1463
1650
4546
2598
4546
4546
4546
733
1463
9376
9002
4855
1028
13604
4546
584
3808
4546
1463
519
4546
961
3808
13672
2598
1463
3808
10664
2598
4589
2598
4589
2598
3808
3808
3808
3808
3950
1463
1463
3808
1463
12929
2598
2598
10234
3808
2001
4644
4644
1528
4826
2598
1463
1463
4644
6836
4644
182
4687
12393
4620
2598
1463
6293
3831
8617
412
3831
5030
1463
4705
3831
1836
4705
11139
696
11139
1463
585
4705
1463
12281
3846
3161
2598
4705
2022
7606
1463
3846
1463
3081
2208
4721
1463
10463
4721
4721
1463
3949
3090
6125
4721
3846
835
2598
1463
3846
3506
1463
1463
2598
595
7814
11593
1463
2598
3846
4775
1463
2598
1463
4775
3856
4775
3856
4775
2305
3856
3856
10811
11702
2598
9734
4785
1463
10928
4785
3161
1463
3733
10071
4785
2598
1463
7657
1463
1463
1463
11297
1154
5052
4785
931
2598
4785
2598
4785
4785
2598
1463
7970
826
4785
4785
1463
1463
4785
363
3876
4785
3876
3876
1395
4785
2598
947
3876
13027
3876
2598
4515
4785
2598
3876
4803
4803
4803
4803
3870
9868
1956
2598
10427
1463
2598
3876
12140
2833
4363
2598
1463
4857
3876
6263
2598
1463
2598
1463
3876
3732
4866
1463
1463
4866
557
4866
2598
7094
3876
2598
3876
557
1463
4866
1463
7621
4866
3876
3876
3876
3876
1463
2533
4866
1463
4572
14962
1463
3877
4903
3877
1463
2754
1725
2598
2598
15349
3877
2365
3877
6703
4730
15042
272
4730
1463
2366
2598
4871
12641
3877
3177
1369
4871
2219
1463
3877
1202
2598
1463
4871
4871
9094
3877
4882
3126
4882
2598
3246
12773
6870
2598
1463
1463
1463
1463
1463
3877
4882
12000
3877
3877
9951
2598
2333
3877
955
12148
12904
11168
14049
3877
4817
2598
2598
1463
10905
1463
2598
2598
1463
6047
2598
4910
4910
2598
10029
7062
3877
1463
15677
9651
1463
4917
3877
3877
2598
6308
15725
7563
3877
2598
2598
3684
4961
3877
1463
8954
4961
632
1463
2598
15732
3877
1463
1464
13411
1463
1463
8954
1369
1463
2598
1369
2598
1901
515
3877
3877
1463
6621
2598
1164
4961
4961
3498
13470
1463
2244
1463
4961
4961
3877
4962
2598
1463
1463
3877
15959
1463
4962
2598
2598
1194
2598
1463
2598
4962
2598
4962
13640
4962
3888
4197
4962
4455
2598
3433
1463
1463
13640
8449
2111
1463
2598
2598
1463
4962
16148
4965
5133
2598
9481
3888
4965
1463
1463
1463
4966
6925
4966
4966
2598
2598
4966
330
2058
13806
2598
4966
2598
1463
Weapon destroyed
Weapon destroyed
