24
6 22
59 97
25 89
15 20
8 14
9 85
16 50
24 70
53 61
76 96
69 96
27 43
22 93
23 71
99 99
38 69
32 91
31 58
42 93
26 81
45 62
64 91
39 91
20 31
68
2 7
17 17
7 21
9 11
13 21
9 22
8 9
3 20
4 23
8 24
2 3
13 23
15 24
14 24
10 22
5 21
19 22
5 23
1 22
7 7
5 20
6 13
7 18
3 13
12 16
5 17
14 19
1 2
19 21
23 24
15 18
13 19
17 18
12 20
9 19
5 13
8 19
13 13
2 8
8 11
1 5
5 19
7 16
3 17
7 21
7 20
1 10
2 14
7 24
2 12
19 24
20 21
8 8
13 14
10 20
2 14
2 10
1 2
14 17
6 10
5 21
2 7
7 18
18 24
18 19
16 23
1 3
8 18
