2877 3338
2563 3720
2877 3856
2877 3248
2877 3812
2856 1772
2877 3381
2382 703
2225 85
2873 1929
2877 3160
2877 3408
2877 3845
2877 3355
2877 3664
2856 2327
2877 3538
2538 1198
2877 3165
2655 221
2877 3422
2877 3526
2877 3455
2877 3659
2382 1076
2877 3349
2877 3544
2877 3407
2619 636
2621 1509
2877 3578
2877 3344
2986 650
2877 3274
2877 3290
2877 2821
2877 3146
2877 2804
2877 3893
2877 3772
2873 2225
2100 196
2877 3818
2877 3539
2621 1207
2877 3651
2877 3688
2877 3187
2877 3475
2877 2992
2621 2638
2877 3187
2877 3144
2877 2999
2382 1941
2877 3771
2382 1721
2107 803
2877 3437
2877 3617
2877 3269
2563 3544
2877 2688
2877 3735
2877 3606
2563 3425
2877 2234
2877 3515
2877 2994
1648 82
2553 642
2877 3481
2856 1697
2311 2109
2877 3216
2563 3253
2877 3598
2877 3673
2856 1872
2877 2996
2877 3112
2877 3394
2877 3183
2877 3122
2877 1501
2877 3571
2877 3242
2877 3487
2382 1201
2877 3444
2856 1879
2685 1094
2877 3830
2877 3038
2877 3697
2877 3190
2877 3189
2877 3402
2877 2145
2856 1705
2856 1489
2877 2866
2877 3084
2877 2988
2877 2697
2877 3698
2877 3616
2877 3400
2986 68
2877 3828
2877 3486
2877 3618
2877 3031
2877 2906
2877 3237
2856 2382
2877 2787
2877 2959
2877 3173
2877 3244
2877 2960
2877 3427
2877 3417
2877 3228
2877 3275
2877 3456
2311 1744
2877 3170
2877 3255
2873 1948
2877 2683
2553 788
2877 2906
2877 3788
2877 3039
2877 3632
2877 3252
2877 3343
2877 3761
2877 3346
2877 3349
2311 1432
2877 2769
1864 407
2877 3222
2877 3385
2877 3515
2877 3528
2877 3430
2856 1546
2877 3801
2877 3305
2856 1650
2877 3614
2986 514
2877 3416
2877 2705
2877 3018
2877 3698
2877 3887
1584 57
2877 3671
2877 3355
2877 3516
2525 880
2877 3447
2877 3307
2877 3545
2877 3402
2877 2949
2877 3618
982 24
2877 2966
2967 587
2877 3036
2856 1464
2877 3482
2877 2740
2877 3414
2877 3190
2877 2935
2877 3090
2621 848
2877 1737
2877 3611
2877 2774
2877 3043
2856 2597
2553 494
2877 3422
2967 483
2877 3584
2877 2894
1419 247
2877 2982
2877 3654
2877 3131
2877 3518
2877 3155
2497 342
2877 3594
2450 579
2877 3205
2877 3139
2877 3819
2856 1832
2877 3770
2856 2385
2877 3477
2439 434
2877 3528
2877 3192
2856 2078
2877 3116
2877 3409
2877 3279
2877 3171
2877 3180
2877 3750
2877 3292
2105 959
2890 1152
2877 3458
2877 3031
2877 3256
2877 3090
2877 3091
2877 3147
2877 3381
2644 33
2856 1582
2856 2264
2856 2055
2877 2004
2877 3531
2373 684
2856 1478
2877 3456
2877 2081
2877 3762
2877 2930
2877 2463
2877 3023
2868 1406
2877 2707
2873 2829
2877 3182
2856 1420
2382 1911
2877 3437
2599 63
2877 3376
2877 3340
2877 2903
2877 3636
2877 2423
2382 1064
2621 1125
2621 1428
2877 3372
2877 2405
2877 4051
2877 3821
2877 3372
2877 2692
2890 1061
2877 3152
2877 2191
2877 3593
2877 3157
2877 3498
2382 1438
2877 3200
2877 3618
2877 3515
2877 2899
2877 3625
2877 2896
2877 3414
2877 2812
2877 3763
2856 2054
2877 3521
2877 3436
2877 3718
2242 378
2877 2805
2877 2677
2877 3535
2877 3039
2382 1149
2242 646
2877 3043
2856 3185
2877 3607
2621 2600
2877 3759
2877 3094
2877 3903
2877 2787
2877 3582
2877 3422
2877 3523
2877 2949
2105 713
2877 3456
2868 364
2877 3642
2877 3886
2877 3223
2222 302
2877 3539
2877 3452
2877 3137
2877 3368
2877 3610
2877 3355
2877 3500
2877 3214
2877 3726
2856 713
2856 1527
1840 471
2877 3664
2877 3088
2877 3175
2877 3055
2877 3428
2877 3072
2877 3304
2877 1925
2877 3594
2877 3307
2877 2949
2877 3201
2877 3331
2538 131
2877 2911
2877 2898
2877 3098
2877 2883
2877 2897
2877 3249
2877 3016
2877 3447
2877 3563
2877 3481
2877 1757
2621 1624
2877 3197
2856 948
2877 3429
2877 3506
2877 3464
2877 3318
2553 532
2877 3590
2877 3324
2877 3821
2223 694
2877 3724
2685 530
2873 1740
2877 2936
2877 3788
2877 3202
2877 3146
2877 3513
2877 3127
2877 3543
2986 47
2877 3033
2877 3350
2877 3693
2877 3398
2877 3621
2877 3407
2877 3419
2877 3069
2877 3195
2877 3244
2382 1180
2877 3308
2877 3738
2877 3484
2877 3630
2877 2962
2877 3288
2877 3229
2877 2991
2877 3068
2877 3229
2856 217
2877 3197
2877 3202
2877 3643
2877 3557
2877 3947
2877 3271
2553 217
2877 2087
2877 3317
2877 3598
2877 3596
2877 2796
2382 1849
2877 3319
2877 3817
2877 3298
2877 3872
2242 706
2877 3462
2877 3504
2877 3192
2856 2236
2563 3584
2877 3196
2877 2881
2877 4007
2877 3645
2856 1611
2877 3572
2856 184
2877 3279
2967 1119
2877 3333
1864 46
1942 275
2877 3284
2877 3236
2856 1317
2139 340
2685 1059
2877 3261
2856 2662
2877 3392
2563 3264
2873 2821
2877 3148
2877 3688
2877 3524
2877 3764
2877 3419
2877 3271
2877 3333
2619 1277
2578 1410
2877 3856
2877 3591
2877 2287
1892 219
2877 3466
2877 3289
2877 3456
2877 3361
2877 3153
1628 101
2877 3122
2222 388
2877 3317
2877 3494
2856 2505
2877 3923
2877 3698
2877 3710
2877 3091
2873 2457
2877 3197
2967 311
2877 3454
2873 2498
2877 3232
2856 1946
2621 862
2877 3255
2856 1587
2986 930
2563 3733
2877 3361
2877 3710
2877 3113
2877 3283
2877 2941
2986 721
2856 1471
2877 3117
2877 3668
2877 3481
2382 671
2877 3672
2877 3557
2283 247
2877 3476
2877 3188
2877 3020
493 31
2311 1922
2877 2818
2967 652
2877 3024
2868 1405
2877 3180
2877 3453
2877 2984
2877 3975
2877 3378
2382 1113
2877 3373
2877 3672
2877 2094
2877 3370
2877 3794
2890 990
2877 3366
2877 3340
2877 3794
2877 3652
2877 3814
2450 329
2877 3494
2877 2957
2877 3602
2877 3029
2877 3214
2877 3436
2877 3096
2877 3410
2877 3431
2877 3431
2877 3394
1029 237
2877 3125
2877 3033
2619 848
2856 2164
2877 3599
2877 3656
2877 2732
2877 3333
2877 3931
2877 3060
2877 3397
3063 168
2877 3445
2877 2907
2382 1452
2877 3578
2877 3202
2877 2834
2525 981
2877 2856
2877 3766
2877 3185
2877 3693
2877 3138
2619 797
2877 3744
2877 3416
2877 3506
2877 3612
2382 1800
2877 3226
2877 3081
2311 1770
2877 3271
2578 996
2877 3312
2877 3252
2139 537
2877 3475
2877 3404
2877 3953
2027 68
2877 3848
2476 294
2856 1625
2868 1564
2026 156
2877 2951
2877 3173
2967 829
2877 3140
2877 3274
2877 3198
2877 3353
2877 3653
2105 554
2877 2276
2877 3486
2877 3442
2877 3258
2877 3113
2877 3575
2877 3076
2739 240
2877 3169
2877 3001
2877 3232
2877 3350
2877 2853
2619 1306
2538 671
2877 2500
2877 3147
2877 3203
2877 2810
2877 3555
2382 1529
1710 101
2739 413
2877 3103
2877 2864
2873 2445
2877 2941
2877 3052
2877 3020
2877 1244
2877 3146
2877 2897
2877 2921
2877 2824
2877 3138
2877 1208
2877 3574
2621 1342
2877 3085
2621 818
2877 3527
2139 584
2877 3613
2311 1459
2877 3277
2877 3596
2877 3099
2877 3217
2877 3287
2877 3630
2877 3176
2877 3453
2877 3760
2840 1000
2877 3109
2107 676
2877 3266
2877 3658
2877 3486
2877 3919
2877 2963
2877 2742
2877 3597
2877 3545
2877 3037
2877 1639
2877 2900
2877 2853
2877 3472
2877 2955
3380 90
2563 3204
2877 3270
2877 3991
2868 1297
2877 3601
2877 3092
2868 1639
2510 61
2877 3129
2877 2787
2619 679
2877 3492
2877 3377
2877 3120
2877 3329
2877 3134
2877 3032
2877 3716
2877 3896
2877 3741
2242 601
2877 3191
2877 3417
2283 695
2877 2899
2877 3193
2621 1094
2877 3446
2856 1948
2311 1721
2877 3250
2877 3665
2877 3591
2877 2622
2877 3320
2877 3263
2856 2118
2890 993
2621 1730
2877 3773
2856 2033
2873 2564
2685 561
3606 72
2877 3956
2877 3736
2877 3290
2382 860
2105 744
2877 2123
2233 26
2877 2866
2877 3238
2382 936
3667 74
2877 3702
2877 3403
2877 3220
2877 2775
2877 3235
2877 3661
2877 3045
2877 3967
1900 171
2877 3461
2877 3817
2877 3028
2877 3370
2840 471
2877 3538
2877 3441
2877 3110
2877 3402
2877 2933
2877 3610
2877 3337
2877 2801
2877 3331
2877 3510
2877 3907
2877 2209
2877 3605
2877 3580
2877 3848
2382 638
2877 3045
2967 696
2877 3378
2877 3524
2877 3376
2382 1354
2877 3900
2877 3570
2877 3542
2856 2869
2877 3688
2877 3233
2877 3108
2877 3680
2877 3430
2877 3765
2877 3783
2877 3297
2877 3796
2856 1749
2877 3477
2877 2871
2877 3544
2877 3396
2877 3613
2877 3473
2877 3222
2877 3310
2877 3509
2877 2738
2196 706
2877 3078
2877 3609
2877 3203
2877 3503
2739 501
2877 3455
2868 640
2877 3371
2877 2892
2619 602
2877 2985
2877 3517
2877 3187
2877 3117
2877 3680
2877 3723
2877 1883
2877 3564
2877 3050
2856 1780
2877 1850
2877 3471
2877 3809
2877 3228
2877 3589
2877 3649
2877 3247
2877 3568
2538 1330
2877 3396
2959 241
2877 2936
2877 3800
2877 2914
2877 2869
2382 1142
2856 2018
2877 3794
2877 3334
2877 3192
2877 3311
2877 3095
2877 3189
2877 3083
2877 3398
2856 2567
2877 3457
2382 795
2877 3451
2877 2054
2877 3787
2877 2882
2877 3216
2877 2859
2877 2963
2877 3116
2877 3727
2877 3092
2877 3653
2877 3005
2382 1416
2802 189
2382 458
2563 3525
2877 3024
2563 3512
2877 3819
2856 1617
2877 3067
2105 193
2621 1246
2877 2170
2877 4002
2967 1100
2877 3089
2877 3182
2877 3043
2877 2971
2877 3377
2877 2850
2563 3407
2877 3222
2877 3951
2877 3539
2026 134
2877 3183
2877 3060
2382 1411
2877 3311
2856 152
2877 3493
2877 2750
2877 3694
2868 991
2856 1461
2877 3514
2877 3613
2877 3835
2877 3740
2877 3127
2877 3241
2856 2503
2877 3685
2877 3278
2877 2961
2877 3013
2578 2064
2877 2752
2877 3409
2450 369
2877 3504
2877 3887
2877 3218
2986 970
2877 3393
2877 3052
2877 3906
2877 2776
2877 3200
2877 3812
2877 3479
2877 3378
2877 2952
2311 2076
2877 3867
2877 3186
2775 476
2283 255
2877 2130
2877 3138
2877 3390
2382 473
2877 3069
2877 3478
2877 3001
2877 3853
2877 3047
2553 931
2084 317
2877 3505
2877 3458
2877 2854
2373 774
2873 2444
2877 3053
2877 3875
1115 27
2877 3240
2877 3552
2877 3332
2877 3363
2877 3516
2877 3446
2856 1570
2242 611
2107 974
2877 3404
2877 3224
2873 2304
2877 3202
2877 2953
2877 3636
2877 3150
2877 3151
2877 3063
2877 3254
2877 3194
2877 3220
2877 3159
2873 2019
2877 3178
2877 3497
2877 3160
1864 207
2877 3495
1684 75
2877 3849
2382 977
2877 3233
2877 3169
2877 2777
2877 3001
2856 2914
2877 3721
2877 3589
2311 1382
2877 3282
2877 3418
2877 3541
2877 3505
2382 562
2877 3257
2877 3654
2877 3290
2877 3060
2877 3371
2026 112
2877 3704
1864 463
2856 1281
2105 668
2311 130
2877 3458
2877 3196
2877 3133
2856 2322
2058 182
2877 2960
2877 3560
2877 3520
2877 3444
2877 3070
2452 176
2877 3070
2877 3372
2877 2849
2877 2882
2877 3571
2877 2909
2382 1062
2877 3721
2877 3903
2877 3279
2877 3580
2877 3330
2877 3514
2877 3396
479 13
2877 3679
2877 3719
2856 1455
2100 187
2563 2280
2877 3237
2877 2777
2877 2791
2382 2062
2877 3344
2877 3119
2563 3078
2877 3230
2877 3683
2877 3201
2877 3331
2877 3319
2986 683
2877 3387
2877 3448
2856 935
2877 3859
2877 3425
2617 711
2311 1845
2621 526
2877 3633
2382 1927
2621 1254
2877 3328
2877 3375
2877 3608
2382 1236
2877 3621
2621 899
2877 3702
2563 3263
2152 150
2877 3500
2877 3499
2877 3385
2563 3591
2877 3123
2877 2855
2877 3252
2739 156
2877 2427
2877 3707
2877 3087
2877 3019
2877 3015
2877 3703
2877 2714
2877 3334
2877 3383
2877 3210
2877 3184
2553 529
2877 2865
2877 3399
2877 3803
2877 2891
2856 2301
2877 3633
2877 3327
2873 1672
2877 3012
2877 2936
2877 3511
2877 2806
2877 3202
2877 2877
2563 3223
2877 3384
2563 3430
2856 2046
2105 282
2877 2818
2877 3631
2877 3450
2553 649
2382 816
2877 3503
2877 2012
2877 3890
2840 561
2877 3304
2877 3185
2877 3269
2856 1875
2382 1237
2473 274
2578 1404
1594 34
2877 3308
1900 188
2877 3665
2877 3440
2877 3675
2877 3747
2877 3657
2877 3573
2563 3267
2877 3455
1612 159
2877 3679
2877 2761
2468 16
2877 2949
2877 2876
2877 3287
2877 3318
2877 3253
2476 159
2802 195
2877 2863
2877 3716
2877 3060
2877 3196
2856 2493
2856 2124
2877 3197
2877 2721
2868 904
2877 3136
2877 3468
2877 3679
2877 3084
2877 3666
2877 3021
2877 3135
2563 3571
2877 2829
2877 3499
2877 3532
2877 3576
2877 2943
2856 1224
2877 3233
2877 3503
2877 3192
2877 3333
2877 3306
2382 1580
2877 3630
2877 2812
2766 673
2877 3514
2877 3668
2877 3357
2877 3128
2877 3016
2877 3496
2877 2922
2877 3010
2877 2884
2877 3456
2877 3465
2877 3752
2877 3756
2877 2799
2563 3569
2877 3461
2877 3065
2877 3274
2967 882
2382 1004
2877 3577
2877 2162
2877 3462
2877 3559
2856 1531
2877 3149
2877 3194
2382 1073
2877 3202
2856 1825
2877 3661
2105 511
2877 3642
2382 1599
2877 3343
2877 3394
2877 3249
2578 1149
2877 3409
2877 3584
2877 3719
2877 3208
2621 1109
2877 3120
2525 209
2856 2032
2382 963
2877 3834
2877 3079
2877 3409
2877 2875
2877 3398
2877 3281
2877 3583
2578 1163
2877 3667
2877 3889
2877 3425
2382 866
2877 3689
2877 2978
2877 3675
2877 1989
2877 3348
2877 3707
2877 3082
2877 3012
2877 3292
2877 2211
2877 3328
2877 3288
1942 135
2877 3561
2877 3229
2553 380
2877 3363
2868 1362
2877 2368
3197 98
2877 2978
2877 3616
2877 3470
2877 2982
2538 1123
2139 566
2223 689
2877 3267
2877 3086
2877 3223
2877 3747
2877 3969
2563 3488
3063 119
2877 3696
421 15
2877 3079
2778 148
2877 2867
2877 3533
2877 3735
2868 1243
2877 3234
2578 1483
2877 3101
2877 3627
2619 78
2877 3785
2877 3518
2877 3465
2877 3686
2877 3370
2877 3477
2877 3804
2856 2192
2877 3331
2877 3149
2877 1955
2877 2987
2877 3582
2877 3530
2877 2507
2283 386
2877 3704
2877 3339
2877 3261
2877 3504
2877 3780
2877 3728
2877 4040
2877 3023
2877 3145
2877 3171
2877 1666
2877 2778
2877 3289
2877 3428
2382 231
2877 3231
2877 3201
2877 3069
2877 3348
2877 3124
2877 3389
2877 3503
2877 3263
2877 3535
2877 3487
2877 2988
2877 3201
2877 4005
2877 3511
2877 3917
2877 3116
2563 3721
2877 3506
2877 3419
2877 3369
2856 1246
2283 344
2877 2895
2868 967
2877 3368
2877 3288
2877 3912
2877 2913
2877 3212
2877 3777
2877 3423
2877 2453
2868 1013
2877 3689
2877 2982
1628 319
2877 3949
2877 3163
2877 3405
2877 3877
2877 3516
2877 3334
2877 3384
2877 3238
2877 3387
2877 3407
2802 198
2868 1440
2877 3688
2877 3423
2877 3451
2877 3821
2877 3084
2877 3901
2856 1472
2877 3546
2877 3582
2877 3610
2877 2683
2877 2984
2877 2775
2856 2024
2877 2844
2877 2683
2877 3164
2877 2650
2877 3585
2877 3035
2877 2744
2619 842
2877 3658
2563 3734
2877 3238
2877 3614
2877 3493
2877 3141
2890 484
2877 3181
2877 3713
2877 3344
2877 3465
2877 3334
2877 3250
2986 782
2877 3377
2877 2517
2877 3049
2877 3682
2877 3136
2563 3554
3395 115
2877 3245
2877 3436
2699 64
2877 3307
2877 3135
2877 3183
2877 3359
2873 2278
2877 3741
2572 250
2877 3770
2877 3343
2877 3545
2877 3250
2877 3408
2877 1753
2868 1253
2877 3551
2877 3537
2877 3473
2877 3551
2856 1666
2877 3355
2856 1916
2877 2886
2877 3400
2877 2885
2877 3103
2553 688
2877 3234
2877 3488
2877 3854
2877 3301
2105 792
2877 3153
2877 4029
2877 3531
2877 3067
2877 2818
2877 3014
2487 2288
2877 3225
2877 3223
2877 3494
2877 3508
2868 1134
2877 2915
2553 235
2877 3130
2382 1060
2877 3625
2877 3223
2877 3250
2877 3712
2877 3701
2877 3301
2877 3128
2877 3691
2877 3059
2877 3387
2877 3044
2877 3497
2877 3495
2877 3284
2877 3208
2877 3286
2877 2920
2877 2249
2877 3617
2877 3326
2617 424
2877 3071
2877 2874
2877 3239
1892 291
2877 3209
2986 807
2877 3217
2856 2128
2382 1022
2877 3488
2877 3057
2877 3596
2877 3334
2877 3682
2877 3565
2877 3237
2856 948
2578 1170
2856 1523
2877 2785
2877 3591
2487 2627
2877 2695
2104 507
2877 2928
2877 3591
2877 3003
2877 2198
2382 1613
2856 2705
2877 2791
1324 64
2877 1971
2382 1567
2877 3331
2877 2788
2856 1957
2877 3715
2877 3809
2877 3302
2877 3242
2877 3127
2967 472
2877 3878
2685 569
2877 2308
2382 1658
2873 2088
2877 3094
2578 1231
2877 3946
2877 3289
2877 3636
2877 3223
2877 3598
2877 3300
2877 3875
2877 3452
2877 3281
2877 3178
2877 3315
2877 1987
2877 3232
2877 3487
2382 1014
2856 3262
2563 3393
2877 3518
2877 2935
2877 3432
2877 2782
2877 3131
2877 3691
2553 1116
2877 3631
2877 3776
2877 3291
2877 3314
2619 626
2685 1087
2877 3038
2877 3404
2877 3062
2877 3095
2877 3297
2877 2491
2856 2010
2877 3522
2877 3058
2621 1452
2856 1805
2563 3560
2856 847
2877 3066
2877 2748
2877 3335
2606 1249
2877 3071
2877 3280
2877 3688
2877 3432
401 18
2877 3198
2621 2557
2877 3437
2877 3084
2877 3181
2877 3873
2877 3305
2563 3553
2877 3131
2877 2968
2877 3096
2739 1756
2563 3672
2877 3026
2873 2356
2450 487
2856 1614
2877 2690
2877 3380
2877 2358
2855 192
2487 2586
2877 3708
2621 2781
2877 3067
2877 3535
2877 2868
2877 2867
2877 3217
2877 3304
2877 3578
2877 3482
2877 3310
2877 3331
2311 1772
2890 932
2877 3130
2877 1596
2877 3289
2877 3339
2877 3523
2877 3113
2856 1303
2877 3773
2877 3145
2877 3578
2877 3640
2107 883
2877 3379
2877 3471
2877 3494
2877 3332
2382 1567
2877 3554
2877 3876
2877 3173
2877 3417
2856 1571
2877 2982
2619 291
2877 3432
2877 3559
2877 3192
2563 2858
2877 3577
2856 2780
2877 3868
2877 2914
2856 2187
2877 3490
2877 2938
2877 3822
2877 3001
2877 3552
2877 3259
2856 2131
2877 3615
2877 3725
2877 3512
2877 3126
2877 3132
2877 3348
2877 4000
3101 53
2563 3410
2877 3541
2877 3588
2877 3685
2877 3408
2877 3468
2967 774
2856 753
2877 3299
2877 2967
2311 1961
2877 3461
2877 2909
2877 3397
2877 3030
2877 2817
2373 885
2877 2799
2877 3337
2877 3305
2497 485
2877 2991
2877 3311
2311 1873
2877 3591
2877 2843
2877 3578
2877 3039
2877 3445
2877 3008
2877 3245
2877 3548
2877 3468
2877 3960
2877 3150
2856 1946
2877 3033
2877 3348
2877 3308
2877 3682
2877 3809
2877 3123
2877 3726
2553 303
2877 3726
2877 3595
2877 3826
2877 3131
2877 3753
2877 3866
2877 3466
2967 762
2877 3745
2877 3723
2877 3500
2877 3209
2382 1332
2877 2885
2873 1853
2877 3536
2877 2108
2051 388
2766 640
2553 895
2877 3798
2877 3099
2877 3208
2877 3687
2877 2615
2578 1690
2877 2982
2877 3921
2868 1533
2877 2802
2877 3122
2877 3628
2877 2929
2877 3932
2877 2756
2877 3288
2877 3429
2877 3617
1906 682
2877 3345
2877 2785
2877 1775
2877 3108
2877 2723
2877 3075
2382 1430
2877 3449
2877 2864
2766 839
1584 124
2877 3369
2877 2849
2877 2726
2877 3209
2877 3057
2877 3527
2877 3696
2621 1195
2196 462
2877 3122
2877 3188
2877 3400
2877 3756
2877 2066
2877 3710
2877 1780
2877 3808
2877 3749
2877 3297
2563 3188
2877 3365
2382 2201
2877 3032
2877 3179
2877 3472
2856 2442
2877 2936
2382 865
2856 2045
2877 3196
2967 895
2877 3319
2877 3287
2877 3357
2877 2751
2877 3131
2877 2972
2877 3529
2802 275
2856 237
2877 2976
2621 249
2311 2123
2877 2077
2877 3383
2382 1030
2877 3762
2877 3242
2877 3417
2877 3379
2538 360
2877 3081
2877 3387
2617 205
2877 3184
2877 3420
2877 3153
2877 2064
2553 335
2877 3567
2877 3581
2877 3488
2107 669
2877 2856
2877 3041
2855 348
2877 3199
2877 3214
2877 3394
2877 3369
2877 3693
2877 3269
2877 2178
2877 2851
2563 3557
2553 686
2553 524
2856 1083
2877 2257
2873 2683
2877 2931
2877 3593
2877 3124
2877 3591
2877 3214
2877 3234
1432 264
2877 3802
2877 3414
2877 3406
2877 3756
2877 2714
2105 321
2877 3450
2856 1790
2877 3125
2877 3026
2382 1980
2877 3002
2877 3289
2563 3486
2877 3625
2877 3615
2877 3414
2877 3494
2877 3861
2225 69
2877 3736
2877 3486
2877 2899
2877 3465
2877 3975
2877 3624
2877 3670
2621 279
2877 3472
2877 3472
2877 3544
2877 3355
3278 92
2553 952
2877 2773
2877 3359
2563 3211
2877 1973
2877 3245
2877 3770
2877 3503
2877 3600
1739 212
2877 3453
2877 3483
2617 296
2877 3615
2877 3083
2739 259
2877 3278
2877 3858
2621 911
2877 2995
2877 3081
2877 3268
2877 3034
2877 3020
2873 2322
2877 2847
2877 3302
2382 1220
2877 3379
2311 2085
2877 2827
2242 271
2023 479
2553 734
2856 2021
2877 3442
2856 1596
2877 3385
2382 952
3017 427
2877 3327
2877 3581
2877 3753
3117 185
2856 1605
2877 3800
2877 3056
2877 3169
2287 78
2877 3792
2877 3157
2877 3910
2739 1790
2877 2778
2877 2912
2487 2611
2877 3565
2877 3246
2877 3103
2563 3540
2382 1808
2877 2937
2877 3026
2877 3407
2856 2997
2739 334
2311 1960
1710 109
2877 3354
2877 3589
2242 661
2877 3064
2578 1422
2877 3002
2877 3109
2617 434
2877 3469
2877 3319
2877 3257
2382 732
2553 927
2877 3121
2877 3587
2877 3478
2877 3805
2877 3327
2877 3249
2877 3331
2877 3269
2877 3108
2877 3268
2877 3519
2877 3083
2877 3482
2877 3633
2877 3906
2563 3496
2856 936
2877 2782
2877 3130
2450 439
2877 3266
2877 3103
2877 2647
2877 3395
2242 558
2877 2172
2877 3262
2877 2954
2877 3399
2856 1890
2877 3018
2877 3610
2877 3194
2877 3215
2877 3156
2856 1398
2553 445
2954 54
2877 3664
2877 3589
2877 3620
2868 235
2621 1361
2877 3474
2877 3694
2877 3566
2621 677
2877 3079
2967 667
2877 3064
2877 3137
2877 3541
2487 2267
2877 2897
2452 589
2877 3645
2877 3400
2877 3587
2877 2837
2856 2591
2877 3227
2877 2912
2382 1049
2877 3455
2877 3632
2877 2951
1352 38
2856 1612
2877 3316
2877 3469
2877 3557
2877 3621
2877 3185
2877 3825
2877 3211
2877 3569
2877 3693
2856 1004
2877 2827
2877 3511
2877 3627
2877 3577
2877 3774
2877 3403
2868 1471
2877 3973
2310 328
2877 2772
1628 368
2877 3669
2877 3164
2877 1687
2877 3424
2877 3082
2877 3203
2877 3242
2877 3118
2877 3371
2877 3121
1942 281
2877 3900
2877 3349
2877 3431
2868 1324
2419 18
2967 906
2877 3194
2288 143
2877 2999
2877 2889
2877 3329
2382 348
2563 3575
2877 3386
2877 1916
2538 1444
2877 3378
2877 3415
2619 707
2877 3636
2877 3672
2382 851
2877 3692
2877 2888
2747 12
2617 400
2877 3536
2877 3690
2877 4005
2877 3399
2877 3295
2877 2807
2599 1089
2877 3446
2877 2344
2100 138
2877 3110
2107 901
2877 3095
2877 2829
2877 3488
2382 1228
2986 956
2877 3344
2685 1055
2877 3512
2877 3332
2051 696
2877 3913
2877 3496
2877 3214
2877 3265
2877 3906
2877 2871
2877 3928
2954 437
2328 412
2877 3887
2877 3532
2877 3686
2877 2758
2877 2739
1129 73
2856 1988
2877 3892
2877 2484
2877 3519
2877 3296
2877 2750
2877 3573
2877 3445
2877 3079
2877 3315
2856 1514
2877 3344
2877 3384
2877 3197
2877 3850
2382 192
1926 362
2877 3291
2877 3171
2877 3564
2877 2819
2856 1288
2877 3447
2877 3487
2877 3569
2877 3508
2877 3402
2877 3239
2877 3113
2877 3052
2856 2238
2382 1256
2877 2325
2877 3909
2105 808
2877 3499
2877 3305
2563 3003
2563 3234
2877 3651
2877 3209
2877 3664
2868 1486
2877 3540
2382 980
2877 2822
2877 3390
2877 3981
2877 3714
2877 3760
2877 3203
2877 3316
2868 427
2621 478
2877 3451
2685 449
2877 3883
2877 3734
2877 3142
2877 3671
3223 33
2877 2994
2877 3449
2877 3549
2877 3367
2553 1118
2877 3279
2877 3632
2877 2712
2877 3095
2877 3619
2563 3214
2877 2998
2877 3035
2877 2849
2877 3272
2877 3453
2877 3324
2877 3573
2107 1356
2877 3111
2877 3557
2563 3568
2877 3291
2877 3050
2877 3071
2877 3237
2856 1491
2877 3026
2877 3002
2877 3122
2877 3712
2877 3657
2877 3106
2877 3652
2877 2877
2877 3350
2873 2834
2487 2505
2877 3198
2877 3548
2877 3538
2105 432
2877 3510
2877 3183
2563 3578
2877 3951
2877 3564
2877 3697
2877 1693
2967 439
2877 3324
2619 547
1435 118
581 7
2877 3620
2877 2943
2877 3476
2877 3366
2877 2935
1900 178
2877 3648
2877 3123
2877 3473
2877 3023
2877 3037
2877 3151
2877 3080
2877 3713
2877 3102
2739 328
2877 2909
2877 3066
2877 3309
2877 2832
2382 789
2311 1966
2877 3580
2877 3291
2877 3811
2877 2999
2877 2934
2311 1683
2306 240
2856 2032
2877 3656
2877 2970
2877 2968
2877 3163
2685 758
2578 1148
2877 3663
2877 3299
2877 3401
2877 3185
2877 3230
2877 3335
2856 1503
2877 3156
2877 3139
2877 2752
2877 2948
2877 3427
2967 393
2877 3585
2877 3298
2877 3182
2877 1984
2856 1437
2877 2484
2877 3270
2877 3442
2877 3288
2877 3466
2739 1476
2877 3179
2563 3416
2877 3455
2877 3135
2877 2853
2856 1561
2856 1968
2877 3662
2538 653
2877 3642
2877 3616
2856 1755
2877 3284
2877 1719
2877 3112
2877 3662
2868 1180
2877 3475
2877 3603
2877 3482
2877 3452
2877 3935
2877 3638
2877 3037
2877 3894
2877 3407
2877 3022
2105 914
2877 3312
2538 396
2563 3420
1324 82
2563 3207
2877 2783
2877 3507
2621 550
2877 3870
2877 3182
2877 2929
2877 3294
2877 3702
2877 2875
2877 3079
2621 1147
2877 3563
2877 3678
2877 3767
2877 3246
2877 2892
2877 2345
2877 2837
2877 3596
2868 1227
2382 1103
2877 2921
2877 3823
2890 1030
2877 3629
2877 3559
2877 3280
2877 2870
2877 3174
2877 2891
2877 3298
2877 3693
2877 3558
2877 3084
2877 3378
2877 3673
2563 3250
2877 3385
1628 307
2877 3025
2877 3366
2877 3269
2877 3484
2877 2837
2877 3102
2877 3599
2877 3380
2877 3069
2877 3515
2877 3526
2877 3418
2856 1303
2877 3256
2877 3122
2452 51
2877 3449
2877 3081
2877 3020
2877 3037
2873 2987
2877 3190
2877 3127
2877 3296
2734 442
2877 3764
2877 3418
2877 3561
2877 3698
2877 3220
2877 2857
2563 3584
2877 3350
2856 1583
2877 3151
2877 3372
2877 3807
2877 2491
2877 3589
2877 3476
2105 1031
2877 3179
2621 1347
2877 3252
2877 2798
2105 818
2487 2564
2877 1732
2877 3425
2877 3117
2578 1027
2877 3309
2877 3447
2877 3399
2538 267
2856 1425
2877 3781
2877 3437
2563 3489
2877 3527
2877 3410
2877 3184
2877 3492
1889 34
2621 2597
2619 377
2877 3190
2877 4008
2877 3971
2877 3786
2877 2842
2877 3342
2877 3471
2877 3512
2563 3708
2877 3619
2856 1486
2877 3688
2877 3865
2856 1924
2621 1344
2856 2210
2877 2729
2877 3637
2877 3823
2877 3460
2877 3475
2877 3182
2877 3193
2877 3135
2877 3461
2877 3123
2877 3637
2877 3057
2877 3154
2877 2660
2877 3034
2877 3330
2877 3710
2877 3151
2877 3431
2877 3321
2877 3475
2877 3092
1837 115
2877 2949
2877 3102
2877 2463
2877 3542
2877 3208
2877 2733
2877 3253
2877 3390
2877 3471
2877 2815
2877 3214
2877 3559
2877 3061
3017 455
2877 3459
2856 2010
2877 3446
2877 3715
2868 1309
2877 3838
2877 3398
2856 1204
2967 827
2877 3985
2450 416
2877 3266
2877 3749
2877 3471
2877 3401
2877 2936
2877 2973
2877 3214
2778 20
2485 386
2877 3385
2877 3232
2877 3112
2877 3698
2877 3368
2856 1298
2877 3932
2856 2704
2877 2909
2877 3695
2890 840
2877 3078
2877 3367
2877 3307
2877 3365
2641 952
2877 3569
2411 167
2877 3630
2877 3663
2877 3435
2877 2463
2877 3709
2877 2700
2877 3103
2877 3457
2877 3090
2877 3737
2877 3756
2877 3172
2877 3296
2139 341
2877 3092
2877 3240
2527 88
2877 2992
2877 3705
2877 3867
2553 713
2877 3160
2877 3812
2877 3498
2877 2760
2877 3634
2856 1405
2877 2872
2856 1888
2877 3542
2877 3542
2890 729
2877 3301
2877 3469
2877 3370
2877 3185
2877 3570
2877 3250
2382 1400
2877 3400
2382 623
2877 3052
2877 3354
2877 3623
2877 3282
2104 398
2877 3431
2877 3592
2877 3169
2877 3133
2877 3017
2070 700
2877 3178
2382 1021
2877 3620
2877 3568
2877 3703
2877 3202
2967 815
2877 1501
2877 3058
2877 3881
2877 3674
2877 2453
2655 81
2877 3296
2877 3578
2856 726
2877 2864
2877 3501
2877 3342
2877 2818
2856 2041
2877 3128
2877 3675
2877 3271
2877 2771
2877 3233
2856 1339
2877 2740
2877 3247
2342 5
2877 1896
2877 3154
2877 3284
2877 3503
2382 1014
2967 206
2877 3129
2877 3620
2873 1901
2877 2773
2868 537
2877 3526
2967 927
2877 3531
2877 3555
2877 3100
2877 3863
2965 57
2856 1524
2382 1763
2538 293
2877 3114
2868 1480
2877 3390
2877 3287
2877 3560
2877 3242
3059 40
2877 3036
1931 99
2476 418
2877 2919
2877 3540
2877 3548
2739 275
2877 3496
2877 3427
2877 3152
2621 553
2877 3693
2877 3600
2877 3533
1297 77
2877 3407
2877 3793
2877 3072
2877 2980
2877 3412
2877 3335
2621 710
2877 3637
2877 3421
2382 1228
2621 1527
2621 1097
2877 3690
2877 3264
2877 3668
2856 332
2382 1172
2877 3116
2877 3553
2877 3872
2877 3519
2619 1039
2877 1625
2877 3343
2877 2793
2877 3622
2877 3351
2877 3444
2877 3016
2450 679
2877 3212
2877 3578
2877 3342
2877 3582
2877 3304
2877 2946
2856 1997
2877 3182
2877 3538
2877 3846
2877 3355
2766 800
1432 397
2877 3298
2382 242
2877 3428
2877 3821
2877 3631
2621 1649
2840 416
2840 489
2856 2015
2288 194
2877 2914
2877 2850
2877 3288
2877 2345
2877 3414
2553 459
2856 1390
2877 3312
2877 3453
2553 96
2259 1144
2563 3545
2856 1498
2877 3254
2877 3408
2877 3345
2877 3282
2877 1246
2877 3707
2877 2892
2538 754
2877 3071
2877 3036
2877 3817
2877 2689
2877 3961
2877 3397
2877 3213
2877 2974
2873 2541
2877 3047
2311 1839
2856 1865
2967 728
1129 95
2538 1388
2452 28
2877 3285
2877 1452
2877 2913
2877 3649
2877 2769
2877 3757
2877 3383
2877 3738
2877 3914
2877 3651
2877 3770
2877 3837
2877 3792
2877 3443
2877 3897
2877 3291
2617 546
2051 618
3017 349
2877 3299
2877 3516
2890 782
2877 2215
2877 3666
2563 3697
2868 1035
2877 3167
2856 630
2877 3443
2877 3316
2877 3013
2655 110
2877 3796
2877 3574
2563 3692
2617 607
2877 3660
2382 851
2877 3385
2877 3238
2877 3179
2877 3642
2877 3435
2538 1530
2877 3330
1847 492
2877 3308
2877 3265
2877 3349
2877 3212
2856 1607
2877 3699
2877 3730
1715 90
2877 3283
2877 3536
2877 3233
2877 3482
2877 3035
2553 588
2856 1068
2877 3498
2877 3672
2877 3006
2877 3385
2877 3498
2877 3513
2877 3406
2856 1445
2877 3369
2877 3317
2621 1188
2553 424
2107 722
2877 2906
2223 712
2877 3106
2621 865
2877 3581
2877 2134
2877 3819
2877 3479
2877 3223
2877 3167
2877 3215
2621 1333
2877 3923
2877 2822
2877 3868
2877 3249
2877 3585
2877 3097
2621 1352
2877 3126
2877 2326
2563 3741
2877 3045
2877 3284
2877 3551
2877 3497
2967 805
2877 3546
2877 3075
2877 3457
2890 1027
1900 219
2877 3484
2877 3279
2877 3730
2877 3449
2877 3160
2877 3811
2553 336
2877 3288
2877 3015
2382 1399
2242 543
2877 3506
2877 3409
2877 2930
2890 1177
2877 3249
2877 3830
1900 167
2877 2862
2877 4033
2877 3562
2877 2948
2877 3810
2578 1263
1138 21
2890 912
2877 3154
2877 3064
2877 2900
2877 3269
2877 3222
2877 3849
2877 3328
2877 3547
2877 3258
2877 3845
2877 3751
2877 3922
2967 780
2877 3875
2563 3572
2877 2761
2107 758
2877 3411
2382 881
2877 3080
2877 3466
2877 3481
2877 3356
2877 3067
2840 226
2877 3309
2877 3771
2621 834
2877 3458
2877 2740
2877 3380
2877 3789
2877 3611
2877 3503
1628 318
2877 2731
2877 3155
2877 3534
2877 3167
2877 3908
2840 501
2877 3507
2877 3887
2877 3174
2877 3719
2105 613
2877 2894
2877 3174
2856 1867
2877 3400
2563 3239
2877 3469
2877 3988
2877 3123
2877 3314
2877 3198
2877 3842
2877 3607
2877 3852
2877 3158
2877 2705
2196 453
2868 24
2877 3171
2105 317
2877 4052
2856 2552
2856 1652
2382 1697
2877 3367
2877 3021
2877 2650
1906 877
2877 3693
2473 284
2877 3131
2877 3138
2877 2927
2877 3467
2877 3415
2877 3768
2877 3372
2877 3464
2877 3219
2877 3458
2877 3528
2877 3181
2856 1290
2877 3362
2856 2628
2621 310
2877 3972
2877 3307
2877 2944
2877 3154
2856 844
2619 371
2621 1387
2877 3561
2877 3316
2877 3410
2877 3660
2553 662
2918 117
2877 3045
2877 3567
2877 3604
2877 3410
2856 1757
2877 3475
2105 111
2877 3201
2877 3038
2877 2971
2877 3424
2877 3146
2877 3214
2877 2937
2877 3846
2877 1999
493 3
2877 3718
2877 2312
2877 3105
2877 3290
2877 3258
2877 3296
2877 3250
2619 995
2877 3518
2877 1967
2877 2892
2877 3193
2873 2410
2877 3871
2877 2925
2100 221
2563 3257
2877 3328
1365 325
2621 1576
2877 3966
2877 2956
2877 3789
2877 3465
2856 2112
2877 2981
2877 3643
2877 3571
2877 3091
2877 3260
2578 1762
2856 1399
2877 3619
2877 3303
2877 3154
2877 3264
2621 1383
2619 1145
2877 3580
2877 3966
432 4
2877 3488
2877 3000
2877 3465
2877 3102
2877 3482
2877 3946
2877 3528
2382 860
2877 3359
2856 1527
2877 3911
2877 3235
2877 3519
2877 3051
2937 15
2877 2927
3686 10
2877 3203
2877 3586
2877 3504
2877 3138
2452 520
2538 1373
2382 1364
2877 2805
2877 3526
2877 3316
2877 3933
1628 223
2856 2201
2877 3332
2877 3821
2877 3100
2538 1845
2619 1181
2877 3373
2877 3512
2873 1612
2856 2129
2877 3128
2563 3534
2877 2956
2382 1140
2877 3570
2877 3081
2877 3381
2382 1411
2877 3468
2877 3317
2877 3456
2877 3371
2877 3363
2877 2765
2877 3693
2877 3857
2877 3595
2382 1444
2877 3335
2877 3490
2877 3086
2868 965
2877 3400
2621 873
2877 3103
2877 3419
2553 745
2877 3162
2877 3325
2877 1497
2877 3465
1942 183
2877 3587
2877 2223
2877 3381
2877 3002
2877 3625
2877 3293
2877 3422
2877 3675
2877 3587
2877 3595
2877 3199
2877 3324
2856 3032
2877 3128
2538 1303
2877 1574
2877 3129
2959 30
2877 3494
2877 3789
2877 3604
2382 1258
2877 3300
2877 3040
2877 3052
2739 301
2877 3459
2877 3595
2621 1301
2856 1472
2877 3270
2877 3602
2877 3715
2877 2996
2877 3819
2877 3110
2877 2953
2619 471
2877 2995
2619 876
1569 212
2877 3090
2107 1219
2877 3322
2877 3691
2877 3090
2877 2876
2621 424
2877 3322
2877 3225
2877 3143
2877 3675
2877 3860
2877 2733
1837 161
2856 1360
1426 317
2877 3252
2538 1741
2877 3582
2967 677
2877 3131
2877 3387
2890 1155
2840 598
2877 3080
2877 2907
2382 1247
2877 3125
2986 916
2578 1275
2382 1318
2877 3100
2877 2878
2877 3134
2877 3658
2877 3042
2877 3284
2242 648
2877 3201
2877 3861
2877 3433
2856 1413
2877 3744
2382 1081
2877 2022
1518 525
2877 2771
2382 1086
2877 3327
2877 3709
2856 1443
2877 3773
2877 3475
2868 1503
2856 1691
2877 3542
2328 85
2877 3935
2563 3403
2856 2456
2877 3261
2877 3701
2877 1637
2868 421
2877 3338
2877 3454
1573 215
2877 3295
2105 574
2856 2236
1906 412
2877 2847
2877 3159
2877 2477
2877 3463
2676 254
2877 3147
2877 3799
2877 3430
2877 3245
2877 3658
2877 3474
2877 3098
2877 3447
2986 1019
3131 348
2877 1967
2877 3488
2450 344
2877 3378
2890 524
2877 3149
2877 3265
2877 3729
2967 698
2877 3610
2877 3244
2877 3470
2877 3659
2877 3404
2877 2993
2856 1300
2877 3091
2877 3670
2877 3313
2877 3045
2877 3112
2877 3191
2382 975
2382 1116
2877 3622
2877 3141
2877 2751
2877 3363
2877 3495
2877 3142
2877 3801
2954 500
2877 3652
2877 2868
2877 1227
2553 398
2877 2892
2382 2115
2877 2944
2877 3159
2856 2128
2877 3611
2877 3427
2877 3507
2619 863
2856 1299
2877 3422
2856 1867
2856 1860
2877 3252
2877 2899
2877 3809
2877 3614
2877 3192
2877 3478
2877 3384
2877 3687
2382 1362
2856 1637
2877 3348
2877 3360
2856 244
2877 3123
2877 3502
2877 2856
2877 3353
2877 3344
2877 3519
2877 3750
2877 3478
2877 3065
2877 3124
2877 3257
2873 2502
2877 3464
2877 3187
2877 3704
2877 3342
2877 3585
2105 97
2855 339
2877 2967
2877 3665
2311 2044
2578 1475
2382 176
2967 1028
2382 1509
2873 2943
2877 3393
2877 3168
2856 1347
2877 3134
2877 3223
2877 3393
1942 374
2877 2969
2877 3421
2877 3851
2877 2985
2877 3564
2856 2874
2877 3054
2877 3274
2877 2890
2877 3560
2563 3706
2877 3441
2877 3157
2877 3757
2877 3443
2877 3346
2877 3420
2877 3336
2218 212
2877 3097
2411 101
2877 3722
2877 3416
2877 2928
2856 1632
2877 3716
2621 594
2856 1138
2877 2958
2877 3179
2856 1788
2877 2942
2877 2659
2877 3279
2497 455
2877 3113
2617 405
2877 3468
2877 3065
2856 1701
2877 3403
2877 3649
2877 3751
2877 3542
2877 3369
2877 3100
2877 3243
2877 3597
2877 3310
2877 2131
2877 3576
2877 4016
2877 3331
2877 3622
2877 3227
2877 3160
2877 3360
2890 1107
2967 934
2877 3361
2877 3571
2877 3230
2877 3137
2877 3717
2877 3462
2877 3356
2877 3375
2868 1667
2877 3205
2553 894
2877 3741
2877 3756
2877 3230
2606 1261
2877 3735
2856 2040
2877 3074
2877 2762
2877 3322
2877 3167
2621 1069
2877 2897
2877 3421
2877 3240
2877 2872
2877 3523
2877 3639
2877 3567
2877 3360
2877 3288
2868 1131
2877 3402
2967 192
2877 3101
2877 2921
2877 3629
2877 3747
2877 3134
2877 3260
2563 3703
2877 3027
2877 2904
2868 1045
2877 3719
2877 3680
2877 3544
2563 3441
2877 2970
2877 2502
2877 2904
2877 3034
2877 2916
2877 3743
2877 3637
2877 3333
2877 3755
2877 3449
2877 3844
2563 2314
2877 3513
2877 3309
2877 3535
2621 1088
2877 3993
2877 3417
2877 3527
2877 2877
2877 3542
2487 2517
2877 3741
2877 3418
2877 3079
2877 2456
2967 677
2877 3221
2877 3266
2877 3050
2619 992
2877 3390
2856 1022
2382 1275
2877 3118
2877 3825
2105 87
2868 1545
2877 3041
2856 148
2877 3382
2877 2849
1864 233
2563 3592
2105 728
2868 1591
2877 3287
2105 688
2877 3142
2382 1122
2877 3522
2877 3870
2877 3416
2856 1683
2877 3109
2538 1349
2877 3446
2877 2951
2877 3419
2563 3553
2877 3703
2877 3718
2877 3135
2877 3278
2877 3337
2877 3478
2877 3196
2877 3296
2877 1609
2877 3172
2877 3326
2856 2260
2877 3329
2856 1128
1926 234
2877 1347
2621 743
2877 3411
2856 1951
2856 470
2877 3687
2473 409
2877 2995
2877 3688
2139 587
2967 589
2107 600
2877 3447
2877 3409
2877 3279
2877 3929
2877 3287
2877 3805
2877 3008
2877 3333
2856 2105
2877 3534
2877 3158
2877 3760
2890 1016
2877 3368
2877 3685
2877 3497
2877 3586
2877 3641
2877 3433
2877 2987
2877 3343
2877 3264
2877 3264
2856 1208
2877 2827
2877 3696
2856 2513
2877 3016
2877 3609
2877 2995
2877 2939
2877 3341
2877 3385
2553 862
2877 3240
2856 2372
2877 3734
2856 691
2382 569
2877 3230
2877 3157
2877 3330
2877 3389
2856 2324
2877 2923
2877 3642
2538 1779
2328 144
2877 3700
2877 3403
2877 3382
2877 2744
2877 3637
2877 3468
2856 766
2311 1442
2877 3736
2877 3539
2621 831
3017 562
2382 344
2877 3632
2877 3723
2856 1638
2856 2370
2877 3345
2877 3036
2856 1182
2877 2838
2877 3421
2877 3451
2877 3093
2877 3255
2877 3745
2877 3741
2619 776
2877 2209
2967 542
2877 3405
2877 3693
2877 3053
2868 501
2877 2882
2877 3008
2877 3480
2877 3006
2877 3322
2877 3238
2877 3320
2877 3138
2525 848
2877 3435
2877 3417
2311 1669
2877 3159
2877 3379
2819 177
2856 2380
2890 1224
2877 2940
2877 3766
2877 3447
2877 2973
2139 569
2856 1693
2873 2510
2877 3147
2877 3444
2877 2732
2563 3530
2877 3475
2563 2427
2476 266
2877 3034
2873 2303
2877 2290
2619 861
2856 1202
2877 3534
2877 2793
2877 3800
2382 1484
2967 721
2877 3634
2877 3551
2856 1973
2890 1089
2877 3016
2877 3014
2877 3109
2877 3065
2967 360
2877 3773
2877 3175
2877 1612
2877 3652
2856 1674
2877 2851
2877 3491
2563 3703
2877 3100
2877 2884
2877 3568
2877 3603
2877 3167
2877 3318
2856 1505
2877 3188
2382 1820
2877 2143
2967 379
2619 986
2877 3345
2877 3037
2877 3253
2877 2813
2877 3087
2877 3375
2877 3415
2877 3273
2877 3647
2877 2973
2890 515
2311 1740
2856 1602
2877 3602
2877 3241
2877 3343
2877 3416
2856 582
2877 3249
2856 2003
2877 2985
2553 339
2877 3002
2856 2655
2877 3229
2877 3618
2877 3663
2621 1286
2868 1607
2497 363
2685 1035
2877 3465
2877 3356
2877 3011
2877 2097
2621 1496
2877 3663
2856 1636
2877 3058
2877 3809
2877 3368
2877 2927
2382 958
2877 3669
2382 1492
2877 3313
1900 184
2877 3307
2877 3540
2877 2794
2877 2878
2877 3303
2856 1809
2382 549
1518 549
2382 921
2877 3495
2877 3081
2877 2781
2685 887
2877 3349
2877 3800
2868 1113
2621 435
2877 3279
2877 1667
2877 3822
2877 3086
1785 13
2877 2965
2619 832
2877 3306
2563 3252
2877 3244
2877 3845
2877 2980
1906 119
2242 517
2877 3137
2877 1984
2877 3579
2877 3353
2877 3744
3606 100
2877 3416
2538 401
2856 1718
2840 340
2311 1562
2877 3441
2655 304
2856 2206
2856 1727
2877 3359
2877 3182
2450 94
2868 551
2877 3188
2877 3393
2553 688
2877 3310
2311 1860
2877 1905
2877 3642
2563 3419
2877 3756
2877 2976
2739 449
2877 3030
2877 3252
2877 2490
2877 3331
482 6
2856 2893
2877 3574
2855 404
2877 2849
2877 3497
2877 3010
2382 1819
2877 3540
2877 3928
2617 495
2877 3144
2877 3206
2877 3227
2877 3412
2538 871
2877 3871
2877 3828
2877 3765
2877 3723
2877 3464
2242 223
2739 463
2877 3519
2877 3214
2877 3244
2890 562
2877 3055
2856 343
2877 3475
2877 3765
2877 3855
2877 3249
2311 1573
2621 608
2877 3418
2856 1852
2152 122
2877 1945
2877 3304
2877 3596
2877 1697
2877 3535
2877 3411
2856 1347
2877 3349
2877 3500
2877 3675
2877 3443
2877 3211
2877 2437
2382 1517
2563 3526
2967 465
2877 3448
2877 3149
1864 373
2877 3208
2877 3289
2877 3329
2890 578
2877 2285
2877 2252
2877 3086
2739 1622
2877 3406
2877 2982
2877 3126
2877 3984
2877 3688
2877 3275
2877 3240
2877 3459
2877 1990
2877 3303
2856 2726
2877 3251
2877 3676
2877 2861
2877 3704
2621 1271
2382 1371
2877 3204
2877 3235
2877 3868
2877 3716
2877 3412
2877 3079
2070 384
2877 3421
2877 2998
2877 3023
2877 3623
2877 3052
2877 3148
2877 3699
2877 3618
2967 778
2877 3557
1906 902
2877 3049
2877 3049
2877 3290
2877 2984
2877 3227
2877 3801
2877 2749
1834 244
2856 906
2877 3451
2877 3010
2877 3188
2877 3437
3667 151
2868 1422
2877 3409
2877 2974
2877 3680
2382 884
2877 3314
2877 2395
2877 3289
2877 3567
2563 3248
2877 3091
2222 401
2877 3259
2382 1477
2382 1302
2877 3293
2877 3136
2877 3072
2877 3105
2877 3220
2877 3499
2877 2986
2242 426
2563 3590
2877 2864
2877 3657
2877 3128
2868 1479
2877 3599
2877 2925
2877 3121
2563 2809
2877 2850
2685 994
2877 3489
2877 3225
2487 2459
2877 3034
2877 3266
2877 3341
2877 3273
2877 3425
2877 3990
2877 3214
2877 3681
2877 2842
2856 404
1900 158
2877 2915
2877 3476
2877 3312
1906 508
2104 289
2877 3485
2877 3674
2877 3303
2877 3509
2877 3278
2877 3199
2877 3318
2877 3422
2877 3353
2877 3012
2877 3645
2877 3531
2877 3802
2877 3043
2877 3314
2877 3205
2563 3547
2877 3277
1906 441
2877 3287
2877 3769
2877 3451
2877 3578
2877 3287
2070 752
2877 3425
2856 1502
2802 241
2877 3868
2877 3494
2563 2885
2877 3181
2877 3276
2877 3716
2739 1865
2877 3033
2877 3753
2877 3926
2877 3342
2877 3161
2877 3897
2621 2630
2877 3881
2856 2735
2986 659
2877 3606
2877 3810
2877 3559
2856 430
2739 359
2877 3492
2877 2903
2621 2531
2563 3209
2877 3443
2856 109
2621 2553
2578 1836
2877 3248
2578 1766
2877 3206
2856 1382
2802 310
2578 1283
2877 3289
2563 3274
2877 3601
2877 3084
2877 3606
2856 1919
2877 3101
2890 871
2877 3475
2877 3665
1892 305
2877 3610
2877 3290
2877 3103
2877 3375
2877 3549
2877 3510
2877 3475
2105 419
2877 3593
2856 1109
2877 3393
2877 3317
2877 3603
2877 3508
2877 3326
2877 3426
2877 3092
2877 3188
2877 3602
2856 1058
2877 2974
2877 3445
2877 3567
2877 3349
2563 2336
2877 3046
2877 3507
2877 3641
2877 2918
2450 503
2877 3137
2877 3471
2877 3998
2877 3307
3101 143
2877 3737
2105 595
2877 3175
1584 15
2254 152
2877 3303
2311 2121
2877 3038
2877 3386
2877 3234
1628 369
2621 1184
2877 3368
2877 3782
2877 3008
2877 3689
2877 3816
2877 3676
2877 3255
2877 3626
2747 240
2877 3351
2621 765
2856 1320
2382 2091
2877 3846
2105 952
2450 518
2563 3218
2877 3239
2877 2332
2877 3176
2840 365
2685 1029
2877 3760
2877 2713
2840 1078
2563 3274
2877 3169
2877 3516
2877 3446
2619 1297
2877 3637
2877 2996
2856 2950
2877 2996
2877 3285
2553 720
2877 3338
2877 3085
2877 3211
2877 3521
2877 3013
2877 3524
2877 3954
2877 3081
2606 1303
2877 2966
2877 3446
2877 3343
2621 299
2877 3220
2877 3798
2856 2674
2856 1738
2877 3616
2877 3632
2877 2694
2877 3342
2877 3113
2877 3605
2242 415
2877 3586
2856 1529
2877 3185
2877 3666
2877 3508
2877 3226
2877 3374
2877 3605
2877 3179
2877 4004
2877 3877
2967 400
2877 3575
2877 3033
2877 3663
2877 3453
2877 3765
2877 3072
2578 1238
2877 3063
2739 1804
2877 3216
2877 3192
2877 3419
2877 3055
2382 808
2223 738
2877 3763
2877 2826
2877 3105
1926 96
2877 3226
2877 3664
2311 1820
2222 190
2877 3618
2877 2068
2877 3542
2877 3510
2382 2126
2877 3117
2877 3410
2877 3418
2685 1134
2328 114
2877 2908
2877 3722
2877 3314
2877 3139
2877 3573
2877 3280
2877 3244
2877 3302
2877 3825
2877 3205
2218 216
2877 3715
2877 3322
2877 2805
2877 3400
2877 2983
2877 2991
2877 3592
2877 2757
2877 3367
2877 3694
2877 3107
2877 3092
2856 1912
2877 3852
2877 3125
2877 3035
2877 3489
2877 2797
2877 2766
2877 3791
2877 3759
1628 298
2877 2863
2890 811
2856 3115
2877 3315
2877 2977
2877 2988
2877 3207
2877 3197
1936 142
2877 3478
2877 3532
2877 3213
2877 3273
2877 3327
2856 1477
2084 354
2877 3300
2877 3416
2856 1899
2856 895
2877 3411
2655 282
2107 322
2242 489
2877 3273
1628 248
2382 63
2856 1873
2890 216
2877 3550
2877 2968
2877 3182
2877 3243
2877 3054
2563 3512
2986 1045
2525 835
2382 1197
2877 3029
2877 3444
2497 492
2877 2966
2877 2955
2877 3085
2553 805
2877 2998
2877 3500
2621 1005
2873 1922
2877 2804
2877 3487
2877 3372
2873 2354
2877 3321
2877 3206
2877 3694
2877 3236
2877 1818
2553 963
2621 1636
2105 1077
2877 3137
2877 3328
2873 3021
2621 1052
2619 1136
2967 413
3416 82
2877 3647
2877 3113
2621 2538
2877 3698
2877 3788
2877 3537
2877 3732
2877 3522
2856 1525
2877 2776
2877 2753
2877 3191
2877 1312
2877 3459
2877 3455
2877 3341
2739 490
2877 3561
2382 1059
2877 3309
2877 2966
2877 3081
2877 3370
2877 3191
2856 78
2450 429
3324 146
2877 3229
2877 2743
2877 3701
2382 923
2877 2809
2877 3726
2877 3509
2877 3217
2868 591
2877 3335
2538 719
2877 2750
2877 2703
2877 2820
2877 3619
2877 3746
2877 3493
2877 3361
2242 264
2877 2833
2222 466
2877 2945
2877 3344
2877 3144
2877 3572
2877 3227
2877 3998
2685 922
2840 428
2877 3395
2877 3602
2877 3651
2105 401
2877 3854
2877 3079
2877 2965
2563 3521
2877 3639
2877 3377
2877 3143
2877 3190
2877 3368
2877 3330
2877 3162
2877 3464
2877 3246
2563 2794
2877 3300
2877 3287
2877 3215
2877 3534
2877 2844
2096 249
2877 3912
2877 3409
2877 3418
2877 3253
2222 55
2877 3825
2877 2676
2967 447
2382 1316
2967 651
3615 33
2877 3441
2877 3281
2877 3072
2877 3373
2877 2252
2877 3085
2196 733
2877 3357
2563 3425
2877 3237
2877 3385
2877 3783
2877 3300
2877 3337
2868 641
2877 3159
2877 3433
2877 3036
2621 731
1906 317
2242 568
2877 3160
2877 3062
2877 3103
2739 240
2986 541
2877 3297
2621 814
2382 1184
2877 3043
2877 3218
2877 2925
2877 3157
2877 3265
2877 3167
2877 3109
2877 3802
2877 3179
2877 3477
2288 71
2877 3173
2877 3784
2877 3228
2877 3453
2877 3929
2877 3473
2288 148
2877 3542
2877 3737
2877 3315
2877 3205
2283 182
2877 3428
2538 369
2877 3314
2877 3684
2877 2874
2877 3295
2877 3327
2877 3596
2877 3028
2877 3807
2877 3631
2877 3337
2877 3737
2877 3494
2877 3331
2196 471
2877 3025
2877 3396
1906 753
2877 3023
2553 967
2877 3566
432 24
2877 3473
2877 3240
2877 3509
2877 2970
2877 3657
2877 3634
2877 3895
2877 3337
2563 3556
2877 3892
2877 2846
2877 3341
2877 3723
2877 3306
2877 3584
2877 3073
2877 3337
2877 2932
2877 3564
2877 2059
2877 2720
2877 3580
2538 1349
2877 2862
2877 3072
2877 3091
2877 3179
2877 2407
2877 3709
2856 2531
2877 2848
2877 3374
2877 3623
2621 1126
2563 3505
2877 3651
2877 3507
2563 3244
2563 3278
2877 3489
2877 2809
2877 2966
2877 2909
2877 2937
2450 235
2877 3042
2868 1163
2877 3114
2877 3204
2840 617
2877 3301
2877 3189
2877 2978
2877 3426
2877 3505
2877 2890
2877 2925
2877 2934
2676 53
2619 849
2877 3109
2877 3089
2877 3026
2877 3101
2877 3638
2877 3627
2877 2834
2311 1896
2877 2865
2877 2867
2877 3039
2877 3059
2877 3273
2856 1682
2877 3612
1900 221
2877 3550
3197 97
2877 3694
2877 3270
2877 3100
2877 2917
2382 1165
2877 3460
2877 3415
2877 3487
2877 3339
2877 3342
2877 3512
1906 169
2877 3317
2856 1816
2877 3489
2105 444
2877 2851
2877 2947
2877 2890
2105 243
2877 3596
2450 213
2877 3662
2877 3170
2877 3267
2877 3748
2877 2766
2382 1383
2877 3617
2877 3311
2877 3435
2553 553
2311 1867
2877 3644
2877 3216
2196 487
2877 3596
2877 3786
879 14
2877 3150
2856 2410
2877 3330
2877 3066
2877 3027
3059 48
2877 3336
2877 2873
2877 3893
2877 3454
2877 3033
2877 3475
2184 57
2621 649
2877 3165
2877 3273
2877 3453
2877 3488
2553 625
2877 3545
2877 3191
2877 3306
2890 1110
2877 3183
2873 2631
2877 3152
2877 2868
2877 3701
2877 3412
2877 3257
2877 3562
2877 3346
2877 3435
2877 2915
2382 1306
2563 3566
2856 1252
2877 3066
2877 3441
2877 2980
2877 3390
2685 371
2856 1605
2877 3933
2877 3274
2877 3289
2877 3238
2877 2961
2877 2947
2877 3650
2877 3416
2877 3373
2621 1083
2856 1946
2211 176
2877 3353
2877 3326
2877 2720
2877 2329
2699 519
2877 3526
2877 3119
2450 421
2868 1112
2563 3726
2856 1040
2877 2608
2382 1461
2877 3343
2311 2002
3615 39
2621 461
2877 3182
1906 662
2877 3086
2877 2883
2877 3748
2877 2791
2877 3580
2877 3642
2877 3045
2877 2881
2877 2907
2868 940
2105 939
2856 2223
2877 3617
2986 903
