4543
194 4710
144 1090
74 4801
895 4606
376 4532
77 4590
417 4872
63 4974
295 4972
270 4980
176 4803
302 4792
377 4981
1025 2402
355 4672
230 4820
478 4835
2485 4120
1087 2479
4794 4817
299 4754
728 2798
272 4728
304 4771
312 4736
467 4932
293 4683
391 4805
404 4807
274 4745
232 4791
338 4542
2 4619
237 4823
209 4735
408 4816
304 4858
337 4646
317 4614
196 4572
172 4860
325 4758
13 4977
3368 4003
58 4605
966 3098
67 4686
314 4885
2100 2519
414 4623
357 4566
392 4529
185 4816
409 4885
455 4820
586 1255
252 4515
167 4809
446 4900
100 4762
435 4592
93 4555
491 4855
439 4612
36 4838
189 4622
479 4648
394 4577
294 4554
305 4787
491 4701
1330 4116
327 4752
79 4551
155 4596
66 4689
346 4827
165 4558
100 4696
22 4586
63 4676
277 4601
153 4754
271 4510
260 917
13 4933
2101 3941
1493 4819
457 4558
79 4689
199 4869
397 4984
364 4928
253 4728
148 4970
180 4824
3347 4359
396 4629
431 4792
401 4848
19 4634
72 4595
160 4666
98 4687
199 4641
370 4919
276 4833
334 4972
369 4791
19 4929
120 4733
186 4962
413 4702
220 4962
14 4950
477 4507
228 4874
397 4586
4660 4783
57 4512
2671 4681
297 4883
350 4233
708 846
17 4872
77 4852
735 1719
27 4739
113 4887
465 4508
529 3583
129 4835
450 4634
2725 4376
2856 2860
293 4812
234 4539
331 4530
1859 3167
36 4675
3062 3613
399 4575
472 4739
408 4529
162 4911
599 3854
424 4996
244 4598
417 4862
2223 3297
386 4810
225 4821
386 4840
334 4557
410 4549
1317 4309
438 4930
17 4818
930 2966
298 4610
250 4642
37 4995
391 4827
325 4898
97 4686
330 4709
268 4748
3253 3937
285 4655
261 4520
189 4961
381 4764
358 4521
155 4688
168 4506
461 4833
313 4763
362 4620
317 4762
434 4835
206 4509
2233 4686
471 2979
148 4701
225 4911
443 4761
18 4771
253 4619
493 4737
22 4502
3298 4998
18 4861
271 4611
393 1701
297 4873
473 4983
61 4557
273 4943
384 4987
2540 2923
489 4956
680 1382
1518 3232
401 4788
230 4837
45 4754
1077 2995
57 340
369 4685
779 3088
868 4515
84 4520
412 4755
462 4843
338 4654
162 4553
419 4706
292 4517
375 4520
40 4528
4465 4741
2 4800
421 4695
404 4577
247 4534
280 4817
118 4883
327 4769
389 4953
57 4874
81 4728
490 4779
166 4620
741 3743
335 4739
306 4724
220 4785
1064 1584
82 4904
461 4788
56 4785
1324 2396
277 4850
421 4553
233 4535
2 4532
15 4837
76 4589
302 4844
2747 3003
40 4740
310 4848
200 4848
490 4580
473 4587
473 4554
466 4566
415 4946
3395 4721
23 4556
3885 4917
750 3942
146 4995
161 4975
2589 4005
149 4703
847 3883
342 4923
367 4636
2365 4037
455 4739
1142 1483
188 4940
242 4738
16 4536
155 4647
17 4556
418 4890
1960 4800
142 4974
3265 3969
157 4596
147 4771
235 4618
219 4523
402 4760
404 4901
165 2334
223 4655
409 4517
241 4723
99 4594
164 4645
483 4890
2678 4695
2368 2414
38 2214
2631 4089
404 4799
143 4861
352 4782
97 4948
443 4955
225 4882
2367 3107
1113 1633
128 4925
471 4836
138 4709
352 2223
123 4505
127 4576
65 4703
49 4991
434 4796
2831 4167
124 4710
492 4639
845 4156
82 4517
167 4857
353 4720
235 4777
3255 4562
204 4897
295 4921
451 4863
1099 4781
3012 4266
67 4582
149 4824
177 4679
400 4831
304 4655
112 4634
39 5000
61 4559
9 4566
2647 3006
444 4632
469 4795
289 4669
2109 2447
21 4808
1419 1579
3882 4234
259 4581
398 4596
2547 3663
141 4824
46 4804
101 4650
134 4561
476 4969
54 4823
460 4923
157 4864
62 4965
95 4903
165 4638
233 4899
169 4999
30 4860
207 4995
472 4732
295 4746
3364 3576
365 1871
81 4902
205 4926
6 4740
4119 4685
2452 2696
216 4611
194 4699
681 4106
113 4944
37 4764
1365 1609
244 3395
56 4753
356 4634
143 4756
244 4956
224 4305
35 4712
182 4806
1584 2610
298 4633
382 4757
314 4572
373 4637
356 4946
310 4667
460 4735
175 4709
462 4567
455 4876
432 4506
74 4926
355 4512
203 4811
143 4587
87 4674
967 2315
227 4728
359 4803
4624 4679
108 4977
115 4930
477 4785
178 4976
372 4648
78 4854
294 4576
131 4932
131 4823
419 4648
449 4513
2641 4187
455 4741
14 4586
282 4695
190 4927
473 4963
375 4525
405 4649
148 4752
378 4582
4425 4823
2136 3818
491 4913
228 4861
387 4633
12 4727
295 4988
156 2691
427 4583
344 4701
386 4777
175 4847
486 4709
637 688
119 2530
454 4892
231 4844
51 4975
32 4813
131 4748
105 4708
176 4847
409 4952
141 4878
92 4929
377 4563
252 4506
239 4740
41 4732
437 4608
54 4646
104 4891
193 4701
415 4785
288 4796
9 4865
206 4946
500 4680
270 4631
408 4997
474 4824
121 4902
1272 1900
266 4877
460 4726
394 4968
345 4651
85 4765
165 4514
265 4987
69 4650
855 1911
433 1213
11 4898
461 4744
457 4965
351 4805
195 4719
85 3881
260 4820
90 4930
1115 2294
115 4702
115 4676
186 4611
160 4588
393 4928
331 4798
388 4934
411 4955
693 1839
2965 4009
388 4682
202 4895
607 3824
312 4542
280 4600
499 4514
2845 4146
132 4696
2806 4931
368 4510
3411 3615
2269 2548
2 4670
4626 4819
2611 4783
20 4577
116 4648
96 4966
62 4748
265 4773
332 4878
331 4588
2439 3330
783 4701
282 4736
445 4580
436 4770
1022 1789
310 4850
2139 4492
456 4588
78 4899
441 3226
80 4523
66 4832
96 4826
291 4674
384 4896
1809 2709
356 4653
1284 2186
69 4929
246 4524
4762 4947
53 4746
232 4908
160 4844
1837 4335
1426 2947
349 4765
198 4961
652 1521
376 4600
2003 2783
129 4787
129 4567
348 4380
237 4522
423 4987
314 4811
38 4573
1284 4054
138 4832
358 4720
1876 2656
870 1933
1678 3336
424 4910
305 4574
373 4842
458 4547
335 4740
387 4745
359 4966
222 4721
239 3229
541 914
89 4629
170 4690
58 4650
222 4917
1432 2996
624 2083
129 4606
11 3175
116 4717
165 4921
173 4984
36 4751
449 4757
38 4872
268 4961
33 4795
20 4859
355 4792
1105 2654
478 4866
482 4864
1503 3317
63 4875
410 4702
158 4827
409 2029
34 4711
157 4790
367 4661
857 3262
116 4739
1030 4488
467 4548
236 4644
33 2647
282 4816
437 4933
296 4850
120 5000
40 4607
1538 2260
1032 2400
78 4876
343 4541
231 4910
1831 2771
455 4597
89 4913
2026 4719
428 4976
476 4754
125 4809
369 4815
1250 4914
3178 3760
240 4651
101 4701
300 4784
769 3797
27 4820
156 4610
3591 4446
269 4882
100 4523
237 4405
546 2531
52 4869
187 4917
375 4781
692 2240
43 4805
295 4658
431 4632
3618 3975
99 4579
268 4731
66 4937
454 4741
39 4774
11 1222
325 4786
194 4529
506 4455
261 4679
208 4613
14 4912
235 4912
125 4982
373 4618
94 4563
3906 4920
270 4540
263 4669
1797 4731
2638 4911
365 4997
231 4900
276 4921
310 4913
1568 2637
458 4725
136 4611
127 4740
1892 4037
132 4843
116 4648
197 4681
173 956
1576 3918
254 4889
492 4565
252 4676
494 4819
264 4898
479 4784
106 4753
1817 2494
493 4563
34 4934
91 4834
239 4851
129 4801
234 4875
44 4608
70 4526
2840 3923
360 4605
475 4873
2 4637
36 4690
435 4539
88 4598
65 3271
66 4619
235 4650
247 4958
327 4728
1650 4997
209 4851
74 4569
367 4999
379 4881
191 4577
464 4758
53 4635
342 4897
337 4884
444 4840
322 4608
117 4730
232 4778
57 4595
132 4948
486 4871
313 4755
190 4667
137 4698
2795 4362
463 4774
2411 3457
2302 3071
2211 4914
490 4650
155 4822
887 4972
173 4578
2 4704
320 4578
231 4521
99 4755
19 4606
18 4756
94 4882
151 4671
434 4976
249 1701
172 4703
217 4838
723 2563
409 4584
500 3218
130 2792
112 4518
21 4689
171 4676
287 4538
90 4869
275 4546
2084 3238
367 4895
2049 4248
144 4613
333 4931
113 4847
127 4512
51 4788
116 4775
428 4849
314 4516
424 4844
36 4963
390 4958
424 4837
328 4886
81 4909
343 4528
418 4000
147 4759
494 4594
368 4551
329 4869
35 4961
288 4963
415 4685
394 528
48 4995
982 4912
452 4661
446 4539
493 4808
166 4672
837 3052
402 4538
1436 3338
488 4605
285 4752
366 4699
176 4533
294 4906
208 4638
2222 4509
3930 3995
697 4785
113 4852
488 4593
69 4818
205 4804
213 4771
293 4775
428 4615
242 4775
342 4590
6 4695
34 1402
306 4650
108 4936
6 4606
240 4959
453 4587
217 4989
328 4899
61 4531
332 4698
463 4685
193 4635
467 4667
316 4661
2937 4791
499 4933
589 2976
25 4501
306 4540
1332 1943
56 4784
466 4899
227 4754
1324 1484
472 4519
296 4693
1996 3381
58 4858
302 4962
223 4895
1307 2566
310 4956
241 4928
719 1161
486 4794
1258 3814
153 4584
77 4654
309 4714
401 4868
53 4934
111 4854
159 4633
314 4649
298 1235
3667 3936
368 4949
2280 4864
354 4518
198 4630
394 4846
141 4783
113 4961
394 4654
386 2358
277 4510
303 4913
6 4913
290 4713
290 4961
343 4523
17 4893
446 4577
379 4565
417 4772
96 4745
447 1219
448 4820
303 4531
51 4824
1971 4730
444 4753
126 4538
396 4968
470 4814
413 4791
2309 4542
241 4612
333 4971
2653 4295
324 4574
2373 4627
297 4934
238 4819
89 4816
427 4918
214 4521
497 4519
144 4646
2450 4070
323 4966
1 4511
486 4886
373 4973
3 4705
378 4916
430 4565
301 4615
4376 4396
3606 4062
319 4794
213 806
3351 4111
302 4801
421 4861
214 4919
253 4965
378 4976
162 4918
282 4686
334 4814
2342 2722
354 4854
1087 2641
285 4722
2183 4009
54 4710
87 4774
1404 4143
1637 4968
442 4686
439 4531
450 4974
270 4907
362 4804
19 4930
418 4752
93 4595
62 4686
145 4887
494 4759
269 4844
52 4851
491 4550
388 4700
447 4830
314 4525
390 4516
5 4559
208 4608
3439 4915
490 4953
334 4636
78 4603
377 1460
338 4913
340 4902
160 4970
128 1549
245 4837
148 4996
233 4628
484 4676
262 4670
44 1047
254 4748
333 4564
1273 1472
2510 2767
348 4682
211 4662
344 4835
119 4602
463 4956
2233 2915
235 4521
455 4613
13 4587
204 4657
27 4929
338 4846
365 4965
1605 2776
341 4578
99 4905
1454 4366
734 3481
186 4970
153 4542
67 3110
462 4570
222 4521
438 4751
116 4769
63 4506
272 4794
169 4661
472 4662
186 4548
351 4853
193 4907
134 4722
219 4515
2035 3097
466 4615
193 4753
34 4594
116 4996
910 1291
275 4610
29 4942
307 4637
244 4908
367 4553
75 4721
332 4989
321 4900
106 4899
1685 4816
232 4506
351 4686
104 4555
445 4594
4353 4446
221 4517
371 4680
102 4788
2382 4231
48 4636
250 4593
28 4747
3992 4121
487 4998
141 4826
10 4607
2306 4118
939 3962
298 4606
242 4823
153 4706
150 4858
424 4521
111 4828
286 4781
425 1472
163 4890
67 4678
4758 4877
267 4991
88 4731
62 4614
229 4763
327 4944
185 4975
182 4674
162 2451
355 4780
2553 3725
448 4581
257 4605
43 4954
103 4984
38 4887
67 4958
729 1247
124 4880
95 4716
380 4675
66 4716
310 4575
48 4779
428 4551
51 4618
273 4716
2532 4086
98 4639
37 4709
468 4912
1365 4745
6 4626
472 4966
187 4571
417 4753
417 4924
187 4932
339 5000
194 4664
145 4512
256 4571
45 4912
1218 4617
48 4957
455 4752
2003 3010
864 3088
78 4908
215 4901
71 4847
275 4871
372 4950
205 4611
583 3580
491 4781
133 4974
465 4604
440 4709
160 4680
171 4959
70 4970
1013 2165
227 4609
310 4935
230 4830
376 4667
378 4583
67 4614
3369 3435
62 4821
48 4473
1565 2388
418 4789
2061 4051
60 4813
403 4567
190 4849
11 4818
223 4945
30 4815
999 3771
854 3565
3834 4941
332 4516
324 4724
2259 3077
431 4898
274 4532
184 4907
246 4612
47 4792
2139 2459
458 4941
70 4822
379 4925
218 4805
31 4828
1247 4445
359 4546
747 2395
287 4850
479 4552
478 4829
1202 3492
2003 3805
126 4606
97 4540
256 4982
2070 4185
1394 3592
263 4895
118 4959
313 4526
2283 2697
107 4982
1603 4162
451 4798
479 4727
304 4624
419 4633
478 4561
1861 4763
371 4732
83 4873
223 4794
12 4508
287 1348
88 4596
36 4537
1753 4994
4097 4906
12 4740
392 4995
210 4542
16 4925
2717 3751
230 4831
138 4817
502 1555
1314 4914
121 4710
92 4673
205 4599
156 4843
315 4878
92 4791
303 4928
456 4926
133 4999
2525 4581
38 4807
352 4709
415 4945
261 4846
369 4789
48 4935
335 4955
455 4700
2509 4150
499 4858
214 4880
2943 3828
191 4667
384 4974
221 4819
408 4955
324 2808
1785 4836
3059 3560
300 4634
175 4777
275 4717
246 4584
47 4804
205 4572
456 4503
222 4514
279 4671
1877 4078
265 4742
176 4275
395 4620
309 4884
105 4799
441 4602
219 4971
296 4705
68 5000
279 4548
317 4707
49 4799
1391 2398
445 4595
210 4581
101 4550
495 4865
314 4671
460 4879
330 4685
12 4993
247 4596
8 4858
33 4688
271 4773
500 4965
269 4933
334 4724
189 4648
247 4683
6 4585
32 2928
25 4529
269 4947
146 4597
96 4811
478 4678
458 4895
770 854
306 4586
425 4658
220 4500
3063 4694
198 4952
3 4903
182 4935
325 4562
977 2042
2830 4002
317 4872
344 4784
395 4671
2189 3243
972 1052
132 4751
493 4602
119 4788
407 4733
83 4674
432 4552
858 1500
11 4686
417 4797
43 4177
372 4601
401 4965
1906 2891
162 4676
143 4919
191 4600
306 4691
496 4954
79 4734
386 4758
423 4879
891 2078
181 4636
31 4997
375 4914
286 4725
38 1848
314 4960
359 4621
625 3310
125 4813
142 4718
258 4859
386 4678
432 4595
494 4685
278 4883
249 4956
236 4562
417 1111
407 4813
187 4681
177 4900
418 4589
187 4975
418 4537
208 4828
68 4863
209 4873
205 4684
3401 4697
397 4773
353 4824
399 4626
16 4590
1491 4452
75 4526
4679 4707
6 4843
181 4761
131 4643
1573 4216
455 4766
114 4519
208 4967
179 4646
1721 4854
35 4689
2483 2572
359 4692
283 4807
221 4699
415 4638
50 4939
219 4729
386 4569
76 4903
277 4781
201 4678
2487 3225
309 4818
496 4777
167 732
337 1357
217 4888
49 4640
144 4727
347 4545
1439 2005
1270 3576
348 4509
35 4688
1963 2191
487 4649
1719 4761
325 4670
463 4989
459 4880
99 4513
899 1065
177 4586
449 4949
346 4529
57 4682
443 4948
200 4887
98 4926
344 4822
484 4612
300 4638
71 4646
430 4826
470 4900
97 4889
499 4579
2381 4707
11 1588
217 4902
473 4876
297 4873
97 4957
367 4856
125 4585
294 4959
51 4520
98 4970
103 4827
282 4565
838 2892
178 3494
80 4981
248 4608
140 4514
68 4913
367 4502
134 4913
32 4770
447 4750
1091 3032
45 4571
331 4915
476 4526
283 4918
206 4845
497 4934
181 4979
284 4764
24 4502
303 4603
87 4778
79 4936
292 4612
2050 2419
124 4525
137 4855
158 4718
399 4541
349 4563
85 4949
551 1929
424 4592
682 2292
479 4564
34 4581
305 4951
80 4841
329 4753
226 4515
1029 4836
395 4679
227 4554
490 4880
2732 4115
99 4557
451 4507
28 4672
284 4589
44 4802
498 4578
456 4649
329 4748
476 4935
229 4536
451 4853
180 4928
367 4875
201 4963
385 4556
160 4810
411 4653
279 4613
72 4866
387 4585
258 4780
8 4838
415 4972
349 4919
322 4834
239 4709
514 789
88 4594
492 4977
429 4839
206 4618
929 1683
321 4944
513 3818
210 4627
181 4501
210 4538
87 4518
425 4839
435 4721
2766 4647
96 3990
160 4931
2840 4689
328 4871
95 4840
142 4531
53 1631
390 4966
122 4581
1840 2129
598 3460
409 4814
333 4911
396 4918
55 350
80 4961
316 4906
207 2425
383 4652
142 4964
204 4944
108 4825
335 4699
2639 4537
822 3437
178 4569
78 4563
130 4600
166 4559
27 4564
268 4823
338 4915
401 629
156 4674
393 4598
283 611
377 4694
20 4810
432 4733
55 2346
475 4512
901 2598
53 4879
405 4519
3314 3594
3416 4663
32 4638
76 4858
88 4989
3091 3477
882 2202
314 4821
2051 4033
118 4583
392 4623
340 4550
318 4737
3455 4960
114 4793
171 4680
238 4824
370 4509
154 4645
443 4580
245 4937
888 1771
1435 2076
3380 4857
133 4535
451 4688
117 4804
51 4988
71 4600
2441 3404
174 4600
382 4522
437 4579
236 4607
2226 4470
283 4817
195 4702
1569 4999
478 4614
207 4924
245 4792
216 4589
293 4683
443 4990
247 4941
271 4881
154 4968
65 4822
1376 3463
137 3358
247 4997
481 4954
2367 4285
774 2055
200 4959
220 4852
283 4797
189 4832
1287 1309
1615 4707
1 4556
675 1088
42 4894
167 4668
444 4884
202 4574
2105 3406
14 4616
275 4616
94 4856
2085 3506
742 2498
1628 2008
28 4884
392 4930
468 4548
461 4830
1568 2206
3408 4760
96 4953
190 1656
491 4616
285 4969
181 4997
389 4826
494 4808
389 4545
438 4817
411 4504
324 4995
500 4594
2027 2171
288 4969
390 4502
84 4906
301 4746
92 4650
383 4989
457 4517
472 4939
457 4699
2518 3182
270 4590
170 4532
4161 4177
14 4896
119 4569
4412 4776
412 4509
281 4661
94 4684
36 4619
2766 4295
69 487
10 4502
341 4522
306 4727
103 4941
470 4733
495 4652
241 4941
736 1344
141 4810
374 4590
130 4571
367 4636
237 4549
25 4940
412 4815
346 4767
92 4702
273 4745
376 4803
221 4665
249 4639
191 4582
262 819
421 4638
214 4801
170 4890
1732 2296
253 4661
111 4689
374 4614
184 4962
314 4846
311 4859
369 4694
1129 2947
174 4891
95 4706
451 4861
181 4791
326 4633
205 4742
290 4838
482 4754
804 1292
306 4796
271 4885
599 4032
436 4689
83 4711
2311 2330
378 4517
3391 4093
146 4793
118 4608
313 4694
156 4758
476 4993
4248 4762
183 420
19 4507
445 4675
205 4872
112 4546
3393 4361
187 4570
1482 3014
115 4981
2192 3735
274 4882
166 4874
274 4531
1362 1954
364 4960
666 1132
471 4837
377 4844
441 4530
388 4512
273 4680
322 4601
869 1296
391 4998
89 4812
96 4942
321 4979
403 4654
97 4795
201 4773
162 4554
387 4770
16 4882
261 4513
460 4512
190 2185
463 4681
412 4621
249 4857
2798 4250
320 4902
109 4860
97 166
4299 4749
399 4675
430 4972
44 4681
100 4741
252 4653
491 4685
411 4517
200 4526
113 4724
75 4594
350 4791
337 4722
382 4667
493 4621
249 4855
322 4828
452 4621
209 4789
236 4946
348 4503
963 1044
1834 2370
1476 3259
283 4579
384 4953
397 4875
249 4821
1 4644
2058 4900
285 4775
260 4846
5 4803
433 4834
248 4745
154 4673
311 4646
177 4701
334 4686
423 4514
222 4653
858 3877
96 4992
335 4967
447 4539
401 4974
495 4679
15 4682
310 4866
3435 4210
271 4811
1337 2529
238 4636
186 4959
431 4892
81 4632
1594 2168
300 4662
2196 3228
286 4596
26 4886
129 4614
129 4686
332 4697
147 4549
272 5000
50 4513
107 4556
607 1320
322 4691
126 4749
167 4968
360 4781
230 4599
54 4858
310 4816
168 4943
184 4643
395 4596
170 4531
2191 3361
159 4631
67 642
138 4613
73 4916
313 4578
393 4848
737 4834
162 783
170 4603
48 4885
422 4801
294 4706
421 4857
170 4695
92 4626
242 4616
121 4994
149 4558
86 4717
1375 2940
102 4815
34 4982
493 4623
290 4580
170 4631
114 4559
374 4827
17 4954
340 4783
43 4782
1664 4091
385 4867
144 4903
301 4882
56 4571
200 4777
388 4616
1352 3544
341 4831
32 4293
471 4986
372 4988
797 2519
392 3406
187 4916
3542 4343
155 4954
251 4532
133 4859
490 4885
247 4539
343 4745
500 4805
6 4517
429 4969
124 4734
57 4698
1632 4083
217 4938
1864 3632
492 4680
209 4832
344 4916
348 4527
1017 2442
866 3394
199 4841
373 4999
252 4798
616 3017
366 4886
458 4583
336 4667
171 4989
1817 2053
99 4894
169 4803
50 4514
102 4501
2794 4823
153 4638
464 4577
72 4896
28 4864
121 4522
372 4842
182 4871
92 4512
360 4706
103 4611
416 4528
490 4531
53 4813
133 4914
277 4856
326 4595
474 4680
453 4931
119 4747
39 4725
4502 4641
184 4823
140 4869
4266 4665
202 4731
497 4939
935 4901
1942 2127
163 4831
92 4787
456 3955
2 4736
494 4842
161 4969
404 4983
1074 3908
2959 3023
864 4400
112 4852
397 4832
459 4924
264 4900
2084 3210
212 4850
45 4986
265 4826
126 4827
398 4690
170 1540
426 4751
268 4798
186 311
380 4635
410 4611
1794 3675
28 4516
470 4912
291 4952
205 4778
268 4945
376 4949
431 4713
56 4510
179 4951
8 4997
365 4655
68 4799
320 4811
366 4532
394 4655
238 4985
2585 4226
251 4820
71 4665
641 3561
475 4625
311 4539
3 4805
3817 4205
485 860
804 2519
82 4629
309 4640
452 4928
170 4586
68 4816
157 4514
420 4633
412 4726
195 4528
2868 4070
293 4686
356 4730
3424 3827
405 4819
340 4769
383 4786
357 4619
130 4814
44 4840
206 4857
438 4960
310 4510
3 4803
82 4782
168 4812
2930 4678
281 4598
174 4962
1138 2279
75 4525
74 4601
193 4854
44 4901
1110 2386
87 4744
178 4593
486 4516
454 4920
138 4874
91 4705
1425 3165
937 2475
363 4836
420 4980
139 4920
391 4704
165 4983
131 4648
285 4546
11 4717
29 4984
154 4764
1710 1750
205 4811
113 4953
167 4936
187 4849
111 4913
872 3142
178 4761
825 3619
1652 4407
216 4847
466 4769
369 4862
102 4945
259 4906
350 3727
392 4580
3641 4703
501 1390
83 4944
1208 3505
17 4895
225 4935
263 4784
139 4834
611 748
410 4602
320 4899
142 4930
15 4948
114 4619
399 4792
48 4740
216 4576
255 4751
174 4590
426 4684
422 4964
267 4843
683 2913
155 4725
41 4808
416 4737
371 4928
401 4670
216 4501
363 4798
276 4873
224 4579
4615 4827
144 4937
3754 4508
17 4957
497 4595
1460 4572
498 4556
392 4698
429 4627
261 4878
2770 4421
154 4611
867 4183
1450 3101
1631 1906
71 4852
426 4735
144 4686
252 4957
404 4680
234 4758
458 4547
185 4987
126 4930
497 4536
162 4826
204 4620
3420 4157
258 4923
475 4531
48 1680
4273 4563
164 4707
757 4084
570 2125
327 4505
248 1577
109 4708
431 4983
398 4798
326 4653
315 4698
444 4295
1729 3373
224 4792
273 4552
201 4546
483 4598
326 4546
219 4768
3844 4483
304 4967
220 4856
306 4953
308 4567
1247 2212
383 4621
2778 4709
745 3658
2242 4581
218 4947
1768 4403
156 4597
288 4529
334 4527
2158 4684
372 4978
52 4760
314 4903
415 4503
257 4918
397 4721
3752 4402
106 4757
491 3570
401 4860
3223 3522
2184 3812
178 4523
34 4852
50 4664
66 4575
170 4908
4289 4435
438 4790
188 4864
359 4534
453 4956
406 4509
303 2644
30 4796
435 4831
165 4596
254 4862
243 4941
478 4953
440 4603
474 4633
415 4810
54 4944
273 4718
107 4843
2837 4803
205 4550
199 4557
378 4532
1906 3948
423 4625
56 4906
263 4795
79 2970
227 4765
443 4616
185 4846
8 4984
1617 1718
37 4575
500 4923
2107 4302
382 4731
280 4579
195 4986
78 4801
210 4559
1171 2959
178 3416
370 4688
399 4692
109 4582
1383 4888
1837 2925
163 4568
73 4823
296 3179
164 4673
7 4608
14 4676
137 4652
568 2902
413 1301
139 4832
170 2830
492 4624
410 4683
2225 2589
429 4643
495 4693
278 4891
266 4642
89 4698
369 4724
1 4608
384 4861
794 4932
237 4754
3131 3847
2819 2991
389 4568
858 3879
53 4755
194 4572
547 3808
50 4710
179 4576
9 4666
286 4812
256 4805
353 4696
4484 4732
361 4984
331 4997
495 4782
38 4766
292 4527
458 4657
3917 4842
367 4735
72 4907
221 4805
21 4785
372 4747
45 4926
191 4964
23 4677
1225 2919
288 4906
194 1276
97 4560
137 4889
100 4521
1474 1732
304 4532
189 4926
1684 1876
172 4932
244 4849
478 4914
2856 3551
163 4950
263 4570
1259 4448
126 4726
236 4605
150 4888
2572 3927
276 4503
326 4724
278 4796
3497 4319
72 2311
309 4859
34 4913
429 4689
2043 4451
268 4738
373 4554
176 4754
147 4720
345 4988
21 4793
4447 4640
500 4685
3 4578
257 4523
32 4701
32 4641
200 4814
2019 3918
28 4561
220 4848
121 4773
151 4812
421 4564
62 4660
352 4582
106 4605
4125 4226
445 4545
179 4686
492 4990
228 4797
2549 4199
376 4996
154 4968
22 4726
402 4729
445 4853
336 4963
47 4775
221 4737
161 4747
261 4924
278 4920
170 4595
167 4856
110 4775
1585 4708
50 4787
411 4891
4637 4640
199 4594
1642 3207
1813 2078
300 4961
417 4779
4418 4440
385 4918
179 4709
1947 3296
35 4846
103 4951
127 4729
2073 3946
134 4636
1 4785
153 4935
285 4969
259 4959
238 4615
1052 4481
470 4759
360 4932
164 4992
68 3561
1453 3760
83 4743
136 4724
141 4574
167 4774
165 4925
360 4773
247 4650
2310 3826
2146 2487
271 2508
490 4911
409 4689
119 4583
380 1876
172 4850
815 979
366 4963
482 4992
165 4852
483 4871
314 4984
291 4895
2619 4096
320 4509
269 4941
2563 3706
66 4844
211 4449
436 4986
198 4528
1627 2631
392 4579
336 4626
154 4560
142 4805
2693 4657
1479 3241
88 4519
329 4886
15 4682
384 4549
239 4617
58 4888
430 4700
304 4634
409 4888
68 4326
1300 3381
47 4802
169 4613
499 4929
53 4813
2453 3441
3117 4533
98 4690
89 4730
9 4790
205 4980
404 4523
309 4545
310 4889
283 4600
4224 4903
70 4885
1528 2757
22 4955
366 4562
462 4933
1612 2758
95 4627
387 4553
12 4852
29 1949
37 4839
254 4652
335 4548
329 4975
281 4772
412 4588
297 4743
84 4735
3861 4718
330 3440
318 4981
210 4782
377 4920
43 4641
17 4781
135 4776
474 4550
388 4728
663 4325
487 4993
88 4866
141 4321
361 4584
164 4548
476 3176
2977 3394
170 4892
106 4835
443 4968
422 4592
89 4754
2599 4652
22 4568
262 4712
376 4501
451 4658
1766 1883
290 4536
48 4585
662 2651
435 1878
262 3743
89 4544
98 4682
3560 4014
158 4674
627 4536
324 4861
345 4896
8 4884
1837 2113
1067 4506
290 4937
423 4893
4 4967
380 4952
297 4908
11 4854
236 4912
112 4860
127 4573
51 4676
361 4703
2 4751
103 4757
445 4581
38 4717
202 4676
335 4657
910 3580
421 4756
174 4839
122 4991
121 4966
669 3731
363 4639
365 4883
19 4756
444 4999
852 4310
101 4773
445 1388
286 4621
470 4705
21 4535
410 4977
284 4535
250 4940
437 4718
413 4511
448 4587
185 4526
1 4571
483 4937
232 4645
291 4769
423 4839
31 4807
146 4710
640 1137
443 4962
225 4862
64 4606
4477 4866
88 4619
411 4488
250 4748
27 2898
458 4886
372 4930
41 1653
3667 4722
303 4814
2457 4437
331 4834
628 3337
197 4613
363 4511
93 4868
1108 2434
422 4713
148 4634
222 4740
236 4746
418 4510
3419 4359
1051 2858
279 4527
395 4767
64 4920
456 4890
96 4777
442 3237
368 4730
282 4738
430 4520
386 4902
409 4837
195 4532
461 4845
262 4606
281 4546
499 4899
409 4902
131 4695
468 4924
461 4968
443 4961
228 4552
425 4688
105 4740
2918 4724
353 4631
460 4574
31 4549
2485 4565
199 4888
2739 3214
2711 4134
63 4607
3101 4192
191 4788
390 4983
2000 3615
154 4967
440 4555
194 4888
69 4505
353 4718
287 4653
490 4577
482 4614
803 4276
302 4655
219 4584
434 4754
411 4723
475 4813
1260 3114
1028 4249
327 4861
366 4703
411 4570
434 4866
248 4739
1942 2969
82 434
265 4534
143 4558
147 4631
254 4606
158 4658
1539 4706
418 4529
477 4667
144 4783
67 4678
225 4996
390 4932
195 4833
462 4713
167 4957
125 4592
180 4518
220 4534
119 4970
490 4906
129 4829
241 4618
2699 3025
48 4963
88 4990
173 4888
282 4541
329 4710
460 4506
252 4616
256 4644
118 4683
224 4900
2465 4368
4204 4234
272 4668
479 4956
163 4569
33 4640
395 4226
104 4713
51 4997
177 4798
27 4851
56 4623
98 4701
265 4593
129 4548
329 4836
485 4920
334 4696
90 4667
173 4561
287 4962
299 4895
292 4878
645 4392
54 4976
481 4778
28 4613
379 4678
761 2988
4449 4691
476 4810
13 4677
165 4560
226 4563
328 4766
86 4896
113 4614
374 4918
232 4542
1739 2990
417 4870
193 4957
192 4941
51 4887
58 4804
46 4539
184 4835
475 4532
232 4756
373 4818
288 4788
95 4865
482 4951
477 4809
477 4840
155 4896
191 4951
255 4925
392 4830
443 4768
145 4910
3686 4003
273 4608
369 4904
96 4649
288 4765
217 4943
45 4929
3293 3850
444 4656
3454 4082
349 4886
351 3506
430 4565
78 4816
147 4516
98 2894
66 4755
97 4505
442 4943
434 4781
1613 3983
324 4730
275 4779
382 4813
269 4705
495 4963
392 4689
1274 1915
35 4985
3157 3841
591 3434
167 4840
364 4535
200 4757
149 4752
2464 4024
4 4708
183 2086
481 4810
28 4930
147 4715
4 4746
235 4988
492 4914
26 4645
56 4971
194 4830
252 4528
133 4681
7 4670
214 4501
398 4944
258 4634
296 4996
454 4741
5 4834
2413 4323
145 4702
504 1553
249 4890
286 4547
5 1867
147 4900
450 4944
39 4728
2855 4327
221 4950
172 4605
149 5000
224 4723
473 4741
92 4762
111 4937
838 1747
310 4818
105 4731
389 4757
449 4896
486 4999
219 4812
364 4869
5 4760
3726 4389
349 4951
404 4963
237 940
1047 3216
209 4956
199 4514
414 580
330 4689
23 1045
1138 1405
3437 4240
194 4733
319 4619
307 4788
1676 4034
280 4971
105 4658
684 2232
492 4769
339 4774
535 3885
16 4715
412 4888
735 4090
200 4747
198 4526
111 4611
2423 2928
326 4904
197 4875
445 4943
189 4901
155 4797
436 4544
172 4822
86 4530
426 4876
164 4501
362 4670
107 4663
415 4956
1739 2897
203 4741
420 4932
1847 3460
75 4712
359 4695
17 4775
118 4547
416 4997
2319 3097
258 4802
991 4493
151 2691
2655 4047
163 4976
123 4597
44 4670
437 4727
3111 4847
281 4550
91 4534
467 4585
244 4606
156 4995
4640 4810
274 4912
487 4553
226 4630
254 4506
1352 1940
3060 3513
52 119
2634 2701
628 2376
293 4874
492 4816
842 3269
404 4635
179 4825
357 4814
486 4720
1326 2627
3372 4756
310 4546
446 4970
296 4858
211 4670
582 3101
1080 1380
169 4913
4342 4749
171 4825
465 4747
237 4886
136 4857
20 4869
482 4964
2473 3058
477 4661
1211 2704
3241 4834
65 4677
2817 4912
33 4922
324 4537
147 4555
1923 2713
215 4515
15 4586
479 4536
387 4870
425 4959
244 4755
424 4786
371 4918
151 1081
42 4775
328 4538
19 4585
72 4757
367 4938
1979 2819
111 4556
480 4558
499 4901
110 4954
172 4790
111 4655
61 4927
168 4557
262 4965
402 4752
275 4900
160 4796
45 4556
4024 4807
484 4544
148 4615
29 4797
470 4567
469 4965
229 2185
266 4500
12 4983
1045 4152
2676 4347
3009 3925
42 4633
643 1895
273 4501
339 4943
77 4849
97 4550
107 4724
468 4995
320 4722
152 4646
339 4522
174 4647
281 4526
659 2076
1936 4542
420 3153
258 4889
1558 2648
288 4654
300 4610
219 4953
302 4688
64 4770
230 4912
639 658
2317 4388
80 4880
132 4977
457 4637
27 4909
58 4752
2065 2883
334 4891
466 4923
1352 4297
379 2623
165 4960
178 4564
60 4518
500 4960
419 4575
347 4533
442 4514
288 4944
498 4870
456 4951
480 743
1612 1814
3090 3904
299 4821
347 4911
62 4612
283 4651
336 4817
356 4922
304 4962
400 4676
466 4961
383 4871
8 4585
352 4763
243 4877
53 4943
342 4728
120 4908
243 4732
107 4561
41 4952
349 2649
103 4530
494 4776
366 4676
423 4508
2497 4758
2029 3084
277 4992
489 4676
247 4587
226 4904
298 4930
222 4799
416 4738
68 4586
274 4777
91 4577
103 4943
196 4680
337 4904
473 4648
82 4566
403 4545
76 4640
6 4965
227 4804
175 4603
176 4596
177 4709
142 4847
347 4863
32 4752
56 4922
1177 3991
403 4551
174 4538
273 4953
66 4740
149 4838
378 4624
445 1330
190 4726
668 2480
387 4875
231 4675
492 4943
400 4712
44 4856
199 4796
1297 1313
491 4750
657 1849
460 4936
243 4789
237 4608
264 4509
196 4921
341 4791
322 4554
118 4636
46 4891
441 4697
181 4619
1785 3783
3773 4191
390 4793
52 4916
265 4684
2476 4530
34 4768
297 4870
259 4948
343 4624
37 4501
145 4939
409 4772
74 4989
456 4545
1450 1634
1364 4787
73 4911
67 4680
471 4940
270 4766
145 4895
458 4636
35 4760
217 4617
4800 4812
433 4842
235 4638
365 4522
112 4900
483 4562
355 4977
369 4607
453 4685
486 2155
84 4792
479 4708
350 4688
304 4664
334 4556
55 4950
258 4645
299 4657
697 3079
6 4718
651 2803
351 4566
4077 4712
1433 1474
165 4862
1225 3790
398 4553
130 4892
2277 3522
56 4504
49 4821
167 4795
279 4903
154 3987
22 4710
121 4897
167 4716
133 4693
378 4929
127 4889
284 3595
1763 2050
447 4733
31 4915
3696 4214
159 4682
446 4743
211 4959
581 3014
264 4630
173 4693
119 4605
2617 4628
319 3142
135 4976
2986 2988
344 4729
59 4804
2188 3802
309 4794
410 4945
88 4616
97 4664
328 4870
182 4550
320 4689
98 5000
2402 4354
413 4853
249 4686
2193 3035
387 4819
344 4922
345 4854
192 4631
265 1416
353 4736
181 4650
1045 1320
486 4736
241 4925
439 4810
33 4633
101 4955
39 4683
257 4558
261 4846
348 4987
4454 4725
1727 4474
106 4711
1031 4831
266 4645
342 3746
26 4526
377 4870
2380 3918
119 4626
155 4881
213 4580
243 4603
252 4927
2 4635
262 4752
396 4733
294 4721
429 4587
280 4574
135 4583
343 4639
121 4554
462 4503
78 4718
445 4790
3185 3255
10 4784
460 1362
411 4924
30 4580
122 4909
126 4590
1651 1741
101 4993
662 3195
2802 4709
85 2389
204 4841
128 4714
100 4523
81 4713
3145 3490
379 4879
407 4967
372 4985
232 4897
2621 4071
725 3357
420 4574
324 4511
26 4838
1131 4614
183 4990
78 4599
311 4778
340 4790
64 4230
314 4850
777 1146
107 4709
19 4937
55 4971
436 4892
3494 4621
135 4920
47 3494
499 4576
184 4829
137 4645
282 4894
160 4727
67 4551
70 4633
218 4936
382 4930
347 4566
454 4932
1579 4897
6 4927
378 4698
333 4512
138 4847
754 827
2468 3171
344 4916
189 4759
209 4710
268 4772
184 4943
50 4686
28 4889
1101 4019
185 4841
477 4792
267 4532
480 4717
65 4753
426 4816
204 4938
225 4506
1912 4303
154 4761
216 4597
101 4855
342 4575
1649 3008
453 4718
499 4778
394 4799
193 4650
2527 4895
1306 3330
210 4920
1218 3296
29 4763
356 4830
2680 3779
99 4899
159 4684
108 4535
311 4750
153 4708
2351 4427
3404 3650
498 4820
88 4682
36 4608
125 5000
462 4620
257 4727
493 4526
350 4620
4171 4819
179 4551
414 4976
95 4584
27 4633
262 4760
59 4921
125 4605
281 4980
1427 2659
313 4767
360 4611
1101 4651
715 3761
365 4774
222 4647
154 4920
390 4995
21 4798
461 4906
1119 3717
1268 1473
220 4953
3683 4283
1203 3766
140 4994
226 4729
431 4622
158 4603
2 4813
296 4773
457 4823
108 4740
55 4653
440 4642
389 4724
429 4958
154 4975
14 4698
259 4669
152 4522
15 4839
118 4904
220 4732
444 4609
924 3051
471 4640
1492 2253
379 4792
330 4579
300 4996
2473 4466
324 4522
1151 2905
3162 4988
1654 2112
87 4679
199 4718
484 4518
194 4736
391 4673
473 4570
42 4585
372 4650
115 4573
306 3379
437 4954
291 4813
280 4522
378 4664
105 4609
99 4623
371 4596
249 4663
67 4970
2144 3179
213 4990
432 4910
366 2007
102 4732
105 4698
171 4752
283 4937
78 4511
574 4124
366 4500
309 5000
106 4937
1578 1673
404 4641
3615 4691
89 4821
265 4971
151 4674
82 4670
395 4624
234 4939
202 4962
90 4842
315 4772
571 2025
401 4549
185 4795
409 4894
76 4734
500 4501
323 4667
324 4817
475 4905
412 4583
267 4844
2254 4138
202 4812
254 4844
2031 2606
369 4756
2399 4937
251 4995
131 4919
109 4659
894 1146
99 4698
2685 4035
247 4855
260 4507
184 4615
97 4773
42 4872
156 4702
253 4936
75 4745
1053 2080
189 4712
2089 3667
52 4768
423 4674
343 4609
98 4666
411 4620
348 4607
456 4997
147 4715
384 4844
2538 4235
19 4822
320 4875
70 4973
409 4834
33 4931
1055 3502
1341 2336
74 4618
143 4562
456 4781
1766 2318
273 4771
115 4725
354 4826
2873 3395
246 4902
1344 1357
186 4927
154 4849
456 2162
407 4755
338 4897
51 4984
67 4886
86 4918
311 4633
228 4546
217 4524
35 4740
492 4882
2288 2795
226 4988
42 4523
146 4758
379 4573
338 4511
236 4599
426 4985
187 4953
574 2923
330 4587
485 4973
1931 4725
392 4924
104 4755
2218 2220
493 4600
355 4541
314 4590
385 4595
257 4762
92 4986
357 4772
33 4885
110 4978
397 4722
88 4876
155 4651
380 4690
339 4729
190 4952
2399 3398
1846 3114
3069 3929
231 4839
266 4717
1848 2451
2105 3989
244 4819
258 4873
584 3027
343 5000
487 4652
2954 3396
60 4741
360 1462
173 4742
328 4964
209 4795
283 4898
227 4855
426 4791
81 1661
337 4848
62 4667
1568 3385
334 4584
56 4562
476 4530
82 4693
399 4758
469 4692
474 4979
707 2289
3186 3733
58 4688
377 4833
323 4859
481 4726
128 4841
439 4776
347 4946
286 4928
234 4860
354 4698
8 4990
440 4704
342 4965
143 4842
371 4705
124 4882
786 4652
88 4828
61 4932
36 4984
381 4554
1298 1888
488 4857
139 4594
144 4779
1580 4428
42 4827
342 4821
140 4697
310 4746
331 4754
361 4652
959 2230
87 4944
1437 3145
4657 4818
153 4870
2363 4087
4385 4558
82 4681
129 4819
307 4653
475 4950
35 4657
2497 3847
483 4616
62 4689
9 4654
197 4799
378 4751
96 4519
221 4734
228 4970
2967 3368
63 4657
373 4670
1886 3130
1495 2613
454 4816
94 4797
276 4868
1589 3067
177 4969
164 4509
212 4866
189 2296
110 4957
3969 4598
335 4702
213 4889
388 4501
297 4630
2240 2740
110 4896
475 4560
463 2704
209 4722
305 4857
457 4911
141 4655
89 4754
98 4958
434 4880
13 4884
334 4718
583 3765
442 4677
215 4792
128 4961
34 4503
181 4796
186 4949
253 4673
61 4903
208 4543
12 4456
348 4509
106 4511
315 4711
52 4862
1754 2317
29 4657
358 4902
104 4574
359 4645
2954 4137
2659 3307
295 4848
460 4549
63 4525
415 4559
343 4936
14 4569
416 4867
814 1307
172 4574
104 4764
2877 4899
149 4820
431 4607
418 4601
54 4900
1161 1183
287 4518
47 4726
289 4959
125 4569
554 1836
100 4829
80 4642
460 4778
13 4810
154 4689
308 4727
6 4994
40 4636
150 4536
437 4569
399 4936
400 4707
437 4978
505 4786
2074 3270
430 4737
123 4507
53 4697
499 4553
150 4973
64 4813
161 4840
485 4817
396 4801
489 4558
31 4595
223 4935
238 4737
2775 4313
1719 3885
3278 3905
171 4795
498 4892
496 4764
296 4535
1285 2391
182 4508
3197 4539
274 4621
2706 3587
202 4974
10 4709
70 4821
279 4648
140 4667
222 4737
42 4767
439 4530
93 4860
2254 2481
491 2237
454 4586
366 4814
312 4674
494 4827
4804 4833
879 3487
110 4592
309 4887
43 4594
458 4998
329 4850
184 4822
57 4860
118 4624
452 4722
98 4626
39 4912
153 4851
411 4507
54 4793
419 4900
368 4899
210 4543
768 3870
1189 2309
217 4673
240 4511
307 4748
2871 3511
453 4820
331 4852
323 4666
36 4808
29 4893
141 4514
166 4743
391 4757
339 4762
2890 3350
115 4821
275 4975
209 5000
452 4524
2317 3786
94 4735
469 4572
2606 4062
1178 4074
242 4513
1949 2217
453 4610
308 4667
336 4898
815 3136
777 852
139 4930
2287 3343
469 4583
2104 4185
395 5000
182 4563
242 4912
647 1573
425 4858
1986 3510
70 4915
208 4931
222 4525
422 4826
203 4678
315 4769
45 4716
314 4596
406 4712
112 4552
408 4793
248 2586
359 4848
418 4717
375 4788
204 4786
84 4818
82 4545
254 4901
2727 3858
371 4966
307 4907
3324 3804
217 4684
617 1526
955 3645
297 4763
131 4839
233 4831
1488 4245
2096 4586
431 4785
49 4778
76 4720
32 4507
401 4588
377 4680
147 4549
325 4811
214 4882
215 4945
181 4856
275 4515
477 4662
157 4844
423 4815
1510 4557
475 4984
326 4711
107 3352
368 4502
403 4501
22 4952
342 4824
445 4952
221 4899
252 4553
400 4824
1209 3522
453 4817
334 4987
305 4680
397 4706
498 4994
3608 4714
228 1003
108 4722
387 4733
237 4609
99 4649
191 4767
500 4994
260 4602
1412 1516
436 4744
188 4526
124 4717
433 4766
161 4545
184 4861
163 4649
294 4722
175 4527
1 4953
549 1277
345 4980
456 4980
404 4586
50 4789
470 4531
477 4544
311 4675
417 4800
3896 4577
2452 3078
1416 4490
448 4827
1043 3655
372 4824
1684 4240
271 5000
425 4939
299 4900
258 4616
498 4627
12 4797
399 4544
153 4992
4031 4261
490 4590
276 4978
2419 2836
337 4987
381 4875
88 4510
200 4606
80 2508
127 3642
1616 4352
475 4892
376 4628
400 4214
422 4543
296 4936
1465 1738
148 4540
360 4950
4464 4641
315 3620
152 4621
50 4970
434 2672
124 4555
129 4778
1648 4895
123 4825
444 4769
3235 3501
52 3706
59 4812
163 4525
313 4858
40 4604
90 4665
264 4814
169 4889
370 4741
110 4515
724 2126
187 4939
1478 1490
2578 4323
29 4585
51 4592
297 4766
5 4679
425 4785
464 4512
161 3682
415 4743
88 4558
328 4597
362 4833
453 4789
338 4659
179 4758
394 4746
411 4564
1901 2426
1419 2248
395 4858
247 4837
2734 3045
377 4682
257 4843
174 4800
3017 3216
439 4834
1404 2579
166 4903
3571 4550
156 4929
270 4811
370 4667
261 4630
397 4914
487 4964
204 4667
247 4998
469 4844
3235 4921
68 4803
380 4646
118 4940
58 4606
488 4776
480 4764
344 4580
255 4592
104 4806
341 4555
476 4774
174 4798
3523 4359
1280 3759
41 4839
1619 3214
418 4841
25 4656
23 4632
298 4303
1547 1773
49 4831
307 4711
368 4728
165 4745
110 4818
267 4965
17 4553
419 911
58 4614
255 4963
20 4738
247 4898
82 4674
282 4917
367 4995
238 4776
76 4640
1926 3324
820 2691
1613 1655
355 4681
102 4902
174 4993
377 4776
317 4552
52 4605
459 4861
2714 3772
352 4663
1853 3057
281 4806
4544 4844
75 4662
365 4890
449 4576
1910 2647
96 4983
423 4593
66 4516
224 4611
287 4545
499 4763
68 4564
89 4747
95 4535
77 4506
304 4887
315 4667
59 4874
3154 4612
361 4637
7 4963
94 4660
475 4893
4561 4904
2328 4411
437 4519
199 4916
487 4779
61 4647
380 2384
37 4923
413 4904
399 4954
3302 4874
425 4600
476 4817
116 179
353 4903
232 4552
387 4979
174 4502
400 4921
66 4578
400 4777
22 4676
375 3130
226 4527
1077 1370
139 4940
164 4679
426 4852
105 4733
256 4729
94 4868
345 4718
302 4854
30 4707
1469 4066
122 4993
375 4679
261 4855
108 4821
301 4903
241 4537
9 4592
493 4822
656 3937
2520 2985
71 4800
166 4578
12 4967
95 4501
165 4980
156 4840
224 4538
378 4577
1443 4897
3319 4718
163 4915
148 4579
35 4998
804 2995
201 4776
231 4693
2023 2790
427 4871
251 4946
193 4549
327 4684
299 4710
328 3575
81 4905
328 4886
2297 4564
312 4670
441 4700
493 4857
62 4790
3802 4864
3 4704
414 4916
5 4599
186 4987
2644 4430
352 4826
79 4884
469 4525
782 4674
460 4564
59 4761
78 4653
353 4777
575 2090
364 4556
443 4641
386 4890
146 4636
365 4866
160 4908
245 4933
2655 3944
3532 4434
134 4712
381 4717
464 4554
1622 3502
97 4761
142 4948
313 4868
496 4687
900 1900
387 4969
159 4569
244 4629
492 4626
778 779
81 4731
421 4826
135 4619
230 4800
256 4815
416 4556
46 4984
1183 2034
3286 4753
139 4750
1715 4060
491 4712
198 4986
270 4926
489 4939
214 4685
864 1940
363 4961
410 4795
334 4711
163 4504
115 4926
472 4841
235 4790
233 4742
374 4707
71 4694
12 4742
279 4747
454 4758
331 4921
324 927
423 4632
454 4544
475 4985
457 4928
406 4565
19 4609
390 4688
1549 2904
113 4908
458 4977
1889 3224
175 4671
80 4570
1190 4279
445 4735
344 4880
13 4949
3488 4593
2152 3780
264 4977
97 4669
64 4734
39 4935
385 4736
313 4828
394 4834
481 2570
321 4969
165 4918
990 3759
2792 3576
78 4681
270 4629
227 4936
3646 4067
94 4595
21 4662
82 4714
420 4501
106 4818
1900 4286
4415 4748
60 4809
485 4543
340 4660
46 4985
257 4695
112 4751
25 4680
410 4990
3 4646
313 4614
254 4937
403 4686
11 4811
91 4763
46 4885
399 4845
431 4737
365 1556
409 4881
256 4992
156 4982
136 4749
334 4946
383 4965
2807 4726
28 4721
3092 3817
24 4873
237 4528
2382 2609
35 4828
836 2461
449 4630
252 4728
413 4593
1141 4190
662 2752
85 4962
327 4615
23 4546
322 4752
431 4578
196 4689
121 3600
425 4911
109 4676
1945 4328
109 4611
433 4862
135 4615
401 4552
685 4965
230 4697
20 4690
474 4674
273 4919
181 4752
1597 4188
256 4687
309 4970
118 4753
256 4511
1469 4467
282 4608
435 4777
128 4605
352 4907
425 4574
209 4551
32 4521
63 4951
161 4817
137 4952
159 4592
489 4939
1557 2372
226 4796
1822 4588
411 4925
347 4585
454 4908
150 4994
64 4836
138 4801
360 4524
72 4819
255 4747
410 3491
423 4623
41 4638
457 4649
2868 3353
357 4700
458 4961
442 4501
334 4514
372 4936
158 4504
50 4614
327 4787
285 4767
64 4941
191 4562
100 4830
209 4602
335 4868
214 4919
58 4991
307 4721
232 1546
385 4707
130 4933
46 4514
339 4618
483 4804
330 4883
140 4611
307 4898
40 4625
113 4510
265 1646
1557 3538
148 4876
415 4862
374 4866
151 4588
473 4720
63 4775
420 4853
424 4736
214 4731
403 4975
1396 3940
381 4853
97 4821
2100 3877
164 4887
363 4693
209 2617
459 1822
355 4686
103 4808
4467 4712
824 4739
90 4589
463 4840
255 4572
496 4539
104 4534
437 4916
129 4621
128 4952
264 4935
477 4885
41 4579
305 4636
355 4789
342 4988
182 4628
216 4900
38 4537
451 4639
369 4936
42 4620
13 4886
424 4580
99 4983
436 4707
27 4532
143 4703
464 4751
106 4995
204 4784
477 4662
257 4783
175 4967
917 4854
62 4735
300 4587
1719 4471
426 2671
154 4708
184 4881
228 4705
215 4963
196 4789
3463 4003
477 4673
206 4920
333 4539
231 4896
105 4808
87 4852
390 4823
204 4904
194 4744
21 4702
17 4640
352 4826
360 4962
314 1211
235 4637
165 4875
701 4666
35 4588
27 4815
317 4634
1461 3402
311 4543
1818 3454
51 4537
195 4638
74 4623
190 4766
130 4525
108 4972
661 1737
415 4530
50 4696
1994 4710
76 4712
4091 4381
209 4873
826 4150
198 4865
327 4774
478 4806
294 4923
354 4974
3715 3812
102 4874
283 4810
219 4722
4236 4723
1080 4238
162 4622
208 4566
25 4958
435 4824
72 4568
401 4594
340 4596
172 4512
104 4646
308 4477
335 4791
468 4965
119 4562
1313 2412
148 4889
68 4800
412 4930
4623
683 4409
373 4534
3 4325
472 4118
115 4386
1285 3277
732 4506
471 1248
2173 2264
1521 3689
597 4137
725 4530
149 4453
179 3938
96 4204
47 2653
237 4207
2990 4330
474 4023
2703 2954
350 4186
382 4334
132 4003
44 4146
86 1283
786 4529
556 4515
547 4360
2329 3039
1777 3458
427 4434
268 4021
3156 3875
849 4507
487 4175
880 4038
360 3884
1085 4227
114 4472
91 4319
1168 3661
4286 4493
118 4395
272 4244
2386 3731
290 4382
298 4427
720 4285
332 4230
813 4165
320 3281
469 4043
408 3927
715 4068
79 2256
89 4315
285 2217
1348 2250
232 4090
184 4243
554 4214
543 4503
898 3903
314 4494
284 4331
527 4362
1232 3735
254 4198
640 3987
3968 4059
767 1470
344 4249
1324 3231
348 2706
894 4487
532 4175
221 4258
102 4220
1357 3455
775 4132
696 4174
134 3935
755 4318
462 3958
2204 3878
75 4078
631 4258
288 4200
661 1997
29 3883
1132 3239
2554 3777
30 4321
638 4036
47 4189
465 4041
802 4372
665 4461
1732 4133
1411 3324
1256 2928
860 4071
775 4229
636 3976
887 3901
239 4384
236 4294
110 3918
3183 3255
78 4367
62 3964
307 4362
830 4228
883 4139
800 4420
690 3348
787 3902
839 4155
609 4161
570 4200
894 4208
298 4143
725 4539
767 4377
249 3919
538 4405
419 2372
480 4035
885 4522
1356 3539
893 3892
791 1674
730 3979
262 4502
658 4055
25 4094
589 4230
537 4282
34 4248
792 4532
580 4330
358 1958
887 3985
1710 2162
446 4056
428 4223
367 4309
96 4052
163 4009
116 1856
240 4496
608 4306
1329 3185
171 4226
3155 3726
563 4384
915 3941
737 4118
302 4444
69 4419
368 428
265 4380
326 4090
456 4392
458 1430
398 4261
198 3903
250 4229
380 4191
862 4165
256 4315
777 801
832 4156
3323 3975
888 4288
105 1752
645 4531
810 3877
178 4005
365 3938
734 4018
649 4105
2685 3633
2461 4400
118 4169
853 3956
584 3988
243 3161
949 1488
587 4411
3324 3859
182 4202
727 3960
235 515
675 4005
64 4159
543 4049
72 4013
381 3911
2700 3083
224 4256
436 1076
368 3958
711 4221
42 4322
676 2714
188 4413
52 2717
331 4231
430 909
318 4274
297 3875
1177 3502
452 3939
497 4318
374 4048
622 4170
346 3907
285 4484
646 4329
988 2057
3234 4512
630 4490
676 4064
406 4055
445 3901
729 4187
677 4195
437 4229
4165 4199
1445 3227
145 2680
1157 3458
1623 3867
414 4369
168 938
938 2594
440 4313
2007 4338
120 4339
691 3961
1338 4103
486 3872
997 2568
903 3930
392 3557
906 4463
1223 2809
37 2180
445 4296
2431 2498
475 4260
726 4456
700 3939
70 4146
1509 4235
504 1694
2086 3339
2330 3921
268 4052
1302 3998
4 4535
234 4513
187 3968
868 3878
3300 4477
590 4121
1768 4215
70 4097
516 4052
252 4177
504 2109
438 4025
451 4497
437 4375
765 4006
27 4089
884 4130
258 4091
745 3888
309 4521
910 3214
423 4368
184 4039
85 4254
1861 2278
887 4029
866 3863
140 4104
551 3950
671 1949
1868 2589
886 4294
104 3675
227 4273
562 3468
269 4479
461 3925
157 4526
821 3939
209 4228
117 3951
146 4096
583 3880
3356 4154
270 4149
1946 2355
29 4110
155 4503
878 4479
562 890
343 4312
184 4057
444 3956
547 4318
36 4082
555 4311
40 3958
484 4088
106 4284
2010 2798
1479 3200
1267 1804
395 4493
490 3946
776 4332
460 3881
646 4471
670 4104
687 4377
1752 3897
318 4348
363 4073
718 4015
711 4290
505 4239
3418 3561
852 4116
704 3938
790 4260
864 4094
967 4210
261 3901
738 4116
568 4420
294 4292
403 4304
1853 3814
2345 4161
878 4451
1662 2716
438 4281
259 4194
83 3962
491 4210
685 1262
126 4152
624 4343
117 4397
100 880
261 4435
3108 3694
1761 3703
580 3864
95 4342
643 4226
477 4002
437 4373
244 3749
345 4317
3181 3230
824 4222
598 4347
50 4187
335 4147
492 4542
679 4480
699 4512
824 4262
363 3941
695 4323
819 2144
826 4524
326 4509
325 4234
297 4366
775 4092
629 4306
578 4192
724 4071
668 4098
863 4471
2179 2420
674 4249
759 4343
332 4411
126 4117
65 4480
419 4087
833 1073
1944 4282
422 4142
53 4085
139 4171
726 3851
268 2344
173 3891
105 4381
207 3901
108 4444
1781 2563
23 3895
381 4306
848 4418
917 3420
535 4541
789 4366
647 3866
58 4538
243 4333
1179 2989
131 4138
2116 2323
861 4526
2954 4203
730 4453
1874 1920
1691 1993
443 4127
252 3880
1180 2657
398 773
2771 3960
545 4197
217 3206
513 4313
514 4171
468 3628
497 4026
74 4207
311 4262
204 4420
257 4095
864 4519
805 4531
1837 3265
2448 4026
88 4405
281 4310
1437 4003
442 684
492 4374
281 3969
29 3895
787 4543
466 3999
1565 1681
805 4302
424 851
396 4116
142 4059
16 2814
81 4470
294 4438
87 4246
624 4083
844 3595
389 3968
3487 3833
579 4440
753 3546
269 3891
1126 3310
2605 3563
317 3964
1645 3418
3105 4142
361 4538
263 4034
156 4315
639 4124
242 3921
675 3958
3105 3900
1106 2746
477 3969
44 4155
227 4135
433 1171
165 4283
81 4069
1063 1332
260 4161
826 4393
639 4017
1747 1780
397 2546
852 4006
3547 4277
861 4248
809 2384
562 4125
117 3989
567 3901
3 4451
740 4513
902 2151
286 4072
130 4247
1723 4065
727 4489
130 4380
3317 4418
559 4329
143 3883
108 4360
243 4340
130 4401
648 1007
188 4110
611 3916
118 4158
533 3921
863 4456
76 3922
633 4097
199 4025
241 4092
356 4203
269 4078
1292 1555
842 4343
623 4015
2088 3039
84 2514
127 4163
33 4132
896 3951
250 3989
59 4456
839 4268
468 4277
1160 1342
499 4359
610 3861
438 2060
414 4418
893 4470
700 3865
337 1424
758 3949
270 4487
516 4084
25 4162
847 4360
2222 3110
235 4430
679 4489
65 3992
197 4250
151 2172
363 3979
767 4215
497 2480
294 3960
2876 3994
836 4540
426 4073
107 715
400 4295
586 4391
98 4521
1633 1707
134 4443
2785 3119
1186 3014
758 2509
532 698
857 4162
660 4206
3476 4401
795 4311
492 4162
590 4170
168 3925
9 4104
1373 1994
1302 3853
199 4112
467 4328
771 4413
833 4322
300 4309
673 4113
2385 2648
663 4205
816 4178
300 3920
547 4298
1120 4319
1733 3194
2956 3700
1706 4497
422 3944
861 4443
795 3937
557 4529
585 2289
2017 2126
2258 2711
824 4300
808 4016
783 3517
736 4027
591 4004
652 4029
2567 3956
712 4231
943 4186
747 4017
881 4043
733 4245
2479 3828
96 4104
2203 3696
824 4280
2565 3476
453 4401
182 838
440 4482
316 1948
778 4442
104 4138
856 4328
279 3885
583 4262
459 4519
443 4001
403 4273
47 4260
880 1997
536 4020
1534 2297
385 4045
12 4114
647 4537
127 4513
768 4086
837 3905
84 4120
21 3991
509 3908
2510 4343
619 3862
890 4086
650 4525
793 4105
1490 1594
521 4112
571 4232
49 4512
928 2380
61 4096
845 4309
718 2549
958 1024
893 4392
746 3864
2260 3020
325 4242
581 4359
891 4381
437 4170
380 3887
593 3984
72 4238
134 4494
231 4422
1668 2337
286 3865
632 4449
1142 1923
640 3879
825 4397
2226 3440
448 4309
835 3022
574 2496
610 4249
318 4422
440 4458
1002 3932
341 4065
576 4230
833 3208
3284 4388
1762 3692
271 4496
643 2913
810 3682
3064 3685
870 947
89 4515
74 4261
633 4313
922 1886
3335 4168
1810 4184
982 1007
744 3946
592 4216
541 1579
844 926
112 4263
66 3876
805 4407
1010 4120
308 3931
262 4367
743 4152
64 4500
4183 4369
648 4510
141 4415
605 3992
436 4214
1031 1553
77 4043
302 4162
742 4223
292 4111
682 3956
268 4318
547 4284
858 3993
510 4244
286 4224
130 4501
1965 4434
473 4505
506 4509
209 4516
556 1252
499 3908
3294 4069
123 3907
218 4172
113 3894
123 1643
166 4532
163 4168
569 4526
122 3337
300 4431
877 4488
460 3939
103 4230
126 3970
19 4240
255 4492
176 3872
210 4460
828 2780
320 4220
682 3886
197 4173
163 3969
396 4440
329 4226
491 4104
632 4336
287 4225
862 3924
1616 2406
799 4247
259 4309
769 4353
140 4067
2357 2913
353 4228
1868 2582
111 3887
718 3947
2301 2973
574 3910
148 4092
566 4137
586 4075
48 4172
75 4248
1871 3974
83 4079
818 4237
954 2949
1960 4032
323 4216
240 4504
398 4014
322 4347
21 4110
567 4201
353 4352
2845 4337
720 4510
1949 2219
770 4056
8 4266
779 4041
855 4069
779 2056
892 3152
291 4538
226 3963
311 3886
733 4434
480 3945
636 4203
819 4273
139 3943
640 3505
187 4066
401 1275
232 4106
1864 4161
145 4386
781 4005
266 3872
812 4013
723 4037
884 4371
235 4411
700 4156
283 4378
729 4092
535 2112
3214 3419
671 1168
553 4493
861 4248
536 4463
197 4473
1538 3356
585 4017
1592 1812
2269 3657
1327 3761
9 4486
2987 4214
903 4361
873 4430
749 4156
890 4216
260 4050
855 4047
347 4167
591 4197
2 4424
416 4379
552 695
634 4194
584 4008
57 1637
375 4087
2210 2378
632 4532
864 3939
95 4238
1172 2286
1260 2894
97 4037
208 4261
67 4362
135 4330
358 3863
873 4494
41 2840
43 4173
664 4330
829 4148
492 3867
2188 4487
1042 4127
504 4325
626 1028
194 4129
102 4453
254 3864
3044 4125
374 4176
638 4052
151 4522
769 3873
397 3981
256 4526
30 3922
460 4247
597 3896
340 2664
172 4500
564 4134
3724 4256
1059 1337
1771 4151
856 4368
628 4415
3801 4332
862 4299
326 4228
709 4064
117 4434
725 4136
759 1802
1775 2119
423 4351
421 4297
765 3955
98 967
836 3571
717 4134
88 4425
474 500
303 3933
403 4381
596 4328
773 4530
490 4425
270 4139
1348 3114
1778 2456
1468 2565
675 4473
689 4293
1080 3657
770 4353
870 4176
362 4435
616 4143
434 3963
530 3957
853 4489
797 4372
400 4007
582 4121
1253 3514
391 3947
29 3941
802 4342
1897 2124
576 4481
2250 2335
185 4495
113 1204
869 4481
854 4398
906 4017
503 3864
113 3378
41 4210
3 4025
327 1876
502 4179
673 4486
279 4253
477 4402
601 1215
800 4443
246 4345
786 4463
763 4187
646 4410
599 718
214 4366
1661 2177
1566 3007
1333 2081
1707 1853
180 4060
465 4048
759 4265
301 2904
1624 1830
858 4173
220 4214
71 4015
445 4303
438 3876
3769 3962
759 4195
402 4182
740 3924
681 3896
207 4213
844 4104
375 1551
288 4456
144 4510
535 4208
504 4506
694 4411
501 4435
391 4196
2941 2954
389 4502
44 4211
1299 2935
4344 4541
558 3111
724 4345
762 3867
834 3958
176 2492
256 4007
817 4311
536 3982
904 4514
321 4446
274 3864
601 4331
594 4308
3140 3894
654 4436
73 3933
1964 3013
172 4492
319 4161
2422 3213
595 2657
2913 3495
137 4209
49 2211
2091 3489
175 3904
604 4379
101 4147
301 1687
377 4428
2479 3477
274 4421
528 4183
4264 4424
409 4332
238 4166
78 3870
518 4531
524 4023
863 4061
311 3953
2619 2783
1592 4312
76 4232
552 4007
889 4269
493 3870
18 4169
907 3942
579 4310
416 4207
739 4333
345 3912
887 1467
735 3936
314 4129
54 4314
661 3887
95 2672
323 4393
204 3931
1725 3590
570 3936
620 3899
618 4540
867 4008
807 4390
866 4090
536 4148
160 3951
540 4380
611 2893
1507 1833
828 3983
185 4259
131 3997
818 1535
264 1172
194 4127
1768 4013
31 4385
1101 1734
509 4211
653 4213
322 3986
1167 3272
879 2263
2796 3108
2534 4106
1807 1843
165 3873
4190 4393
343 4448
451 4305
329 4445
271 4467
120 4221
98 4105
520 4178
452 4325
2961 3136
138 4262
819 3908
3306 3322
1036 4339
702 3911
503 4186
351 4072
610 4252
2999 3171
3232 3443
901 4109
202 4369
771 4196
703 4276
626 3410
1081 3455
758 4337
831 3877
1012 2023
596 4108
186 4078
203 4331
651 4100
130 4241
685 4062
428 3938
536 4528
612 3778
511 4426
403 4360
407 4409
631 3918
1363 2731
541 4163
263 4192
601 4174
491 4229
555 4257
464 2233
293 4363
750 3893
953 1705
242 4185
411 4513
281 4048
476 3981
898 4275
596 4501
670 3930
549 3915
812 4043
315 4190
144 4029
33 4238
300 4503
775 3902
521 4509
46 3919
848 4281
314 3983
3443 4426
486 1604
452 4454
1544 3971
430 4311
14 4001
1213 2933
393 3917
635 4207
434 1631
492 4081
1066 3112
239 4346
1608 2181
418 4492
462 2251
379 4129
407 4210
361 4002
2839 4132
248 4074
219 4241
233 4400
404 3998
2277 3511
562 4055
1165 1396
1181 3457
598 1671
231 4524
491 3938
90 3907
696 3902
255 4068
665 4334
27 4040
2889 4195
234 4348
5 4361
154 3993
340 1298
95 4232
740 4074
81 4200
2156 4378
573 4320
94 4251
461 3912
649 4014
505 4193
1631 4108
310 4043
440 4129
1864 2009
78 4071
841 4453
683 1095
98 3866
999 2524
1771 4412
3666 3771
763 4096
168 4224
38 3921
813 4154
2711 3971
97 736
117 893
788 4442
703 4153
818 4423
145 4345
61 4499
531 4433
1181 1310
379 4512
1680 1695
562 4007
2088 2252
1056 4268
306 4269
142 4330
1165 2559
414 4038
2521 4177
860 4334
281 4350
2342 2427
287 4526
451 4389
494 4375
96 4230
194 3973
75 3970
266 4526
693 3142
598 4327
500 4031
1630 3816
658 3995
293 4311
358 4315
1591 4396
1053 1476
122 4275
473 4217
344 3999
248 4179
7 4244
177 4357
6 4526
863 4250
579 4099
375 3924
2606 4462
753 3861
509 4195
627 4455
941 1189
436 4059
834 4416
620 4054
552 4301
804 4303
363 4164
151 4079
792 4442
312 4275
65 3970
676 4014
551 4138
64 4543
259 4199
94 4478
459 3947
354 4517
401 4332
143 3973
640 4404
1248 2647
1112 1488
659 3889
1141 2228
756 4518
491 4177
127 4504
861 4126
858 4449
161 4392
268 4110
981 3724
1278 2419
140 4275
699 4032
1417 1780
31 4449
356 3897
459 4275
64 4403
431 4370
198 3934
273 4071
452 4081
144 3936
498 4316
3110 3327
800 2414
70 4203
676 4495
253 4128
78 4359
762 4213
102 4467
84 1740
393 4364
7 4022
193 4244
905 3906
589 3924
900 4005
1179 3446
757 3936
904 3905
585 4129
1411 4380
384 4396
804 4204
830 3899
2147 3083
291 4390
355 4533
787 4408
195 4250
131 4047
831 4350
3780 4320
868 4423
105 4268
577 4321
464 4348
786 4511
668 4301
2949 3817
653 4422
943 3758
705 4116
214 4344
444 3954
540 4513
243 372
266 3901
590 4430
2628 2693
690 4383
768 4277
822 4385
330 4097
1091 3640
313 4499
2194 2470
80 4305
251 4000
123 4099
631 4267
321 4145
1851 3807
1089 2493
465 4441
469 4428
97 3990
557 4524
988 2846
734 4481
825 2974
879 4112
543 4350
679 3897
489 3964
841 1607
415 4039
181 4095
207 4522
580 4274
1102 1988
477 4011
10 4517
121 4082
830 4266
879 4034
929 4303
356 2923
361 3976
505 4120
204 4126
43 3972
1215 2489
678 3932
832 1091
853 4357
583 1770
120 4185
482 4096
311 3951
317 4471
112 4262
366 4070
732 4234
126 4264
435 3863
197 3995
546 3949
448 4364
567 4471
321 4002
824 4413
707 4378
1034 4304
1934 4447
383 4429
659 4374
2776 3254
614 4051
663 3872
773 4394
374 694
712 4300
2949 3845
565 4168
901 3286
78 1218
596 4493
838 4263
104 4138
498 4237
14 4143
154 4152
877 4493
1710 2762
2864 4175
1467 3183
903 4023
113 4142
380 3323
845 3863
3588 4155
779 4057
100 4129
598 3954
1776 4233
169 1979
159 3196
908 4035
206 276
1834 4037
183 1941
636 4360
907 4031
1173 3366
42 4205
150 4415
204 3902
776 4401
538 4042
3448 3973
96 4439
3076 3707
1329 3915
43 1902
1328 3672
840 4306
2884 4268
24 4439
681 4356
2 4078
703 4305
176 4211
855 4543
90 4427
114 3983
500 4178
692 4245
459 4175
1584 3808
281 3903
237 4151
122 1252
27 3680
525 4328
479 4418
666 3941
302 4152
761 3871
745 4251
31 4167
522 1771
228 4301
281 4509
592 4275
728 4430
2359 3057
2548 3763
540 3939
616 4420
705 4131
810 4278
378 4074
1057 3844
967 3219
328 4278
755 4178
2331 3949
1185 3213
537 4516
2003 2955
879 4311
818 3892
51 3786
2446 3842
502 3938
218 3893
123 4259
549 4388
861 880
876 4451
522 3382
230 4088
436 3889
549 4113
80 4416
692 4383
513 4486
551 4057
599 3916
654 4118
2254 4219
371 4480
559 3941
966 3602
437 976
1550 3361
873 3881
126 3912
1191 3832
2636 2845
382 3281
41 4196
426 3540
877 4310
177 4144
691 3891
768 3974
560 4162
813 4505
137 4149
342 4248
275 3986
181 3914
571 2550
3330 4371
564 4068
2558 4345
452 4140
532 4272
69 4016
437 3923
1558 3023
174 4401
361 3884
377 4383
417 4488
1291 2285
263 4054
344 4238
640 4541
309 4046
420 2174
192 4180
111 4451
347 3898
230 4064
45 1808
871 4209
2267 2590
476 4325
174 4167
860 4428
469 3673
204 4217
92 3209
66 4395
687 3938
122 2577
545 4448
1152 4440
44 4329
844 4206
306 4290
623 4269
739 3124
165 4220
22 4195
16 3946
664 4159
817 4327
655 4393
65 4538
2591 2645
357 4181
106 4077
219 4245
145 4275
223 4046
485 4370
3220 4083
1989 2823
756 4444
758 4079
545 2732
159 4040
792 4051
600 4397
768 4160
867 4022
2 993
886 4021
306 4050
736 4428
2558 3101
831 4183
429 4143
445 2541
227 4256
735 3911
227 4242
513 3914
625 4470
734 4101
699 4328
427 4399
66 3947
63 4492
749 4275
736 2910
587 3979
138 3887
250 3958
52 4177
131 4396
441 3937
322 4493
800 1132
87 4263
344 4373
225 4508
675 4175
10 4217
163 4490
222 4112
3447 4300
227 4422
272 4444
512 4428
649 4238
154 1647
904 4138
1446 3525
198 4166
1948 4309
1293 1734
939 1652
807 1813
209 4461
629 4096
391 3983
168 4303
933 3858
2211 4102
770 4109
54 4442
844 2561
844 3981
663 4153
404 4463
894 4174
113 4514
797 3880
550 4234
170 4014
124 4181
1286 2053
793 4532
880 3996
1845 3826
571 4049
868 3911
901 4345
588 2184
231 4102
850 4059
951 1891
371 503
454 4231
717 3897
973 4025
824 4414
647 4065
186 4145
154 4298
2181 3510
1678 2193
666 4156
884 4448
301 4118
216 4423
1864 4174
69 4228
1841 3828
71 4339
77 4279
254 3950
526 4098
509 4280
149 2618
822 4220
789 4349
220 4119
61 2788
754 4041
261 1226
793 3084
642 4217
3419 4416
537 4256
247 3930
612 4368
818 3895
534 4041
892 4220
411 4363
3181 3481
2161 2424
731 4061
3008 3282
384 2752
1606 3930
479 4272
47 1192
82 4299
832 4458
281 4119
137 3920
3318 3718
513 3961
401 4197
3043 3269
701 4260
600 4422
760 4289
1626 3934
896 1260
180 4182
298 4313
643 4536
1622 2373
828 4028
485 3889
2517 2895
597 4178
546 4146
182 3988
291 4072
194 4338
700 4353
2056 4486
865 4059
546 4520
698 1445
753 1326
1773 2983
1869 4389
580 3579
597 3875
42 4070
605 4102
98 4126
293 3894
905 4519
288 588
150 4407
227 4058
101 3915
216 4423
1060 4099
3386 3743
271 4144
1387 3392
878 4374
555 3938
71 2291
766 4128
532 4217
537 4438
42 4106
374 4419
171 3998
40 3951
133 4455
2187 2259
86 4273
371 4279
752 3996
666 4532
62 4506
54 4117
343 4453
2980 3288
46 3931
452 4343
236 4213
147 3902
3753 3854
662 1723
871 3973
189 3955
534 4134
1762 3963
721 4350
114 4342
235 4167
300 4338
2754 3000
453 4324
435 4340
2920 3246
434 4479
765 4215
2404 2685
755 4419
212 4531
2532 3545
674 4022
510 3959
422 4087
851 4251
828 4212
1107 3709
793 3980
807 4498
445 1812
574 4355
443 2772
724 3882
1970 2272
3937 4465
832 1653
462 2722
583 4431
1517 3314
529 4323
452 1502
3663 4140
710 4424
2 4015
115 4325
2300 2502
63 1864
150 4405
801 4226
408 3956
3827 3911
297 4542
506 4044
13 4391
2339 4341
898 4008
1035 4297
303 3234
105 4103
736 4367
716 4186
529 4486
247 2277
586 3870
633 4018
246 4069
93 3449
2396 2759
463 2659
2022 2138
515 4272
82 4107
1677 2413
459 3889
2665 4259
830 4193
836 4320
2726 3215
672 4542
629 4342
434 4087
379 1183
748 1786
626 4120
12 4033
452 4349
4 4268
718 4435
701 4334
202 3935
508 4172
701 4175
409 4072
388 4333
799 4253
382 4283
374 4440
71 4443
539 4450
1801 2837
855 3968
868 4370
428 912
466 4131
450 3922
1371 4342
465 4271
1789 2405
1569 4002
756 4403
796 4106
299 4113
931 3051
649 4023
348 4390
861 4434
810 4407
709 4239
1259 2820
718 1202
3691 3748
72 4178
330 4353
28 4084
4149 4405
2150 3667
113 4006
409 4539
235 4238
2559 3315
584 4031
3469 4216
682 4108
369 3882
397 4363
507 3051
641 3877
277 938
14 4101
396 4206
206 4231
811 3986
57 2960
843 4452
688 3937
44 1212
419 4292
280 4354
891 4195
2891 2937
950 2745
609 4321
388 4275
558 4532
88 4148
493 4063
199 4482
809 4402
184 4188
208 4350
1697 2811
753 3914
348 4283
148 4214
101 4113
283 4507
375 4188
923 2571
6 4452
2039 2404
820 3921
1242 1656
321 4431
821 4364
2486 4372
261 4105
823 4275
546 4135
887 4509
694 4179
246 4029
411 3903
1718 2028
127 4492
749 4490
321 4170
705 2183
3941 3959
3443 4453
606 4181
3419 3578
683 4035
985 4218
282 4016
969 1350
542 4538
459 4255
2148 4291
2712 4335
561 4343
500 4330
2331 3116
38 4114
25 4140
202 1152
23 4159
756 3987
247 259
2743 3196
260 4229
60 4193
2 4483
446 4255
313 4005
865 4007
2457 3670
301 4167
1180 3806
4306 4452
364 3850
1369 2384
484 3948
846 4013
211 4126
71 1438
3056 4122
389 4138
2669 3850
140 4078
444 4178
1304 2083
84 4463
238 4162
387 3986
364 4026
47 4418
751 3961
141 4536
3698 4186
4086 4534
23 4374
591 4536
150 4282
638 3722
879 3940
1680 1763
1216 3442
132 4487
985 3762
90 4035
828 4513
873 3947
76 4082
368 4232
637 4081
372 4090
1350 3055
278 4031
363 4158
672 4246
109 4420
989 1193
3890 4297
648 4330
502 4055
154 4151
772 3922
1159 2606
367 4235
625 4517
337 4340
291 4228
136 3944
816 4440
759 4244
558 3972
380 2880
465 1873
1167 3772
84 4459
1115 2022
580 4488
228 3932
337 3703
536 4160
27 4120
880 4465
348 4449
735 2395
120 4091
418 1499
885 4045
416 4215
15 4468
83 4247
269 4480
829 4413
200 3916
1922 2397
3039 3564
122 3991
3209 3707
186 4534
81 4267
656 4169
401 4506
2156 2192
793 4148
375 4241
10 3985
563 4334
517 1768
476 4153
305 4376
837 3873
428 3893
54 4111
520 4123
896 4254
659 4051
709 3889
387 4054
588 4447
124 3849
478 4476
1088 2608
595 4078
43 4030
525 4513
501 4189
458 3874
766 4202
313 3938
1213 2879
905 4295
465 3829
543 4039
166 4331
214 4315
672 4145
340 4429
787 4008
136 3887
402 3576
327 3138
830 4408
178 4159
418 4380
1583 2064
341 4278
450 4017
520 4518
31 4451
339 4337
96 4242
1913 3805
3311 3798
374 4099
2339 2949
1441 1573
3179 3186
351 4404
823 4123
451 4346
134 3904
864 4152
4131 4328
386 4466
621 4118
330 4224
682 4061
879 4279
366 3895
565 4012
25 4184
808 4283
2299 2661
658 3905
438 3872
581 4285
905 4078
168 1052
306 2512
164 4179
589 4272
148 4415
842 4201
597 3878
374 2253
1044 1305
813 3091
350 4443
733 4056
684 3999
378 3918
2872 3720
2757 4049
311 4413
378 4076
458 4270
372 3938
563 4179
620 4351
1579 3266
397 3929
904 4415
897 3977
866 4169
436 4278
3514 3949
338 4357
352 4050
511 4078
1880 4101
1673 3281
1729 4498
748 4404
600 4447
208 3892
8 3888
2587 4239
426 3989
344 4175
602 4462
636 4144
852 4048
133 1885
1289 3494
268 4374
2976 3701
274 4358
284 4341
964 2929
229 3909
1940 3864
670 4149
163 4270
1010 2332
347 4243
395 4426
488 4387
147 4017
89 4492
397 4466
542 3939
5 4366
638 4444
834 4221
3507 4522
240 3952
3230 3670
527 4357
163 252
537 4133
753 3867
217 4152
2787 3401
131 4462
850 4409
623 3894
650 4334
288 4437
727 3938
717 4161
2097 3375
286 4283
118 4244
2 4224
781 4410
652 3881
1450 4085
664 3832
339 4370
799 2175
138 1365
642 3902
72 4355
3229 4376
198 4269
357 4347
509 4185
769 3979
499 4058
810 4049
353 4051
152 4293
298 4288
654 4102
162 3945
17 4136
523 4164
313 4111
1466 1819
817 4206
672 4428
569 4229
603 4495
872 4048
647 4119
155 4190
298 4090
721 4154
146 4088
191 4149
313 4147
1227 2685
875 4512
383 3878
3921 3977
31 3890
761 4208
711 4089
468 3871
189 3538
822 4392
835 4340
456 4151
3771 4266
252 4467
549 4374
192 4187
85 4232
430 4040
714 3902
519 4524
592 4342
1216 2997
497 4030
592 4364
225 4487
926 3713
317 4342
522 4410
3363 4507
561 4123
1962 3465
333 3978
802 3931
3519 4429
341 3218
2481 4414
553 4385
868 4356
2913 4063
506 4214
639 4487
202 4015
3338 3636
1117 2710
94 4334
54 3899
534 4438
327 4282
498 4321
639 4200
302 4219
4225 4260
508 3416
2153 2571
501 4077
25 4505
4 4448
104 4348
746 3923
222 3968
606 4483
253 4194
347 4495
307 4363
118 1792
274 4406
203 4530
58 2215
1806 3308
844 3320
1345 4402
321 4395
212 4492
389 4265
431 4327
429 3995
388 3962
993 4494
236 4123
703 4193
13 4091
763 4184
442 3976
903 3879
836 4238
281 4019
9 4168
803 4334
378 4223
395 4120
125 4022
538 4000
2438 2560
738 4038
802 4277
1148 3905
313 4285
417 4011
1308 4372
312 3956
253 4058
648 4522
884 4036
771 4366
301 4293
573 3997
3609 4120
287 4169
1196 3447
581 4434
194 4360
1031 2497
157 4454
267 4080
1611 2963
3295 4217
82 4541
506 964
578 4236
293 4490
629 4503
608 4409
764 4050
548 3874
409 4009
2154 2175
2592 3027
671 4449
387 4008
411 3893
105 4252
421 4196
1391 2844
23 4421
128 3162
635 3884
2 4145
3400 4343
503 3946
610 4376
711 4404
459 4232
50 1111
504 4495
666 843
333 4398
175 4283
141 3991
1556 4319
336 4487
872 3890
465 3939
11 3882
604 4063
37 4224
96 4306
678 4224
835 4520
419 795
603 4064
127 3757
3308 3400
519 3868
60 4210
33 4363
610 1394
348 3886
146 4414
352 4273
921 4012
416 4481
1115 2687
785 3999
1022 3137
5 3972
575 4532
3689 4497
814 4503
318 4208
363 4144
443 4012
11 4011
468 4115
674 2235
744 4542
598 1276
636 4049
665 4409
73 4136
532 4208
3723 4167
27 3868
283 4312
613 4161
812 4322
685 4058
1091 1877
771 4330
805 1948
450 4498
327 4330
321 4466
481 4073
3200 4109
2130 3808
853 4278
38 4383
100 4219
1524 4280
2858 2951
240 3934
62 4072
2061 2865
712 3909
450 4371
759 4491
1189 4348
1093 3376
646 4145
104 4224
196 3864
888 3990
401 4025
1492 3006
900 3965
752 4384
930 934
1961 4085
385 3915
507 4187
381 4305
762 1896
3627 3855
818 4325
118 4178
1574 3703
886 3990
1898 2497
394 4345
3131 4166
435 4389
86 4072
582 4052
51 4376
484 549
1383 3096
121 2099
3324 3649
448 3933
928 2586
276 4080
449 4135
147 4140
769 4393
1198 1239
628 4024
3434 3545
2668 3136
726 3990
301 4271
246 4228
2414 2710
60 3974
288 4136
830 4360
3002 3612
21 4158
248 4287
359 4321
3038 3119
709 4510
258 4505
507 3944
768 4104
259 4090
549 4284
2843 3635
144 4221
163 3998
709 2078
2385 4093
2144 3364
146 4282
846 4494
302 4410
70 439
806 2118
744 4234
122 4108
30 4365
55 3996
1990 3153
2087 3899
228 3977
890 4017
150 4210
165 3919
546 4397
606 3979
388 1136
458 4059
39 4048
746 4480
475 4483
824 4517
707 3998
1048 3286
746 4307
378 4343
219 4526
367 4133
963 1862
210 659
224 3919
1019 1280
108 3947
262 4539
347 4411
2171 4013
1185 1655
1015 1558
893 3150
3411 3625
792 4056
735 3919
797 4471
1869 4484
583 4399
828 1333
1152 2705
367 4083
292 4167
993 1095
1129 2414
531 4493
1175 2851
238 3886
465 4286
378 4130
316 3995
2599 3990
87 4243
814 4054
2812 3658
862 4301
609 4004
152 4425
729 3735
98 4530
653 4445
371 3971
733 4061
690 3525
675 4082
475 2536
1384 3473
3474 4291
1652 1761
2718 4277
3923 3953
334 4018
2616 4242
827 4092
399 4481
910 4011
244 4452
403 4195
207 4395
8 4390
214 4309
7 4234
17 4316
63 4311
668 4509
20 4383
827 4505
2612 3221
1314 2009
3663 4051
734 4420
218 4163
3390 4266
1576 4057
10 4122
359 4496
1212 2376
696 4237
101 807
560 4409
315 4034
851 4228
2786 2912
269 4519
142 4149
343 4476
2591 3269
203 4307
103 1057
752 4534
808 4429
593 4152
458 4532
228 4083
2818 4529
351 4086
2448 2999
211 3917
293 3952
174 3926
840 4435
1341 3148
239 4385
297 4473
4160 4258
800 4469
487 4445
670 4284
435 4339
820 4221
852 1497
1837 3033
436 4356
155 4272
898 4264
524 4315
395 4314
370 4307
501 4318
1901 3513
426 4203
301 4022
2176 3496
769 1232
1544 2359
1093 4348
80 880
589 4065
2642 3605
252 4270
2036 4420
71 4350
89 3987
272 3885
815 4361
354 3954
2209 3692
102 4492
1372 4531
55 4385
221 3865
352 4369
599 4065
2305 3814
874 4372
1835 4428
350 4535
846 4257
861 4531
173 4156
63 3979
3297 4194
384 4356
488 3930
409 4282
3327 4468
4135 4374
437 4343
596 4267
85 4267
484 4349
614 4151
32 4301
904 1268
509 4193
723 4096
741 2305
1812 2415
515 4438
239 4064
604 3880
3081 4392
686 4317
92 4382
4145 4331
670 3866
19 4531
342 4338
617 3911
236 4502
2787 4207
2023 2044
3309 4329
588 4121
781 4211
742 3985
774 4427
807 4412
22 4335
766 4483
482 4452
326 3978
169 4473
141 4346
132 4520
3216 4085
110 4449
531 4523
896 3985
1399 2249
426 4251
597 1572
417 3867
586 4458
445 4345
706 4452
877 4310
1263 1510
706 4401
318 4538
2561 3490
327 4205
825 3890
744 4519
144 4387
196 4247
96 4024
1319 1680
858 3911
668 4195
423 4381
724 4266
130 4502
1035 1593
133 4065
179 4531
687 4236
220 4388
1498 2194
803 4045
793 4348
1283 3376
471 4283
551 4178
110 3998
8 4469
475 3974
282 3998
391 3972
99 4401
423 4459
1 4317
560 4096
1451 4481
1720 2223
4374 4397
714 4260
1537 1899
2 4535
190 3059
817 2666
256 2163
754 4516
907 4292
1544 4511
1234 2218
327 4461
2786 3108
502 4009
809 4326
659 3925
334 4222
578 4396
4 4228
150 3926
327 4211
753 4356
180 4060
237 4196
631 4189
1486 2942
105 3872
58 3005
2994 3332
43 4486
719 4413
730 4024
714 4242
1975 2920
2167 2577
1992 3541
374 4362
652 4358
122 3941
262 4365
667 1392
2617 2737
608 4014
143 4143
301 4343
423 4246
1173 3146
121 4018
3490 3611
873 4451
623 4022
744 4071
165 4003
698 4214
393 3993
789 4079
144 4449
2040 4278
1779 1781
319 4481
1265 3857
586 4061
419 4108
864 4504
615 4303
394 4036
2132 3242
357 4301
1851 4049
854 4094
885 4454
953 3649
103 4438
814 4092
4307 4542
535 4183
510 4241
142 504
1973 3736
52 4487
700 4001
148 4391
579 4451
619 2985
861 4199
127 4211
378 4377
813 4276
502 4155
2125 4098
1199 2760
401 4451
575 4272
434 3967
891 4537
2134 3678
1920 3202
197 4213
58 4493
1542 1545
442 4351
579 3932
336 4222
512 3987
178 4086
29 4444
441 4391
231 1188
272 4041
1194 2902
25 4401
757 4376
568 4498
892 4307
824 838
805 4085
2748 2757
514 4103
143 4163
117 4047
411 3923
357 933
2882 4420
43 1567
800 3937
466 4414
700 4402
4 4406
1562 1819
953 3415
718 4440
197 4475
829 4302
2435 4490
1875 3196
580 4354
414 4349
1761 3556
990 3369
995 4487
530 4480
603 3907
784 2060
24 4023
644 4091
320 4115
255 1844
152 4040
520 4237
188 4066
257 4040
211 3981
800 3892
109 4251
66 4384
85 4119
488 2101
508 4246
424 4337
544 3998
1262 2349
160 3971
2300 3273
834 4311
186 4023
640 1457
388 3927
231 3958
2089 3762
335 4221
1909 2109
4 4024
1831 4315
655 4428
658 4012
272 4340
409 4099
84 3916
22 4141
83 4106
179 4212
411 3994
437 4164
71 3464
757 4259
2855 4317
2668 4426
445 3945
1958 1989
417 4334
163 4407
233 4277
531 1931
525 4222
508 3910
852 4271
2367 2696
546 4414
493 4514
2245 3694
1319 2975
267 3931
497 4527
186 4353
787 4144
162 4440
467 3950
757 4063
2069 2597
796 4151
2119 3100
1371 1610
834 4297
1235 2605
176 3897
244 4381
672 4128
621 3836
2869 3342
228 3951
379 3992
857 4374
326 4442
218 4539
803 3863
464 643
1639 3164
213 573
861 4495
2581 4521
22 4035
3255 4008
617 4124
580 4369
3151 4437
1177 1853
417 3867
807 4064
279 1680
743 4242
2886 3912
2830 4264
268 1752
461 3931
792 4014
386 3893
48 4148
748 4154
843 4514
1788 2508
290 3878
101 4423
126 3973
1219 2797
177 4374
733 1939
2084 4347
66 660
660 3753
622 1837
512 4242
260 4416
49 1667
8 4238
251 4151
635 2314
1434 3333
510 4472
4031 4125
23 4424
363 4180
666 3406
330 3984
275 4421
1997 3829
1950 2422
773 4501
470 4343
1344 1586
401 4095
1525 2174
404 2909
1229 1693
799 3985
606 4143
1247 4026
465 4347
2694 2982
598 4123
248 4501
278 4130
358 3995
447 4537
391 4283
638 4104
614 4464
2947 4085
2258 2643
1779 3974
517 4418
627 1003
524 4307
3693 4280
762 4286
812 4462
87 4267
3285 4062
144 4190
853 4479
468 4357
198 4302
493 4307
606 3951
1665 3120
814 4277
219 4337
386 4100
925 4335
629 4112
362 3936
224 1309
642 1887
380 4433
754 4271
900 3979
327 4099
256 4178
624 4141
75 4336
3654 4213
427 4512
853 4065
2951 4324
996 1430
751 3986
36 2406
848 4147
456 3995
581 2963
395 4437
135 3975
559 4477
2143 3106
69 1514
436 4272
1299 3392
678 2745
458 4105
736 3978
112 4380
316 4367
484 4062
398 4296
169 3960
291 4421
249 1785
1446 3289
125 3876
261 4032
2096 2368
652 4145
209 4139
789 3985
242 4002
303 4054
298 4245
257 4458
335 4237
721 4150
553 4052
545 4192
869 3670
274 4161
589 4156
30 4179
392 4139
308 4330
1616 1728
2550 2927
1046 4367
405 4504
412 2698
2527 4175
994 1180
3103 4250
500 2192
263 3560
485 4288
819 4367
1227 2731
718 4223
148 3760
489 4293
1561 1982
537 3861
707 4525
53 4365
722 4061
304 4301
216 3437
814 4237
275 3943
866 4104
447 4430
348 4494
54 3905
395 3928
146 4356
582 4431
226 3978
256 4095
349 4090
3526 3762
537 4004
689 792
87 4259
503 4332
691 3959
1430 3267
10 4175
2713 3376
1396 2671
602 3908
348 3907
1244 3252
807 4105
1207 4188
304 3980
2549 3058
859 4345
2795 3252
447 4334
766 4196
1214 3125
197 4013
42 4134
82 4287
155 4130
137 3909
497 3969
755 4382
315 4348
739 4439
1343 3734
41 4048
16 4507
352 4088
181 4245
904 4510
450 3990
450 4215
3177 4407
3190 4232
738 4492
352 4354
906 4516
762 4272
139 4305
572 4442
716 4462
708 4474
719 2582
813 4398
836 1843
178 4372
252 4459
299 3917
2438 3846
210 4394
1185 3470
850 4294
790 3880
457 4181
402 3946
2184 3371
823 4070
671 4487
780 4403
803 4021
221 4174
152 4234
320 4320
462 4230
853 4528
888 2156
253 4072
3605 3816
414 3885
657 3917
64 4133
44 4244
815 4327
353 4005
341 4486
566 3951
826 4080
1145 2320
13 4182
307 4427
24 3992
526 4378
711 4032
1503 4314
716 3959
634 4027
883 4149
161 4357
238 4319
467 4204
329 4532
357 4226
176 4480
544 3134
404 4342
604 4307
412 4371
2307 3516
45 4510
558 4380
120 4076
775 3994
182 4156
339 3164
240 4432
710 4525
745 4191
1479 4240
3568 4328
893 4492
301 3960
831 4250
2026 3136
709 4491
1882 3030
227 1659
718 4205
151 4435
3511 3607
737 2466
839 4247
2265 2429
587 4370
903 4095
1888 2146
525 4540
1348 2165
698 2473
628 4304
1401 2173
819 4340
104 1355
465 4408
176 4508
726 4540
757 2640
406 3886
2801 4321
388 4251
829 4138
633 4452
524 4495
290 4439
66 4233
378 3887
737 4400
137 3875
378 4276
677 4251
372 4067
2261 4062
379 3929
246 3975
777 3308
335 4068
1476 2739
3985 4247
2552 4060
2718 3548
715 4522
747 2931
41 570
232 4367
2637 3092
587 3934
82 4216
9 670
3280 3930
1597 2270
248 4119
440 4261
317 3993
102 4498
367 4054
98 4361
669 4032
623 4351
997 3349
477 4435
377 3912
123 4340
3217 4350
556 4327
301 4427
596 4502
192 4215
53 4135
388 4237
807 4154
707 4440
661 4309
781 4431
1644 2999
879 4044
81 4225
628 3434
610 3983
31 4075
803 4159
780 4072
475 4221
327 4126
724 1683
516 4146
287 2952
38 4222
1935 2703
642 1262
719 4333
730 4262
536 4266
236 4039
867 3465
796 4071
143 4227
2526 4506
4024 4182
159 4307
269 4089
533 4322
866 3935
322 4396
152 4040
1986 2835
404 2015
149 4338
50 4013
2394 3319
3432 4061
948 1324
377 4442
255 4426
39 1876
860 3510
779 4516
506 3902
1551 2874
705 3874
562 4388
686 4536
388 3852
396 4044
332 4523
174 4368
2316 3180
1813 4284
3311 3909
453 4269
175 4316
592 4006
1931 2492
770 3994
579 3940
639 4524
835 4204
534 4256
760 4381
509 4231
828 4344
479 1418
584 4423
142 3969
387 2251
392 3927
409 4195
2085 2282
731 3390
3166 4525
826 4123
162 4382
382 4245
693 4015
189 828
1449 3350
867 3677
697 4214
482 4343
849 3905
521 4467
17 3907
521 3237
2845 3142
624 4018
963 3538
1841 4396
2167 3124
1263 2615
120 4084
882 4006
285 4539
634 2290
3468 4277
361 4429
196 4180
912 3125
3103 4318
870 4247
695 4064
736 4215
777 4208
3489 3887
140 4368
427 3984
2557 4360
433 4518
1280 3164
723 3907
471 4382
368 4511
597 4067
829 4061
258 4262
197 4240
413 3958
241 3960
1694 3374
347 3916
153 2197
1869 4265
3339 3762
2041 3144
547 4293
590 3986
799 4438
818 3967
717 4170
541 4322
420 4248
382 4049
39 4129
637 3958
3708 4285
332 2279
1549 3347
458 4487
368 4000
115 3863
235 4068
2017 2666
352 3993
611 2847
633 3970
1039 1412
547 3903
153 3132
763 4374
4 4059
121 4230
2408 3843
771 2568
2651 3058
2726 3887
133 4019
340 4106
689 4054
1928 4275
1930 3602
213 4323
1479 3320
626 4046
272 4537
582 4351
884 4162
235 1303
21 4134
607 2271
464 4178
4204 4402
666 4361
578 4533
774 3896
783 4003
379 4082
1062 3089
615 1215
2 620
226 1251
493 4405
813 4264
854 3966
2779 3776
503 4256
111 4370
1070 2317
2823 3313
220 3894
2161 4025
151 4429
757 4211
1224 1237
618 3932
2213 3139
369 4076
523 4166
639 4268
175 4480
745 4082
1234 1363
1762 2335
406 3917
1488 3719
367 4378
680 4422
37 4234
873 983
80 3905
3280 3725
1179 3108
1138 1510
576 2322
17 3871
2629 2967
971 3436
1305 3244
346 4114
835 4396
845 949
1968 2586
822 4390
696 4481
871 1639
522 4231
382 2461
1917 4049
40 4124
523 4352
155 4364
566 3893
2217 2709
572 3959
751 4388
1223 4014
592 4321
2736 2741
186 3429
46 4051
2469 2917
730 3913
289 4211
583 3946
25 2061
55 4022
51 4446
2694 3246
633 4151
268 3864
803 4413
391 4214
2718 3691
50 4383
166 4453
115 4338
113 4288
356 4241
2043 2291
2374 2881
590 4520
451 4053
326 3960
3665 4294
616 4035
26 406
513 4402
29 4247
30 4348
632 4266
384 2141
2909 3584
707 4520
1064 3139
4264 4394
2014 4191
211 3913
340 4371
1858 3750
71 4033
161 3984
1255 2760
789 4532
259 4187
39 4157
306 4169
437 4037
1497 4238
593 2285
532 4473
3340 3857
455 4319
590 4118
1729 2140
508 4104
536 4221
426 4158
3748 4392
1802 4355
1886 4402
604 4059
2433 4247
220 4042
820 4162
853 4353
58 4513
15 4149
395 4065
486 4121
107 3983
1707 3930
738 4428
189 3250
786 4421
84 4205
875 4079
164 4318
2285 3700
749 2281
413 4001
350 3974
112 4444
286 4449
91 3912
903 4351
1144 1574
576 4401
636 3987
773 4157
161 4225
870 4287
536 4063
338 4479
259 4319
3419 4291
283 4273
1268 2285
590 4000
695 4105
47 3732
802 4146
372 3989
174 4432
934 4010
1622 1896
1755 2756
436 4304
673 4037
261 3837
321 4176
807 974
783 2376
719 4524
890 4220
354 4471
209 1192
219 3933
1035 3717
249 3935
79 4078
519 4157
677 4135
403 845
461 4118
605 2252
449 1904
465 4157
660 4165
471 3911
880 4355
898 4496
479 4397
620 3957
2028 2506
513 4528
749 3951
435 4527
790 4294
771 2426
39 4073
658 3923
649 4140
514 3657
778 3965
2634 3740
441 4351
299 3911
433 3191
867 4264
560 4216
412 4156
660 4317
149 3987
22 4484
567 4165
115 4244
732 3907
2047 2498
4185 4358
745 4005
561 4447
665 4365
1218 1794
3775 4097
449 4353
177 4298
287 3992
330 4264
281 3956
462 4048
252 3973
137 3971
514 4270
503 3875
272 4360
60 4014
158 4416
601 4004
545 4257
488 4081
520 4484
334 4006
1227 1726
466 4152
43 4266
661 4510
239 4254
461 4147
1119 1962
556 4386
1083 2757
3178 3440
37 4369
23 3932
532 3762
684 4241
857 4517
336 4495
2309 4391
784 4181
299 4499
64 4456
553 4296
401 3939
153 4514
345 3296
131 4474
416 3478
3074 3805
440 4474
229 4495
19 4005
3 482
2251 2649
89 4001
859 4112
493 3329
522 4120
677 4518
99 216
553 3407
2132 4188
335 3976
2184 4158
847 4434
1738 3283
3067 3406
2675 4116
381 4066
533 4200
64 4100
478 3931
87 4132
1099 3251
797 4270
3368 4344
636 4515
164 4274
402 739
311 4357
311 3998
677 4147
81 3862
561 4527
544 4467
22 3910
1445 1918
335 4362
1653 2887
272 4080
237 3956
278 4321
75 4004
332 4062
179 4023
472 3935
569 4139
42 4079
1603 2783
839 4172
158 4022
223 4224
585 4334
553 3168
594 4001
551 4470
468 4542
824 4094
560 1109
685 4191
181 4076
41 4513
507 4213
2474 2631
68 4256
1409 2073
894 4444
378 392
3646 3813
783 4474
276 2657
699 4095
142 3933
336 3959
1314 1735
2344 3663
488 4263
5 4244
625 3986
409 4534
43 4319
229 4352
654 4293
132 4197
18 281
766 4507
2679 3532
1235 2710
170 2520
233 4540
3455 4514
438 1010
520 4127
253 3884
1344 3957
303 3864
1191 1598
2691 3843
130 4345
828 3866
798 2003
533 4200
890 4434
263 4207
30 3886
1728 3180
78 4155
641 3990
8 3314
686 4035
728 4398
672 1458
460 4201
776 4231
754 4349
107 4055
594 3963
143 4094
36 4459
471 3921
2449 3903
584 3898
422 4285
219 3967
3041 3367
450 4059
169 4422
186 3191
1068 3017
173 4230
173 4247
858 3872
712 4444
660 4141
300 4343
1837 2294
471 4484
1074 2778
461 4032
250 4361
29 3954
842 4450
531 4310
96 4140
300 3864
51 4529
76 4416
3339 3786
484 4483
907 4304
188 4298
638 4493
244 4460
708 4144
2722 4114
573 3999
2413 4425
589 4188
906 4474
222 4057
789 4210
172 1078
58 884
199 4415
713 3870
370 3848
3974 4082
633 4243
199 4309
440 2478
612 815
481 4530
1783 4095
98 4068
401 4336
137 2524
628 4118
459 4281
41 3869
2511 3778
4043 4168
684 3929
17 4188
422 4139
703 4212
377 4378
497 4174
512 4149
744 4436
131 4414
907 4489
3540 3781
156 4322
500 4225
625 3760
283 4098
633 3967
908 4259
304 4334
904 3991
149 3919
288 4426
459 3937
714 4172
926 3068
51 4364
733 4231
550 3943
328 4242
838 3970
866 3960
161 4407
283 4491
1469 1812
762 3961
3372 4281
74 3560
358 4076
829 4166
744 4090
729 4316
371 3951
2836 3001
112 4011
149 4110
498 4101
607 4270
654 4371
1173 2822
1741 2127
576 4270
36 3861
1133 3265
1938 2942
610 4422
2636 2951
1888 2245
1720 2261
329 3998
1411 1691
4285 4351
1076 3176
3762 4001
352 4333
788 4114
449 4013
809 4438
628 4044
537 4464
2980 4146
483 1406
589 1920
509 3898
358 4220
2610 3160
702 4017
639 3939
778 4234
748 1644
626 3977
7 3925
2274 3391
1367 3522
730 3865
272 4185
675 4440
906 3539
226 3947
409 3999
309 4446
401 4029
1697 3730
804 1884
1869 3694
952 2158
783 4296
223 3952
230 3617
2356 3526
1781 3052
3416 3874
1469 1561
208 4299
684 4164
548 3386
206 4353
186 4431
400 4362
43 4227
296 4249
1156 2861
879 3984
877 3954
340 3915
2498 3963
677 4536
483 4354
763 4494
2328 2866
478 4463
371 1544
386 4095
685 3998
713 4159
510 4287
301 3877
86 169
573 1041
3750 3908
805 4417
860 3927
402 4542
501 1522
788 3929
375 4542
7 3935
820 4419
1926 2588
164 3899
2941 3739
798 3875
908 3932
854 4011
483 4531
227 4423
572 4474
234 4003
2037 2333
835 4009
366 882
582 3875
218 3967
733 4252
228 4237
634 4244
54 4526
2709 3740
1188 1671
391 4195
381 4411
93 4186
1457 1911
191 4506
708 4151
707 4022
544 4480
287 4368
300 4089
801 4323
433 4008
724 4484
354 4089
381 3919
89 3969
865 4493
543 3669
213 3910
841 4516
777 4374
9 3967
866 4052
3852 4132
164 4543
423 4245
404 4237
752 4390
774 831
167 4451
901 3893
3461 3957
690 2159
3328 4055
3442 3478
348 4205
329 4007
716 4152
736 4502
1774 4291
762 4214
1614 2436
323 4090
540 4375
882 4498
459 4254
235 4472
495 4194
515 4254
1735 2448
872 4404
547 4387
838 4241
2578 3390
1226 1579
1680 2312
827 4365
884 4312
497 3973
2462 2721
3053 3650
347 4043
2408 3313
208 1527
676 4078
747 4349
766 4039
630 4162
663 4312
552 4100
451 3930
259 4517
476 4040
383 4279
3459 3537
905 4453
55 4295
882 4488
290 4164
30 4425
145 4038
3437 3602
339 4311
212 4398
474 4190
497 4091
1057 1253
269 4119
3342 3753
200 3914
330 4454
856 4075
344 4039
145 3872
471 4495
803 4195
206 4468
331 4397
298 4040
279 4464
629 4530
525 4257
1725 2245
551 3934
118 3922
1231 2072
742 4129
627 1704
472 4463
1520 1546
323 4219
407 4038
148 4083
576 3895
290 4388
448 4511
59 4417
733 4460
527 4501
164 4520
745 3926
632 4368
150 4325
327 4035
91 4110
857 4298
299 4042
637 3911
271 4270
2112 4411
866 3908
95 4110
2858 4369
811 4017
659 4093
692 4148
332 3892
1548 4252
1 4158
588 3417
869 4058
737 4504
160 4223
2337 3588
526 4447
358 4446
6 3931
523 4157
518 4189
27 3930
836 3982
829 4153
737 3991
711 3993
694 947
635 4037
943 2243
718 4200
894 4474
1089 1784
334 4036
464 4039
772 4107
418 4258
605 4519
870 4107
650 3915
811 4098
2918 2978
2118 3068
768 4248
728 4184
903 4293
892 4362
7 4086
222 4290
781 3950
302 2428
751 3954
836 4049
623 4023
552 3975
622 4284
1273 3166
346 4391
4135 4376
472 4447
3701 3806
76 4217
441 4108
547 4018
850 4121
415 1718
550 4419
54 3877
177 4090
439 4182
722 4454
273 4213
2035 2224
598 4310
921 2958
114 4027
1510 2012
789 3980
807 4110
660 3885
1611 1884
437 4461
689 916
360 4459
325 3877
354 4017
43 4244
804 3897
592 2132
370 4419
731 4430
185 4039
792 1401
357 2446
289 4374
612 4212
1655 2200
130 4162
87 4332
3778 3792
608 4136
209 2911
135 3867
596 4029
626 4010
1182 1233
315 4056
670 3877
49 4406
77 3943
947 4343
446 4340
2179 2240
2657 3378
899 4439
821 4481
565 4425
411 4319
912 1607
110 4087
320 3894
618 4317
3033 4269
491 4060
722 3663
397 3925
824 4037
129 4278
661 4467
685 4328
388 4377
127 3876
626 4461
664 3917
264 1734
527 4512
1316 2717
822 4258
288 4150
734 4069
650 4436
3142 3551
1007 2794
80 4481
213 3882
607 4288
337 3965
638 3944
664 3953
263 4356
279 4115
282 4066
2298 3501
599 2767
612 800
445 4201
351 4080
858 3898
1931 4531
2401 2983
339 4294
683 4170
477 944
1031 2277
373 4541
1470 2642
1008 3923
162 1807
604 4346
418 2659
3445 3487
2954 3461
676 4235
1187 1930
538 3994
668 3886
234 4435
827 3950
479 4485
294 4377
799 4209
864 4092
660 3904
1439 2499
3401 4449
662 3146
198 4256
2882 3893
