2625 3758
2621 3349
2283 1356
2621 3321
2473 2012
3028 1177
2625 3509
1945 71
2621 3317
2625 3400
2625 3882
2594 1379
2621 3259
2621 3021
2782 1205
2621 3019
2625 3576
3318 226
2625 3720
2621 3455
2473 2413
2625 3417
2625 3659
2625 3223
2782 759
2304 107
2621 3096
2658 53
2621 3116
2621 3423
2625 3791
2594 1594
2621 2875
2298 833
2229 46
2625 3517
2625 3825
2621 3238
2621 2940
2621 3500
2621 3150
2309 362
2782 1539
2611 1822
2621 3246
2625 3734
2625 3188
2621 2569
2625 3748
2621 2981
2625 3476
2621 3224
2625 3857
2625 3581
2621 3437
2621 2688
2625 3344
2621 3414
2621 3080
2621 3465
2625 3229
2408 1442
2621 2964
2625 3608
2621 2874
2625 3564
2283 3219
2621 3310
2936 818
2621 2753
2782 1166
2625 3698
2625 3710
3593 141
2594 654
2621 3169
2621 3223
2625 4056
2625 3486
2621 2868
2625 3221
2625 3239
2621 2766
2625 3253
2621 3275
2625 3309
2621 3445
2621 3274
2621 3365
2473 2091
2625 3647
2621 3161
2611 1270
2600 2408
2526 490
2625 3574
2621 2983
2625 3506
2625 3215
2621 2747
2621 2812
2625 3438
1909 186
2738 417
2625 3971
2600 1801
2625 3372
3028 1135
2621 2694
2621 3349
2625 3406
2604 2407
2621 3121
2621 3198
2170 1238
2298 2358
2625 3363
2621 3604
2621 2848
2625 3474
2625 2124
2621 3126
2283 561
2625 3391
2625 3687
2625 3166
2621 3547
2621 3269
2604 2570
2619 1935
2625 3704
2625 3345
2621 3164
2625 3650
2621 2965
2621 3105
2574 2128
2773 1616
2625 3531
2625 3620
2283 3298
2621 2871
2619 1393
2526 984
2625 3391
2625 3133
2625 3782
2526 530
2621 2890
2625 2725
2621 3161
2625 3659
2625 3813
2625 3625
2625 3837
2625 3377
2184 846
2621 3435
2594 1378
2589 500
2298 2360
2625 3821
2625 3537
2298 2204
2621 3258
2621 2800
2170 1134
2625 3724
2625 3676
2625 3439
2782 1494
2625 3646
2625 3525
2625 3804
3294 120
2625 3880
2625 3918
2621 3230
2621 2976
2625 3440
2621 3455
2625 3164
2625 3116
2196 1670
2625 3338
2621 2833
2621 3312
2625 3379
2625 3394
2625 3881
2625 3661
2621 3227
2782 875
2621 2585
2625 3404
2621 2981
2625 3569
2638 383
2378 750
2625 3960
2625 3501
2621 3124
2625 3391
2621 2708
2283 292
2625 3649
2621 3523
2625 3566
2625 3759
2625 3622
2625 3697
2625 3697
2621 3185
2621 3338
2298 1124
2641 1474
2625 3819
2621 3332
2625 3465
2625 3076
2625 3668
2625 3485
2621 3054
2621 2906
2062 527
2141 525
2621 3166
2621 3002
2621 3057
2625 3617
2625 3478
2621 3370
2726 501
2621 3396
2757 25
2494 579
2625 2546
2625 3415
2170 722
2625 3668
2625 3382
2625 3655
2625 3370
2625 3778
2625 3405
2594 1012
2621 3115
2641 1405
2621 2997
2625 3093
2283 3225
2621 2930
2621 2915
2625 3323
2625 3191
2621 3442
2621 3247
2621 2980
2625 3600
2625 3435
2604 2187
2621 2832
2625 3658
2621 3154
2621 3220
2625 3524
2377 334
2614 1770
2621 2737
2621 2949
2625 3535
2283 568
2621 3201
2526 1321
2625 3694
2773 1225
2638 560
2625 3095
2621 3330
2494 250
2621 2994
2621 3098
2621 3013
2621 3403
2594 1472
2621 2855
2625 3208
2625 3535
2625 3475
2625 3126
2621 2823
2625 3689
2614 2084
2625 3465
2621 2853
2621 3034
2782 593
2526 581
2910 619
1832 432
2621 2756
2473 1312
2621 3165
2510 80
2621 3010
2196 274
2625 3934
2621 3188
2625 3662
2625 3352
2625 3364
2625 3429
2625 3242
2621 3245
2621 3029
2621 3278
2419 182
2283 2856
2625 3462
2621 3269
2625 3565
2625 3681
2621 3502
2298 1681
2625 3718
2526 363
2625 3337
2625 3876
2279 726
3405 47
2621 3114
2621 3369
2283 2002
2621 3190
2625 3296
2621 2826
2621 3550
2625 3693
2625 3611
2611 1442
2621 3426
2625 3848
2621 3219
2621 3074
2621 3134
2625 3185
2621 3309
2621 3325
2625 3247
2621 3128
2611 1706
2528 1501
2625 3667
2625 3556
2621 3122
2621 3256
2669 311
2625 3456
2621 2876
2473 2148
2600 1858
2184 729
2621 2838
3028 1151
2625 3486
2625 3755
2604 2391
2621 3167
2621 3310
2625 3471
2600 1695
2625 3851
2625 3668
2621 3193
2621 3172
2526 255
2625 3134
2405 940
2625 3323
2625 3952
2625 3725
2555 1717
2625 3581
439 2
2625 3842
2574 1987
2621 2821
2625 3472
2625 3991
2621 3293
2625 3396
2625 3483
2625 3528
2625 3551
2625 3174
2625 3788
2625 3370
2621 3187
2298 1155
2621 3109
2621 3044
2625 3402
2625 3071
2614 1696
2625 3687
2782 1303
2279 269
2641 867
2283 111
2625 3753
2621 3251
2594 633
2621 3480
2619 1503
2283 3212
2621 3507
3040 740
2621 2927
3405 103
2621 2949
2621 3236
2621 3501
2625 3964
2621 2871
2625 3157
2621 3082
2621 3204
2621 3086
2625 3155
2625 3508
2621 3116
2621 3215
2625 3204
2621 2926
2621 3178
2621 2754
2625 3638
1936 158
2625 3363
2625 3593
2625 3561
2625 3805
2625 3282
2526 971
2621 2981
2641 1384
2594 916
2625 3756
2773 1414
2625 3325
2621 2953
2062 539
2621 3082
2621 3190
2526 926
2513 2598
2625 3624
2625 3354
2621 3369
2625 3545
2621 3377
2773 1720
2625 3502
2625 3400
2625 3260
2298 2137
2641 1954
2625 3732
2625 3209
2621 3152
2625 3274
2782 527
2625 2302
2283 2578
2621 3208
2641 990
2625 3340
2625 3521
2619 2014
2621 3404
2621 3310
2625 3294
2526 714
2658 308
2625 3584
2283 3370
2625 3425
2600 1641
2625 3382
2625 3508
2641 746
2621 2756
2621 3290
2641 382
2184 727
2625 3172
2625 3425
2625 3762
2621 3410
2621 3097
3455 161
2614 2298
2625 3307
2600 1939
2600 2080
2625 3410
2619 1840
2197 70
2600 2573
2621 3052
2625 3477
2625 3286
2625 3785
2621 3536
2594 571
2298 1549
2408 674
2625 3380
2619 1427
2473 2192
2773 1584
2621 3405
2625 3296
2625 3400
2625 3425
2625 3671
2621 3173
2625 3773
2625 3113
2621 3166
2611 1902
2625 3290
2621 3432
2360 152
2621 2941
2526 1188
2621 3234
2625 3475
2625 3528
2625 3391
2949 59
2625 3585
2625 3680
2621 3043
2419 778
2625 3518
2625 3508
2738 452
2621 3188
1775 32
2566 3220
2625 3672
2621 2953
2625 3368
2621 2947
2625 3450
2625 3336
2621 3084
2621 3012
2621 2770
2621 2877
2621 3120
2782 1551
2621 3183
2621 3268
2625 3525
3593 314
2625 3687
2621 3295
2621 3066
2625 3638
2625 3309
2298 2242
2625 3165
2625 3644
2625 3572
2621 2854
2625 3247
3455 308
2408 1413
2625 3389
2291 1904
2625 3171
2621 3490
2621 3040
2473 2013
2625 3493
2621 3161
2625 3404
2621 2997
2625 3271
2625 3558
2641 1504
2625 3744
2625 3386
2625 3495
2625 3188
3028 1365
2625 3854
2625 3197
2578 588
2621 3447
2625 3431
2621 3246
2621 3231
2594 883
2170 1331
2283 3243
2377 589
2167 217
2625 3805
2621 3057
2621 2554
2625 3509
2589 73
2621 3058
2621 3238
2621 2903
2625 3491
1983 109
2621 2600
2649 353
2621 3226
2621 3226
2621 3198
2782 1281
2619 1941
820 13
2625 3707
2621 3481
2625 3563
2625 3898
2625 3497
2621 3035
2621 3092
2621 3174
2625 3541
2625 3828
2625 3367
2621 3521
2621 3365
2773 1305
2619 1514
2625 3686
2621 3079
2625 3528
2621 3252
2621 3265
2625 3128
2184 966
2753 844
2625 3718
2594 498
2621 2955
2298 1396
3102 26
2594 594
1828 295
2625 3535
2621 2816
2625 3267
2936 822
2625 3630
2625 3608
2184 656
2621 3153
2614 2508
2625 3873
2621 2967
2625 3409
2625 3674
2600 1932
2574 670
2621 2964
2594 948
2621 3524
2621 3391
2625 3409
2625 3399
2619 1937
2625 3638
2283 3270
2473 1943
2625 3730
2625 3941
2621 3033
2494 462
2625 2686
2621 3357
2738 807
2187 511
2625 3782
2196 1657
2309 440
2283 577
2625 3539
2594 919
2283 3296
2625 3353
2625 3452
2574 2165
2625 3506
3318 228
2625 3486
2625 3225
2611 1423
2621 3133
2621 3050
2621 3466
2625 3397
2621 2763
2625 3341
2625 3854
2621 2243
2625 3567
2378 1013
2298 2863
2621 3404
2625 3537
2614 2134
2408 1573
2621 3219
2625 3238
2621 3013
2621 3515
2621 3558
2625 3369
2625 3744
2625 1788
2298 1189
2782 747
2625 3683
2621 3251
2625 3448
2621 2767
2621 3115
2283 2970
2625 3676
2621 3128
2616 2349
2574 1832
2594 607
2625 3456
2625 3477
2594 1061
2594 1253
2184 362
2621 2984
2526 674
2298 2374
2283 3241
2566 3166
2625 3898
2621 2950
2594 1096
2621 3326
2621 3337
2621 3445
3270 644
2621 2949
2157 195
2625 3495
2621 3003
2621 3456
2625 3767
2600 1830
1473 58
2621 3104
2594 1041
2594 1482
2625 3607
2621 3469
2621 3039
2621 3250
2621 2914
2625 3834
2600 2530
2625 3309
2625 3523
2600 1869
2621 3448
2621 3069
2621 3057
2625 3526
2283 3348
491 4
2621 3057
2625 3496
2621 3250
2621 2563
2594 1353
1832 172
3318 158
2621 2800
3089 73
2625 3713
2408 991
2621 3287
2062 370
2621 3386
2621 3377
2621 3306
2621 315
2621 3199
2782 1293
2298 1571
2625 3577
2589 327
2625 3617
2408 905
2621 3178
2782 1050
2625 3742
2625 3837
2621 2971
2625 3303
2621 2793
2621 2523
2625 3808
2625 3668
2625 3751
2594 684
2526 545
2625 3848
2845 77
2621 2872
2625 3570
2625 3663
2753 888
2621 3270
2625 3672
2625 3665
2408 970
2621 3093
2621 2921
2625 3568
2621 2695
2621 3324
2621 3393
2625 3616
2625 3891
2641 1354
2625 3486
2625 3420
2614 1931
2625 3557
2625 3766
2621 3366
2625 3485
2621 3097
2578 525
2625 3415
3040 631
2621 2988
2574 448
2621 3271
2621 3430
2625 3469
2621 2753
2621 3031
2291 1330
2625 3329
2621 3043
2309 49
3270 257
2625 3740
2625 3603
2621 3049
2625 3831
2473 1505
2625 3560
2625 3405
2170 1098
2782 1073
2625 3660
2283 3229
2625 3403
2621 3249
2594 1554
2621 2930
2625 3629
2621 2442
2625 3562
2641 1184
2625 3745
2621 3133
2621 3000
2621 2513
2625 3908
2574 647
2625 3299
2621 3102
2298 1501
2625 3245
2621 3566
2621 3209
2625 3697
2473 2778
2621 3318
2625 3663
2621 3305
2625 3448
2621 3020
2291 1540
2594 871
2625 3777
2621 2983
2782 1180
2621 3001
2625 3461
3270 530
2638 470
2621 297
1556 185
2625 3643
2625 3224
2621 3137
2625 3709
2621 2811
2625 3109
2625 3709
2621 3479
2526 199
2621 3467
2625 3514
2621 3470
2625 3554
2625 3650
2621 3409
2625 3260
2625 3884
2625 3590
2621 2976
2600 2141
2526 1248
2611 1776
2621 3100
2625 3654
2625 3488
2621 2492
2600 1690
2526 1174
2621 3010
2621 3232
2625 3721
2625 3801
2621 3175
2625 3363
2625 3316
2641 998
2600 1499
2625 3909
2283 893
2625 3285
2625 3917
2594 1188
2621 2984
2621 3333
2621 3218
2165 356
2621 2616
2625 3835
2625 3535
2625 3365
2621 3145
2574 1914
2408 792
2625 2186
2625 3248
2625 3619
2625 3831
2625 3316
2621 2965
2625 3399
2625 3661
2589 134
2283 3176
2621 2815
2621 2816
2625 3829
2621 2976
2625 3648
2594 906
2625 3651
3040 692
2625 3834
2621 3163
2621 3219
2621 2317
2625 3448
2625 3653
2625 3639
2625 3372
2641 1499
2625 3389
2625 3504
2621 2771
2621 3141
2621 3091
2291 316
2625 3464
2621 2735
2621 3087
2625 3377
2641 1033
2625 3734
2625 2235
2625 3663
2625 3213
2621 2827
2621 3141
2621 2774
2625 359
2625 3656
2625 3303
2625 3322
2625 3669
2625 3830
2187 1307
2625 4008
2283 3231
2574 1944
3455 203
2621 3562
2625 4058
2621 3164
2473 823
2298 2111
2625 3408
2621 2934
2782 1067
2621 3314
2621 3129
2625 3595
2621 3279
2621 3275
2625 3432
2621 3175
2625 3923
2625 3837
2621 3216
2773 1613
2625 3833
2625 3178
2625 3629
2625 3219
2604 2308
2625 3578
2625 3650
2625 3417
2625 3687
2625 3666
2773 1645
2910 813
2621 2854
2625 3717
2625 3548
2625 3895
2621 2960
2621 2849
3040 672
2625 3524
2625 3746
2621 2858
2625 3554
2408 759
2625 3934
2594 651
2621 3357
2625 3796
2625 3399
2619 1828
2625 3277
2782 1213
2625 3732
2611 1339
2621 3100
2589 283
2625 3585
2625 3845
2621 3075
2291 2317
2621 3324
2408 466
1832 255
2625 3440
2526 505
2625 3850
2625 3318
2625 4061
2621 3439
2621 2932
2621 3272
2621 2960
2621 2983
2283 2946
2528 2057
2753 493
2625 3948
2621 3497
2621 3447
2621 3172
2716 166
2625 3143
2621 2911
2621 3052
2621 3386
2873 484
2473 2281
2625 3578
2621 3127
2625 2778
2621 2875
2160 120
2625 3455
2641 989
2625 3856
2621 3343
2621 3019
2625 2809
2621 3482
2625 3389
2625 3317
2621 2842
2625 3196
2625 3762
2621 3526
2625 3562
2621 2842
2621 2976
2621 3090
2625 3813
2621 3239
2782 1449
2625 4010
2621 3019
2625 3150
2625 3323
2625 3060
2625 3480
2621 3228
2619 302
2621 3407
2621 3246
2625 3342
2625 3498
2621 3457
2621 2976
2611 1433
2621 3519
2625 3865
3168 94
2621 3249
2621 3004
2625 3805
2621 2964
2625 3964
2625 3166
2621 3486
2283 1824
2526 712
2621 3305
2641 720
2621 3127
2625 3518
2625 3520
2625 3155
2621 2984
2062 426
2526 1273
2621 2996
2621 3468
2621 3366
1994 237
2910 831
2621 2911
2625 3697
2936 842
2621 3211
2419 691
2621 3444
2621 3368
2625 3341
2625 3531
2621 2955
2625 3373
3455 230
2621 3167
2625 3691
2625 3475
2621 3005
2621 3095
2526 465
2621 3350
2589 322
2621 3388
2621 3219
2625 3747
2625 3444
2621 2897
2625 2271
2141 699
2621 3503
1406 163
2625 3536
2625 3733
2526 355
2621 2829
2625 3294
2625 3559
2526 651
2526 896
2621 3377
2621 3286
2621 3573
2625 3619
2625 3450
2621 3373
2526 1265
2621 2847
2279 687
2625 3632
2625 3442
2625 3734
2625 3671
2621 3118
2625 3699
2625 3276
2526 1579
1956 73
2621 3026
2625 3495
2625 3546
2621 3623
2621 3434
2621 2720
2625 3917
2625 3482
2621 3215
2621 3003
2625 3591
2625 4003
2625 3858
2621 3153
2625 3313
2621 2921
2621 2971
2621 3054
2625 2206
2611 1228
2283 3273
2621 2898
2621 2741
2625 1117
2621 2976
2625 3127
2625 3648
2621 2852
2473 2294
2625 3561
2611 1401
2621 3173
2621 2914
2625 3502
2625 3691
2625 3422
2594 1614
2625 3653
891 40
2625 3473
2625 3826
2566 3189
2641 578
2625 3082
2625 3488
2625 3676
2619 1631
2621 2923
2621 3054
2165 252
2625 3185
2625 3657
2625 3877
2625 3894
3455 265
2621 3052
2625 3207
2625 3228
2574 483
2621 3371
2625 3467
2621 3278
2621 3489
2283 317
2641 788
2184 852
2625 3461
2625 3273
2621 3195
2625 2994
2638 548
2625 3432
2473 1988
2625 3357
2621 3363
2625 2321
2283 1251
2621 3396
2621 3456
2782 238
2621 3122
2625 3548
2625 3564
2625 3194
2621 3304
2621 3585
2621 3410
2641 1230
2625 3747
2621 3312
2621 3198
2621 3303
2621 3284
2625 3477
2621 3163
2616 2264
2641 1176
2621 3131
2604 2734
1828 68
2621 3199
2625 3570
2298 2712
2625 3627
2625 3627
2621 3048
2621 2865
2625 3400
2625 3419
2621 3228
2621 2928
2625 3184
2283 3397
2625 3675
2621 3088
2625 3380
2649 432
2621 3360
2611 1530
2621 3622
2621 3144
2625 3914
2621 2839
2625 3386
2283 3254
2621 3096
4091 97
2625 3437
2625 3673
2621 2936
2625 3678
2621 3189
2621 2776
2614 2045
2621 3034
2621 2925
2594 534
2619 1804
2621 3355
2625 3676
2873 292
2625 3411
2625 3301
2761 256
2625 3968
2526 1301
2621 3083
2625 3302
2611 1365
2167 167
2126 250
2625 3458
2604 2697
2625 3966
2621 2880
2621 3236
2165 94
2621 3053
2625 3584
2526 1596
1721 72
2625 3356
2528 1719
2625 3810
2621 3324
2621 2775
2594 964
2625 3363
2625 3631
2625 3414
2621 3129
3040 764
2641 818
2621 3274
2625 3486
2625 3401
2621 3268
2625 3609
2526 889
2279 30
2641 1205
2641 1272
2625 3706
2621 3265
2625 3520
2621 2942
2600 1680
2625 3757
2621 3239
2621 3174
2621 2945
2309 287
2621 2524
2782 1181
2782 961
2621 2958
2621 3225
2625 3585
2625 3536
2184 982
2782 1234
2625 3379
2473 2570
2621 3395
2621 3189
2621 3267
2753 772
2621 3233
2625 3766
2621 3328
2621 2932
2621 2995
2621 3263
2625 3491
2625 3512
2625 3263
2621 3369
2625 3277
2611 1553
2526 1339
2621 3029
2170 1153
2625 3315
2782 697
2621 3164
2625 3663
2298 1065
2126 260
2600 1976
2625 3495
2621 3037
2625 3974
2910 567
2625 3173
2619 155
2625 3559
2625 3284
2513 2537
2621 2954
2782 765
2621 3168
2298 1695
2621 2987
2621 3037
2621 2998
2625 3752
2621 2981
2604 2179
2625 3378
2621 3163
2594 1114
2621 3030
2621 3336
2298 2187
2625 3818
2621 3098
2625 3360
2625 4046
2625 3318
2625 3784
2621 3175
3405 98
2625 3405
2949 124
2621 3352
2621 3517
2621 2793
1828 93
2621 3378
2621 3513
2625 3935
2621 3005
2621 3306
2611 1674
2621 2624
2574 1762
2621 2982
2625 3687
2625 3502
2513 2388
2625 3686
2625 3541
2910 563
2621 3025
2625 3448
2621 3416
2594 889
2621 3264
2753 641
2621 3092
2738 749
2621 3250
2621 2991
2604 2692
2625 3346
2377 520
2625 3472
2621 2997
2621 3245
2621 3368
2625 3505
2621 3034
2621 3214
2621 2897
2621 3444
2621 3219
2621 2798
2625 2970
2625 3391
2625 3270
2621 3099
2283 3025
2625 3533
2625 3274
2600 1906
2625 3490
2625 3483
2621 3487
2600 1857
2625 3418
2625 3748
2621 2739
2625 3664
2621 3065
2625 3427
2625 3366
2283 3297
2649 808
2621 3116
2600 2291
2621 3043
2625 3522
2773 216
2625 3252
2621 2910
2604 2325
2625 3699
2614 1894
2600 2270
2600 1919
2625 3190
2621 2873
2625 3814
2621 2873
2621 3543
2621 3206
2625 3515
2621 2885
2621 3555
2625 3765
2621 3404
2621 3388
2625 3422
2621 3086
2625 1973
2625 3721
2625 3713
2625 3261
2621 3479
2621 3335
2782 1170
2625 3348
2782 1184
2600 2165
3262 512
2408 945
2604 2580
2184 930
2621 3244
2283 2961
2621 3114
2625 4069
2625 3463
2621 2994
2641 1409
2621 3157
2621 3154
2625 964
2822 414
2625 3942
2621 2771
2252 256
2526 612
2621 3339
2621 3019
2625 3640
2619 1500
2408 495
2625 3642
2625 2173
2621 3000
3040 580
2283 2856
2625 3757
2621 3249
2625 3681
2621 3289
2782 978
3028 886
2621 3238
2621 3286
2625 3487
2621 3410
2621 3237
2621 3010
2625 3110
2625 3624
2283 2983
2625 3338
2594 1009
2625 3384
2283 309
2621 2590
2625 3197
1828 263
2621 2765
2625 3864
2594 1681
2641 430
2621 3079
2625 3458
2625 3286
2625 3489
2621 2910
2621 3058
2625 3371
3270 240
2625 3477
2621 3289
2625 3336
2619 1826
2625 3666
2621 3362
2621 2838
2625 3188
2621 3015
2298 953
2594 1691
2621 2971
2625 3217
2625 3887
2621 2993
2621 2421
2621 3015
2107 65
2625 3296
2283 389
2457 64
2621 3414
2621 3088
2165 212
2625 3329
2625 3184
2625 3483
2621 2925
2625 3446
2614 1665
2621 3141
2256 365
2625 2550
2621 2970
2641 1444
2625 3654
2625 4000
2621 3049
3040 950
2621 3212
2621 3422
2625 3728
2625 3265
2621 2975
2625 3827
2621 3417
2283 2883
2621 3433
2625 3420
2526 289
2621 3558
2625 3444
2625 3799
2621 3179
2165 260
2625 3725
2625 3593
2782 677
2625 3976
2826 95
2621 2969
2619 1688
2625 3802
2625 3088
2649 405
2611 1941
2619 1995
2621 3363
2621 3423
2625 3252
1683 94
2621 3383
2625 3061
2625 3516
2625 3803
2625 3586
2625 3663
2621 3052
2625 3292
2621 2678
2625 3805
2621 3557
2625 2972
2638 377
2283 3342
2625 3644
2782 545
2621 2697
2621 3264
2621 3248
2625 3126
2625 3666
2566 3212
2621 2893
2621 3001
2625 3593
2408 610
2625 3915
2625 3592
2621 3436
2170 1378
2594 484
2625 3447
2625 3716
2782 1620
2621 3228
2621 2974
2782 995
2625 3252
2621 3150
2283 3285
2600 2580
2782 727
2625 3952
2283 2927
2625 3674
2625 3566
2621 3271
2408 866
2621 3060
2621 3047
1918 627
2621 3026
2625 2477
2625 3789
2621 3347
2283 3139
2625 3792
2376 125
2184 822
2621 3153
2625 3364
2594 1636
2621 3010
2641 900
2625 3207
2625 3874
2621 3048
2625 3409
2641 1556
2621 3182
2555 1602
2625 3626
2621 2785
2621 3018
2621 3305
2625 3173
2621 3132
2625 3609
2555 1569
2594 1474
2621 3335
2621 3068
2621 3363
2625 3623
2625 3560
2625 3854
2625 3687
2625 3879
2621 2943
2528 1644
2621 3177
2621 3250
2621 3049
2625 3241
2625 3357
2625 3610
2621 3581
2625 3439
2621 2840
2621 3584
2625 3732
2621 3103
2621 3185
2625 3305
2625 3676
2625 3198
2625 3706
2625 3385
2625 3495
2600 1831
2621 3167
2625 3315
2753 702
2625 3621
2625 3689
2604 2477
2621 2836
2625 3691
2600 125
2621 2969
2621 3051
2621 3494
2621 3160
2625 3449
2621 3498
2641 1210
1994 207
2782 1165
2621 3192
2621 2997
2625 3400
2625 3790
2291 2511
2625 3610
2625 3327
2625 3590
2625 3892
2309 93
2621 2892
2625 3528
2625 3892
2625 3473
2621 2857
2625 3836
2625 3650
2283 2270
2574 743
2782 367
2625 3906
2625 3436
2625 3506
2621 2999
2625 3563
2625 3660
2621 2953
2494 671
2621 3059
2600 2149
2625 3757
2625 3456
2298 2837
2621 3258
2408 974
2625 3490
2625 3552
2621 3438
2614 2662
2625 3353
2621 3326
2621 3217
2625 3040
2621 3116
2625 3551
2283 3245
2621 3143
2494 521
2621 3445
2625 3606
2621 3385
2625 3402
2621 2935
2621 3110
2600 2152
2625 3475
2170 567
2641 1567
2625 3368
2625 3744
2625 3297
2625 3527
2625 3556
1570 144
2625 3581
2782 1174
2619 1414
2528 1594
2621 3269
2619 1854
2621 3288
2625 3521
2782 416
2625 3599
2625 3589
2621 3223
2625 3441
2378 1041
2621 3281
2625 3576
2625 3694
2619 1785
2621 3307
2625 3405
2625 3156
2473 719
2625 3513
2526 1004
2621 3345
2621 3315
2621 2925
2625 3697
2594 941
2625 3570
2621 2924
2621 3158
2062 388
2641 1157
2621 3353
2621 2989
2621 3368
2621 3512
2621 3469
2621 3186
2600 2121
2621 3384
2625 3765
2621 3150
2625 3592
2625 3948
2625 3277
2291 1676
2621 3236
1457 144
2594 906
2594 1127
2625 3650
2621 3461
2621 3168
2625 3265
2621 3404
2621 3010
2625 3558
2625 3411
2377 841
2625 3293
2614 1865
2625 3070
2773 1629
2621 3525
2621 2761
2625 3556
2051 17
2625 3220
2611 1733
2625 3283
2625 3431
2641 949
2574 1735
2625 3175
2625 3680
2625 3910
2621 3163
2625 3658
2600 1938
2782 1033
2625 2231
2594 1053
2625 3774
2621 2924
2625 3423
2625 3836
2621 3047
2621 3244
2621 3074
2621 2724
2625 3480
2283 489
2625 3792
2625 3352
2625 3112
2621 2909
2283 2950
2625 3751
2782 568
2625 3684
2619 1602
2526 1362
2298 1466
2408 1239
2621 3174
2621 3457
1350 35
2641 1274
2625 3857
2621 2958
2589 607
2621 2888
2170 450
2473 1914
2283 3215
2107 154
2283 2850
2625 3266
2611 1200
2625 3447
2604 2908
2611 1964
2625 3578
2782 1026
2625 3844
2625 3868
2621 2875
2625 3585
2625 3753
2782 1322
2782 88
2291 1731
2625 3607
2625 3701
2768 172
2625 3044
2625 3775
2625 3267
2621 3248
2621 2995
2419 930
2625 3440
2625 3644
2625 3428
2625 3105
2526 865
2625 3528
2625 3278
3270 246
2625 3632
2621 2908
2625 3262
2279 619
2625 3699
2782 1121
2625 3191
2526 869
2621 3059
2625 3558
2621 3071
3238 19
2621 3138
2621 3280
2621 3152
2625 3402
2621 3082
2625 2802
2184 218
2625 3540
2621 3344
2625 3735
2283 1911
2625 3608
2638 709
1721 62
2184 631
2589 262
2621 3485
2621 2806
2621 3149
2283 2469
2621 3193
2621 3191
2625 3367
2625 3411
2873 113
2625 3291
2826 91
2782 1294
2574 497
2625 3097
3040 485
2621 2927
2782 349
2621 3510
2621 2980
2291 1422
2625 3499
2625 3260
2621 2806
2621 3387
2621 2979
2625 3526
2782 565
2621 3045
2625 3257
2621 3144
2625 3703
2625 3222
2625 3426
2625 3642
2184 989
2594 286
2625 3790
2625 2203
2625 3795
2526 350
2625 3991
2611 1685
2625 3441
2621 3191
2625 3713
2625 3886
2625 3244
2625 3840
2773 1806
3102 288
2621 3612
2625 3574
2526 834
2625 3865
2625 3470
2621 2417
2621 3020
2773 1612
2625 3403
2621 3208
2621 2899
2621 3150
2621 3033
2625 3490
2641 1155
2621 3368
2594 805
2614 2575
2526 369
2621 3623
2621 3078
2283 2923
2621 3050
2621 2853
2625 3594
2621 3343
2621 3203
2621 3286
2621 3083
2298 2870
2621 3197
2621 3090
2621 3292
2619 1950
2621 2999
2625 2561
2782 1105
2621 3123
2621 3278
2625 3183
2621 3256
2621 3327
2621 3266
2625 3748
3270 289
2625 3220
2625 3460
2625 3669
2283 3317
2611 1572
2621 3266
2621 3216
2641 997
2621 3120
2594 1653
2621 3315
2621 3160
2625 3473
2625 3913
2621 2849
2625 3125
2625 3486
2625 3675
2638 489
2625 3606
2625 3869
2526 769
2638 378
2625 3590
2621 2889
2641 1117
2625 3826
2621 3340
2625 3856
2625 3716
2625 3481
2060 273
2625 3743
2621 402
2625 3700
2621 3192
2925 89
2614 2170
2625 3954
2625 3609
2625 3508
2495 3121
2625 3893
2621 3193
2625 3595
2304 123
2625 3208
2621 3199
1597 154
2621 3350
2625 3379
2625 3726
2283 425
2625 3648
2621 3152
2574 649
2621 3161
2625 3748
2753 1030
2473 1804
2621 3044
2625 3597
2625 3241
2625 3569
2566 3186
2625 3623
2621 2954
2614 2666
2625 3494
2782 1376
2621 2990
2621 3241
2170 966
2594 387
2611 1115
2283 3172
2473 2022
2625 3527
2625 3779
2621 3348
2419 603
2574 1873
2782 625
2526 1121
2625 3441
2621 2791
2625 3570
2625 3555
2625 3363
2526 515
2782 1293
2621 3209
2473 1808
2621 2719
2625 3745
2621 3346
2283 2921
2614 2005
2621 3083
2625 3754
2625 3817
2187 773
2621 3323
2621 2965
2594 587
2625 3655
2621 3486
2625 3201
2621 3366
2910 687
2473 1429
2625 3513
2298 1329
2621 2950
2594 1740
2625 3561
2625 3523
2625 3773
2625 3193
2625 3568
2641 815
2625 3150
2621 3003
2604 2218
2600 2331
2625 3775
2621 3247
2594 614
2625 3106
2621 2857
2625 3469
2283 3413
2621 3276
2621 2955
2621 3269
2621 3269
1506 84
2419 380
2625 3111
2526 703
1556 167
2574 1696
2594 1221
2621 3121
2625 3396
2625 3230
2621 3101
2625 3214
2526 871
2625 3680
2574 1955
2621 3131
2526 1350
2621 3026
2782 1223
2625 3579
2621 3387
2773 1599
2625 3521
2625 3789
2283 3279
2594 971
2621 3255
2625 3573
2283 2936
2526 951
1774 56
2526 1204
2619 2062
2621 3151
2062 489
2621 2591
3270 274
2621 3121
2625 3474
2526 547
2621 3473
2625 3111
2621 3229
2625 3392
2621 3608
2621 2803
2621 3066
2621 285
2621 3485
2625 3355
2625 3799
2782 744
2625 3849
2621 2981
2621 2915
2528 1464
2625 3473
2298 2878
2621 2969
2526 1395
2621 3141
2594 876
2060 143
2625 3959
2528 2071
2621 2757
2600 1927
2641 558
2621 3325
2625 3198
2625 3737
2625 3404
2604 2375
2621 3124
2625 3808
2621 3155
2625 3594
2360 208
2621 3091
2621 3328
2879 62
2625 3416
2621 3022
2625 3827
2625 2262
2614 2346
2621 2738
2625 3115
2625 3662
2621 3376
2625 3507
2621 3019
2621 3569
2528 2025
2625 3321
2526 1645
2625 3371
2526 564
2621 3091
2621 2771
2782 1197
2621 3072
2621 3179
2594 1672
2625 3431
2621 3287
2625 3656
2641 1841
1994 157
2621 3167
2621 3465
2625 3323
2473 1713
2625 3193
2625 3095
2625 3900
2621 3073
2621 2736
2621 3030
2782 956
2621 3044
2619 1575
2625 3222
2621 2928
2625 4023
2625 3298
2625 3554
2658 335
2621 3339
2625 3497
2625 3942
2782 1538
2526 1113
2625 3526
2625 3534
2621 3315
2621 2822
2625 3672
2621 2906
2625 3821
2062 693
2621 3310
2625 3586
2625 3760
2526 358
2621 3075
2625 3164
2256 264
2621 2748
2621 3516
2621 2979
2625 3397
2625 3843
2291 1941
2625 3300
2782 560
2625 3685
2600 1814
2625 3202
2594 1886
2594 565
2600 1870
2625 3644
2621 3329
2625 3735
2625 3494
2625 2730
2621 3296
2621 2999
2625 3772
2526 476
2625 3625
2621 3038
2377 534
2621 2825
2621 3422
2621 3198
2625 3757
2621 3307
2625 3196
2621 3300
2621 3294
2621 3018
2625 3723
2625 3493
2621 3072
2621 3116
2184 722
2625 4057
2773 1764
2625 3412
2621 3383
2625 3493
2625 3750
2625 3647
2625 3780
2419 713
2625 2902
2621 2830
2782 1178
2625 3517
2621 2854
2789 397
2621 3116
2621 3249
2625 3380
2621 3132
2625 3866
2625 3451
2625 3305
2621 3173
2621 3271
2625 3841
2625 3825
2621 3096
2621 3227
2298 1726
2141 90
2625 3175
2621 2778
2621 3025
2170 633
2621 2917
2641 1303
2625 3629
2526 1059
2566 3176
2625 3642
2621 3030
2621 3458
2621 3344
2625 3699
2621 3461
2621 3364
2621 3251
2773 1647
2621 2780
2621 2778
2408 1006
2621 3067
2625 3353
2283 2900
2625 3577
2621 3175
2621 3205
2621 3562
2625 3637
2621 3266
2621 2965
2625 3268
2625 2942
2625 3881
2625 3250
2621 2453
2408 824
2526 687
2625 3630
2625 3675
2625 3708
2621 3073
2625 3888
1721 175
2621 3127
2625 3931
2283 3222
2621 3542
2625 3740
2621 3447
2625 3169
2625 3866
2625 3057
2625 3424
2594 901
2625 3778
2625 3087
2625 3716
2621 3053
2621 3247
2625 3584
2621 3106
2157 180
2625 3882
2621 3466
2621 3513
2625 3860
2625 3304
2621 3178
2625 3437
2621 3250
2594 888
2625 3831
2621 2797
2625 3533
2621 3116
2621 3262
2621 2930
2625 3220
2621 3395
2625 3805
2625 3697
2625 3451
2621 3154
2625 3343
2621 3272
2621 3360
2625 3562
2578 486
2619 291
2621 3054
2625 3115
2196 1717
2298 2876
2621 2821
2625 3936
2621 2845
2625 3830
2283 329
2625 3798
2526 414
2621 3513
2621 3229
2594 639
2574 2193
2621 3126
2625 3309
2621 3053
2625 3508
2621 3240
2625 3468
2621 2967
2625 3914
2621 3181
1909 174
2621 3276
2625 3338
2625 3652
2625 3500
2625 3899
2621 3178
2621 3107
2621 2791
2641 1477
2408 809
2625 3531
2621 3110
2625 3953
2625 3791
2625 3480
2621 374
2408 589
2621 3378
2625 3565
2625 3638
1976 71
2574 671
2619 2087
2625 3594
2621 3097
2621 3206
2845 82
2621 2976
2773 1687
2641 1041
2621 2959
2408 1048
2621 2950
2625 3472
2621 3066
2621 3424
2625 3829
2621 3009
2621 3092
2625 3589
2621 2906
2619 1867
2625 3369
2625 4011
2621 2308
2625 3354
2621 3376
2621 3374
2594 748
2473 2095
2625 3577
2625 3711
2625 3752
2621 3213
2625 3495
2594 1208
2641 1458
2625 3847
2621 3156
2641 944
2625 3700
2625 3453
2621 3116
2625 2420
2621 3151
2621 3451
2298 2118
2625 3337
2621 2999
2555 1740
2621 3165
2604 2136
2625 3590
2283 501
2184 43
2621 3035
2621 3127
2621 2783
2625 3665
2625 3794
2528 1468
2625 3917
2621 3395
2625 4054
2625 3854
2621 3306
2621 3231
2621 3216
2782 1458
2625 3514
2611 1793
2621 3341
2621 3104
2594 616
2611 1879
2625 3351
2621 3307
2621 2790
2594 377
2614 1933
2621 3101
2625 3759
2625 3466
1540 124
2621 2957
2283 1419
2621 3282
2621 3315
2625 3840
2625 3739
2625 3472
2621 2787
2625 3556
2625 3470
2625 3897
3294 129
2625 3397
2625 3925
2621 2936
2625 3545
2621 3170
2625 3220
2621 3424
2611 1860
2625 3548
2621 2880
2473 2151
2625 3621
2625 3115
2621 3124
2625 3852
3040 475
3270 366
2625 3551
2625 3604
2625 3727
2782 1118
1936 171
2621 3531
2621 3594
2621 3378
2621 3053
2625 3939
2625 3691
2621 3276
2279 158
2594 854
2621 3184
2625 3734
2621 2699
2621 3202
2625 3932
2604 2475
2625 3458
2625 3141
2625 3840
2760 53
2141 530
1897 39
2625 3687
2604 2374
2625 3369
2170 1023
2604 2157
2252 160
2625 3518
2625 3995
2625 3502
2625 3403
2600 2327
2621 3016
2641 1363
2621 2948
2621 3159
2621 3485
2625 3490
3040 738
2600 1891
2782 1526
2625 3575
2621 2987
2625 3091
2625 3319
2473 1501
2621 3369
2625 3744
2768 196
2621 3246
2621 3303
2621 2907
2621 3269
2621 3223
2625 3799
2641 1537
2473 2016
2625 3616
2621 3145
2621 3315
2625 3449
2625 4062
2625 3447
2625 3233
2621 2849
3028 872
2621 2701
2625 3833
2621 3038
2621 2699
2526 450
2621 3480
2625 3522
2621 2819
2625 4024
2621 2713
2614 2811
2625 3313
2625 3898
2473 2599
2625 3764
2621 3156
2625 3632
2594 922
2621 3050
2625 3923
2625 3165
2291 1353
2625 3435
2621 3248
2621 3107
2625 3768
2625 3494
2625 2014
2621 2833
2625 3240
2621 3069
2594 934
2621 2839
2625 3740
2625 3142
2594 880
2625 3580
2621 2976
2526 907
2473 1509
2621 3563
2621 2852
2621 3089
2625 3357
2184 811
2621 2895
2773 1784
2625 3324
2641 1084
2621 2825
2625 3695
2291 548
2625 2807
2625 3478
2298 1193
2625 3825
2526 1886
2625 3250
2619 1651
2619 1678
1457 223
2625 1126
2625 3406
2269 56
2621 2780
2621 2874
2621 3467
2621 3263
2625 3498
2625 3441
4091 168
2594 1451
2625 3433
2625 3492
2625 3419
2621 3094
2621 3075
2621 3040
2621 3409
2621 3137
2625 3956
3593 136
2621 3218
2625 1899
2625 3296
2283 1652
2625 3602
2574 754
2621 3016
2594 629
2782 1151
2625 3753
2621 3242
2298 857
2625 3400
2625 3938
2621 3186
2625 3173
2625 2780
2621 3163
2625 3648
2621 3175
2621 3105
2621 3071
2408 766
2600 2142
2621 2500
2621 3078
2625 3607
2621 3047
2600 2127
2625 375
2621 2998
2625 3689
2625 3627
2625 3720
2625 3907
2621 3249
2625 3600
2625 3566
2621 3186
2621 2951
2625 3287
2625 3294
2782 207
2621 3096
2625 3693
2625 3557
2625 3585
2621 3242
2625 3224
2625 3209
2594 976
2621 3090
2621 3103
2625 3429
2625 3511
2625 3657
2625 3870
2625 3788
2625 3585
2625 3945
2625 3008
2291 1544
2621 2916
2621 3461
2625 3606
2621 3244
3028 1429
2625 3429
2621 2833
2283 3234
2625 3561
2625 3518
2621 3164
2625 3332
2625 3666
2621 3259
2625 3479
2600 1914
2773 195
2494 349
2298 927
2621 3302
2625 3466
2625 3920
2376 111
2621 3241
3455 255
2625 3949
2494 451
2625 3422
2621 2880
3028 1239
2625 3320
2621 3409
2621 3295
2621 3250
2625 3276
2625 3388
2625 3282
2621 3002
2621 3333
2526 646
2625 3787
2283 3222
2594 1223
2621 2785
2621 3045
2625 3575
2625 3635
2625 3727
1828 600
2594 498
2621 3078
2594 1252
2621 3074
2625 3576
2621 3032
2621 2828
2619 2301
2625 3325
2621 3064
2621 3245
2621 3362
2625 3941
2621 3101
2621 3212
2619 1956
2625 3676
2621 3396
2625 3289
1570 182
2574 715
2625 3569
2621 3144
2625 3286
2621 2751
2600 1771
2625 3570
3455 522
2526 1725
2621 3311
2621 3397
2621 3466
2526 1111
2625 3437
2625 3919
2625 3295
2641 1080
2625 3303
2625 3275
2782 1291
2625 3605
2594 1360
2625 3138
2408 1422
2621 3428
2625 3404
2574 344
2298 2904
2621 3166
2308 634
2621 3025
2621 2969
2625 3331
2621 3119
2614 2665
2625 3575
2782 1328
2621 3494
2625 3798
2621 3077
2625 3425
2621 3127
2283 3331
2621 3195
2625 3511
2600 2043
2625 3643
2621 3019
2621 3405
2621 3346
2621 3214
2621 3413
2625 3943
2283 110
2621 2969
2283 3250
2621 2750
2625 3490
2594 202
2621 3102
2621 3277
2753 921
2625 3343
2594 642
2625 3552
2625 3503
2621 3032
2621 2906
2594 697
2625 3311
2625 3194
2594 720
2621 3476
2625 3291
2621 3390
2625 3561
2614 2566
2773 1338
2619 1957
2283 3384
2621 3244
2625 2955
2625 3166
2625 3760
2621 3048
2625 3505
2621 2816
2830 64
2625 3245
2625 3318
2621 3126
2291 1492
2621 3164
2625 3500
2621 3474
2625 3825
2621 3562
2625 3189
2625 3705
2625 3378
2625 3580
2619 1852
2621 3022
2625 3938
2625 3669
2621 3452
3054 70
2625 3768
2625 3871
2621 3191
2526 1262
2621 3042
2625 3526
2641 1621
2600 1624
2625 3776
2283 1739
2621 3273
2378 1129
2621 3136
2378 958
2621 3398
2782 581
3270 122
2621 3126
2621 3166
2625 3946
2526 911
2621 2868
2625 3252
2782 464
2621 3140
2625 3394
2625 3440
2625 3722
2641 1276
2625 3829
2625 3335
2621 3058
2614 1875
2621 3421
2625 3658
2621 3094
2625 3217
2868 36
2283 3386
2621 2895
2625 3366
2625 3734
2789 454
2625 3668
2625 3987
2625 3870
2625 2940
2641 1268
2625 3454
2405 693
2283 1698
2621 2958
2621 3012
2625 3512
2619 1329
2621 3283
2621 3162
2621 3294
2625 3615
2625 3289
2625 3646
2574 768
2625 3326
2625 3396
2621 3270
2621 2839
2298 1339
2625 3510
2625 3226
2625 3312
2621 2871
2625 3589
2589 99
2625 3516
2625 3638
2621 3516
2621 3368
2625 3632
2621 3419
2621 3005
2621 2945
2625 3465
2625 3867
2625 3454
2621 3038
2621 3320
2625 3959
2621 3224
2625 3587
2566 3221
2621 3367
2298 1568
2625 3520
2782 854
2298 410
2621 2934
2621 3150
2625 3637
2283 3236
2621 3015
2625 3529
2625 3802
2619 2097
2621 3268
2625 3243
2526 992
2625 3713
2621 3293
2625 3530
2625 3659
2625 3801
2782 1461
2619 1817
2621 2786
2625 3447
2625 3465
2621 3154
2625 3108
2625 3575
2283 3319
2621 3073
2621 2853
2621 3547
1775 86
2621 3078
2621 3028
2625 3968
2594 1657
2625 3559
2625 3055
2621 3305
2621 3176
2621 3190
2621 3433
2621 3296
2621 2923
1828 306
2621 2800
2621 2907
2625 3641
909 33
2621 3020
2473 628
2621 3035
2625 3266
2621 3122
2184 79
2291 1338
2782 627
2621 2878
2621 2926
2621 3058
2621 3236
2621 2782
2621 3494
2625 3501
2309 1359
2621 2812
2621 2951
2621 3235
2621 3053
2625 3631
2625 3504
2625 3804
2621 2965
2377 669
2625 3721
2625 3928
2621 3335
1828 271
2625 2863
2621 3288
2621 3044
2625 3731
2625 3085
2621 3147
2625 3680
2621 3127
2625 3561
2625 2153
2625 3404
2526 549
2621 3435
2625 3857
2782 1008
2621 3032
2621 3165
2621 2994
2473 1804
2625 3324
2625 3223
2625 3686
1983 49
2621 3393
2625 3657
2621 3252
2625 3733
2625 3435
2621 2988
2782 1221
2625 3751
2594 1265
2283 1415
2621 3144
2641 722
2625 3523
2845 94
2283 3221
2614 2394
2625 3241
2473 1750
2621 3210
2526 519
2621 2794
2621 2926
2625 3892
2625 3636
2473 2577
2600 2536
2291 322
2625 3137
2625 3203
2621 2923
2621 2955
2621 2834
2625 3625
2621 3145
2625 3110
2621 2821
2594 822
2625 3574
2378 1114
2283 1198
2621 3156
2621 3352
2625 3518
2526 1381
2625 2636
2621 3405
2621 2906
2625 3925
2753 789
2625 3815
2625 3437
2408 618
2625 3147
2408 690
2283 3202
2625 3635
2782 812
2621 3307
2625 3600
2621 2674
2625 3228
2625 3348
2625 3393
2625 3904
2625 3826
2625 3905
2625 3291
2625 3473
2625 3791
2621 2998
2621 2908
2625 3547
2621 3086
2298 2275
2641 1337
2298 2153
2283 3306
2625 3503
2621 3071
2621 3363
2625 2921
2625 3706
2621 3057
2625 3522
2621 3564
2141 445
2594 457
2621 3269
2625 3732
2625 3421
2625 3510
2170 2090
2594 1399
2621 2940
2574 528
2773 1534
2625 3236
2621 3385
2625 3849
2621 3301
2625 3661
2621 3325
2621 2911
2566 3143
2621 2972
2621 3062
2625 3839
2060 157
2625 3727
2283 2081
2649 79
2782 1270
2638 681
2625 3400
2526 1088
2625 3601
2625 3977
2625 3293
2621 3219
2641 946
2625 3827
2625 2744
2619 1534
2621 3012
2619 1589
2625 3843
2526 1462
2621 3062
2625 3500
2625 3041
2625 3480
2621 2897
2625 3414
2625 3630
2625 3663
2625 3110
2625 3823
2621 2902
2283 855
2625 3452
2621 3212
2621 2664
2625 3254
2625 3260
2782 817
2625 3401
2621 2733
2625 3562
2621 3508
2184 922
2526 1121
2621 3332
2625 3583
2621 3277
2621 3028
2625 3261
2555 1616
2308 352
2625 3596
2621 3277
2625 3494
2625 3053
2621 3266
2600 1691
2625 3739
2621 3148
2625 3614
2621 3200
2621 2878
2621 2776
2625 3810
2625 3439
2621 3362
2619 1697
3040 433
2625 3913
2621 2995
2621 3165
2283 1052
2621 3553
2625 3475
2621 2805
2625 3566
2625 3656
2621 2973
2621 2860
2621 3438
2625 3275
2621 2880
2625 3403
2782 519
2625 3524
2621 3305
2621 3210
2600 1493
2625 3603
2621 3443
2782 1296
2625 3736
3028 1434
2625 3795
2625 3505
2621 2377
2621 3001
2625 3733
2625 3677
2283 3401
2625 3559
2578 451
2625 3939
2621 2714
2625 3512
2625 4014
2625 3691
2600 2252
2621 3082
2621 3285
2625 3778
2782 1186
2283 3003
2625 3586
2782 1481
2625 3651
2625 3388
2621 3171
2625 3728
2625 3325
2625 3954
2625 3466
2625 3694
2868 125
2621 3418
2625 3632
2621 3032
2625 3365
2283 3303
2621 2731
2625 3113
2625 3533
2619 1399
2621 3355
2619 2163
2621 3159
2625 3689
2625 3580
2621 3120
2184 885
2621 2996
2625 3487
2625 3532
2625 3582
2625 2561
2621 3216
2621 3510
2621 2714
2621 3174
2526 1015
3593 274
2621 3219
2773 1614
2621 3319
2621 2920
2291 1973
2621 2952
2625 3745
2625 3351
2621 2906
2621 3085
2621 2936
2621 3353
2625 3545
2621 3176
2625 4010
2625 3600
2621 3061
2625 3881
2621 2809
2625 3492
2621 3085
2408 809
2621 3322
2625 3053
2621 3231
2625 3847
2625 3598
2782 1020
2625 3119
2625 3193
2625 3470
2283 2922
2621 2729
2625 3720
2621 2965
2625 2591
2621 2936
2621 3571
2621 2966
2621 2856
2621 2943
2378 1658
2621 3202
2528 1554
2594 895
2621 3175
2625 3315
2621 3187
2621 3270
2283 3391
2761 1801
2621 2753
2625 3565
2625 3712
2621 2861
2625 3682
2621 3000
2641 1363
2594 1327
2625 3238
2621 3289
2621 3111
4091 153
2621 3024
2619 1517
2625 3394
2625 3164
2621 3000
2614 2082
2621 3014
2621 2923
2625 3185
2621 3205
2621 3340
2641 1090
2625 3867
2782 1358
2625 1282
2625 3652
2782 543
2625 3417
2574 1757
2621 2991
2170 1184
2621 3001
2621 3120
2641 1234
2621 3384
2625 3674
2619 2089
2625 3279
2625 3780
2062 101
2625 3680
2614 2631
2621 3017
2625 3618
3209 633
2594 1612
2574 473
2611 1525
2621 3457
2621 3245
2621 3054
2625 3192
2621 2979
2625 3330
2600 1692
2625 3681
2625 3784
2621 3224
1570 156
1918 561
2621 3373
2621 3339
2621 3031
2526 977
2625 3451
2625 3458
2625 3825
1983 34
2868 98
2621 2982
2621 3250
2625 3663
2621 2815
2621 3104
2526 646
2625 3430
2625 3388
2526 1241
2621 3301
2621 2992
1035 13
2621 2985
2621 3362
2625 3798
2625 3377
2625 3450
2625 3478
2625 3549
2621 3435
1721 221
2625 3424
2594 1492
2621 3146
2621 3407
2621 3374
2621 3093
2528 1565
2621 3368
2625 3912
2625 3757
2621 3049
2625 3375
2621 3213
2621 2907
2649 139
2614 1726
2625 3270
2625 3468
2625 3567
2621 2406
2625 3898
2621 3351
2625 3529
2621 2977
2625 3630
2625 3276
2614 2008
2625 3697
2625 3335
2621 3105
3270 269
2621 3121
2625 3315
2621 3163
2526 679
2621 3208
2625 4069
2594 1375
2625 3494
3028 882
2283 1081
2566 3203
2621 3251
2621 2855
2625 3401
2625 3587
2611 499
2625 3581
2621 3479
2625 3369
2621 3356
2625 3526
2611 1637
2621 3443
2625 3709
2625 3311
2625 3551
2625 3671
2625 3560
2621 2940
2625 3827
2621 3460
2621 3076
2625 3162
2625 3260
2753 916
2578 417
2473 1871
2621 3276
2621 3154
2625 3713
2621 3440
3270 111
2621 2893
2621 3445
2621 2836
2621 2894
2625 3556
2526 925
2621 3069
2621 3062
2621 3142
2187 1099
2625 3602
2600 1843
2625 3603
2291 2539
2621 2745
2625 3419
2625 3397
2621 3135
2625 3887
2625 3769
2614 2094
2910 823
2621 3027
2625 3516
2625 3614
2625 3094
2566 3159
2621 2885
2625 3732
2621 3432
2625 3937
2625 3185
2625 3859
2621 3417
2621 2901
2621 2843
2625 343
2408 955
2621 3024
2621 3371
2621 2998
2625 3473
2304 63
2625 3742
2625 3399
2625 3567
2621 2495
2298 2281
2298 2866
2625 3898
2625 3985
2625 3309
2621 3248
2621 3357
2625 4004
2621 3316
2141 302
2625 3176
2621 3533
2625 3421
2621 2946
2621 3473
2621 3333
2910 548
2594 831
2621 3003
2625 3593
2771 452
2625 3875
2625 3720
2621 3074
2621 3236
2621 2946
2625 3380
2621 3262
3209 398
2621 3047
2619 1672
2621 3248
2589 373
2625 3419
2625 3427
2621 2845
2625 3542
2910 828
2782 1318
2621 3514
2574 775
2625 3229
2621 3477
2625 3826
2625 3645
2621 3497
2625 3682
1124 53
2621 3069
2625 3496
2625 3326
2619 1860
2782 678
2625 3980
2621 3058
2621 2712
2621 3229
2773 1658
2621 3299
2526 607
2621 2837
2625 3973
2625 3516
2625 3454
2625 3931
2621 3140
2625 3577
2621 2847
2773 132
2621 2991
2621 3245
2625 3798
2526 1053
2621 2865
2625 3660
4091 182
2669 243
2621 2834
2782 1365
2625 3317
2625 3894
2621 3124
2625 3443
2625 2842
2625 3823
2625 3741
2621 3089
2473 1863
2621 3198
2621 3262
2408 860
2625 3782
2625 3546
2625 3724
1787 189
2641 694
2621 3409
2621 2966
2625 3241
2625 3283
2614 1651
2600 2356
2619 1842
2600 1710
2621 2725
2625 3627
2621 3038
2621 3241
2621 3186
2621 3057
2625 3938
2621 2389
2291 1027
2621 3393
2625 3718
2621 3183
2625 3416
2621 3298
2625 3329
2625 3336
2408 1050
2408 515
2625 3565
2625 3680
2526 516
2621 3249
1679 45
2621 2983
2625 3344
2625 3333
2625 3440
2910 494
2625 3478
2621 3164
2526 1232
2625 3561
2625 3032
2621 2755
2621 3379
2625 2806
2625 3672
2621 3556
2625 3582
2625 3729
2625 3305
2621 3088
2621 3001
2621 3361
2621 3574
2621 3104
2621 3396
2050 15
2625 3594
2625 3394
2621 2954
2621 3106
2621 2777
1457 230
2621 3169
2625 3788
2283 2114
2600 2332
2625 3396
2868 370
2621 3300
2625 3101
2526 997
2614 1904
2062 624
2621 3153
2621 2839
2062 286
2621 3527
2625 3635
2625 3673
2621 2796
2773 1570
2621 3426
2625 3526
2625 3361
2782 500
2526 1536
2594 1066
2625 3567
2574 2925
2625 3311
2625 3941
2625 3153
2621 3293
2126 278
2625 3320
2625 3729
2625 3366
2621 2914
2625 3508
2773 1505
2621 3075
2621 3329
2574 1882
2621 2994
2625 3368
2625 2333
2621 3001
2526 712
2625 3506
2625 4048
2625 3515
2625 3885
2625 3633
2526 334
2625 3113
2625 3723
2625 3421
2625 3239
2611 1320
2625 3233
2594 826
2625 3585
2625 3197
2526 580
2621 2882
2621 2812
2621 3158
2621 2976
2621 3242
2625 3681
2625 3580
2625 3830
2625 3798
2621 3271
2600 1777
2473 2327
2625 3387
2625 3534
2625 3521
2625 3421
2621 3300
2600 2311
2625 3240
2625 3500
2625 3882
2625 3578
2298 1635
2625 3393
2621 3153
2621 3052
2625 3262
2625 3583
2621 3587
2625 3612
2625 3576
2625 3823
2625 3501
2621 3207
2621 2957
2625 3022
2170 1338
2625 3339
2773 1433
2621 2986
2621 2960
2526 331
2621 3123
2621 2845
2621 3076
2625 3335
2625 2543
2621 3067
2621 3260
2625 3431
2495 777
2621 2862
2621 3097
2782 431
2621 2898
2594 817
2625 2756
1773 70
2621 3183
2621 3158
2625 2649
2641 1167
2625 3707
2625 3795
2621 3067
3209 745
2625 3707
2291 1550
2621 3173
2621 3356
2621 3371
2408 650
2625 3361
2621 2990
1570 181
2625 3182
2753 1069
2625 3579
2066 98
2625 3547
2625 3487
2641 942
2621 2948
2621 3238
2625 3660
2625 3600
2621 3193
2298 924
2594 736
2625 3543
2621 3074
2782 1143
2625 3990
2594 1250
2408 802
2621 2911
2621 3042
2625 3383
2625 3282
2621 3244
2625 3483
1224 21
2526 537
2625 1957
2526 142
2625 3646
2621 2906
2621 3078
2621 3051
2566 3199
2625 2056
2625 3629
2625 3416
2641 1413
2625 3617
2625 3648
2625 3415
2621 2879
2625 3151
2621 3077
2611 1617
2621 3228
2621 2912
2625 3506
2621 2826
2621 2835
2283 2952
2625 3383
2641 684
2604 2233
2621 3120
2625 3012
2473 1186
2621 3574
2283 578
2621 3176
2621 3320
2621 3422
3270 314
2621 3598
2625 3540
2625 3405
2625 3820
2594 1091
2625 3773
2625 3357
2621 3043
2621 3257
2625 3524
2621 3264
2528 1612
2625 4037
2621 3197
2621 3082
2625 3630
2621 2998
2625 3242
2625 3391
2621 2971
2625 3507
2621 3195
2625 3718
2625 3668
2641 880
2625 3322
2621 3287
2621 3524
2773 1593
2621 2758
2621 3312
2621 3532
2625 2937
2621 3312
2594 1102
2621 3320
2621 2740
2625 3524
2621 3521
2625 3366
2621 3105
2621 3266
2621 3274
2625 3560
2604 2335
1994 219
2621 3115
2625 3460
2621 3160
2291 2019
2473 2594
2526 1322
2625 3484
1832 113
2625 3350
2621 3435
2621 3164
2625 3965
2625 3651
2625 3525
2621 3300
2621 3268
2574 2026
2621 2465
2625 3748
2308 507
2625 3427
2625 3825
2197 38
2625 3572
2621 3200
2621 3216
2621 3149
3455 248
2621 3238
2625 3846
2625 3461
2625 3085
2621 3594
2621 2880
2625 3757
2621 3176
2621 3123
2625 3394
2574 2099
2625 3169
2621 3322
1983 72
2625 3996
2625 3703
2621 3052
2625 3335
2494 697
2625 2397
2625 3418
2625 3249
2782 1281
2625 3452
2625 3417
2625 3764
2625 3699
2621 2769
2621 3273
2625 3396
2621 3286
2621 3501
2625 3594
2625 3635
2528 1774
2621 3356
2621 3491
2621 2927
2625 3220
2625 3664
2625 3157
2625 3476
2621 3183
2621 3559
2621 3183
2621 3481
2625 3726
2773 1076
2625 3532
2621 3078
3040 796
2641 668
2621 3343
2621 3030
2625 3514
2513 2205
2594 951
2625 3687
2621 3372
2625 3463
2528 1808
2625 3861
2625 1190
789 37
2283 2852
2283 3139
2753 579
2625 3889
2625 3778
2621 2994
2625 2580
2753 880
2625 3507
2594 1140
2625 3866
2621 2851
2621 3369
2419 85
2473 2056
2621 3238
2621 3032
2621 3169
1828 338
2625 3992
2625 3541
2621 3262
2621 2883
2621 2828
2621 3181
2621 3026
2625 3422
2625 3227
2621 2768
2621 3120
2621 3359
2621 2779
2625 2373
2621 3036
2625 3508
2625 3523
2625 3537
2513 1798
2621 2819
2184 985
2408 739
2625 3681
2625 3266
2621 3255
2473 1672
2473 2188
2141 341
2625 3709
2621 2848
2196 351
2625 3744
2625 3591
2625 3726
2625 3636
2621 3076
2621 2770
2614 1741
2625 3261
2283 3169
2473 2140
2283 2932
2625 3764
2782 1256
2625 3497
2625 3397
2625 3451
2526 251
2594 1607
2621 3381
2408 289
2621 3458
2641 966
2298 1386
2625 3742
2625 2860
2625 3094
2621 3162
2625 3423
2625 3591
2604 2107
2625 3207
2621 3062
2621 3100
2614 1841
2621 3192
2283 2895
2621 2917
2625 3885
2625 3526
2625 3709
2641 1585
2621 3361
2625 3581
2621 2425
2625 3072
2625 3603
2625 2818
2408 607
2621 3144
2625 3722
2621 2982
2621 3355
2621 3121
2625 3656
2621 2688
2621 3224
2184 938
2625 3856
2625 3477
2625 3515
2621 3086
2621 3043
2757 61
2283 2429
2621 2813
2625 3526
2269 84
