4547
868 3936
1393 2998
159 4769
989 1489
333 4949
448 4772
500 4674
319 4971
209 4999
167 4900
323 4836
77 4582
449 4593
323 4604
319 4679
159 4899
81 4866
1217 4976
112 4703
59 4598
497 4621
81 4888
17 4899
334 4866
93 4722
149 4884
151 4706
260 4778
329 4537
308 4562
433 4849
219 4687
20 4655
705 4358
358 4508
6 4637
241 4911
292 4709
23 4850
493 4892
102 4678
279 4564
38 4840
1695 3077
207 4982
65 4605
372 1776
633 2731
76 4739
267 4605
306 4732
392 4585
173 4931
306 4987
412 4941
472 4726
446 4995
130 4756
494 4747
100 4740
107 4996
428 4769
5 4699
206 4942
68 4831
410 4594
22 4608
21 4909
467 4757
233 4949
338 4903
59 4917
1359 2483
487 4753
392 4624
148 4668
75 4658
195 4777
2077 4080
88 4900
372 4649
495 4544
153 4879
732 812
3490 4687
235 4828
2097 2712
314 3673
385 4660
297 4629
489 4674
447 4766
33 2361
2197 3701
362 4763
438 4761
489 4586
55 4940
141 4593
2556 3034
340 4735
373 4708
223 4791
491 4712
5 4988
475 4992
268 4798
199 4571
262 4948
339 4648
82 4783
439 4628
316 4678
1452 4350
259 4993
2304 3347
175 4553
486 4544
384 4647
191 4707
102 4601
3133 4230
469 4539
335 4887
142 4506
72 4986
396 4628
169 4806
393 4551
289 4674
4152 4684
679 3191
255 4752
2274 2726
99 4614
187 4961
89 4751
476 4636
212 4619
4083 4700
296 4845
297 4737
381 4858
344 4540
246 4888
10 4872
38 4560
310 4989
359 4946
337 4905
355 4627
209 4914
412 4930
80 4965
251 4632
128 2431
419 4804
196 4549
17 4946
61 4560
1974 2321
270 4952
153 4546
112 4745
436 4607
374 4659
97 4667
341 4825
567 4631
411 4916
89 4975
2378 4634
1913 2128
387 4726
446 4771
372 4804
274 4665
340 4628
186 4686
2272 4809
315 822
65 4770
202 4684
361 4952
6 4630
460 4973
322 4652
243 4806
1268 3816
388 4804
369 4964
349 4563
365 4578
104 4541
387 4677
256 4824
2167 3126
465 4828
254 1000
200 4921
305 4539
212 4798
2014 3694
36 4738
185 4903
187 4544
946 3256
79 4556
260 4793
1927 4522
228 4693
76 4623
460 4710
160 4662
10 4645
414 4542
485 4889
105 4509
127 4845
78 4875
2879 4458
270 4602
1484 4976
94 4927
226 4547
404 4583
40 4500
372 4504
232 4676
415 4515
2560 4814
436 3395
4 4535
3 4713
72 4647
238 5000
146 4510
234 3920
11 4829
249 4954
476 4914
304 4660
225 4749
161 4804
3411 3776
411 4641
279 4953
337 4904
395 4889
444 4926
424 4519
224 4603
169 4743
1143 1318
291 4500
230 4954
49 4595
454 4828
1109 3140
144 4710
321 4776
470 4619
385 4925
956 1487
217 4713
339 4628
447 4507
437 623
286 4927
345 4973
370 4765
351 4579
78 4508
332 4553
355 4838
177 4697
81 2992
385 4944
288 4814
115 4526
16 4702
256 4619
411 4708
1140 2593
113 4781
145 4586
201 4527
385 4644
461 4608
299 4511
582 4481
37 4756
269 4992
451 4524
3254 3743
4 4569
430 4585
404 4995
263 4806
27 4734
301 4668
1556 3778
987 4855
385 4577
193 4982
983 3208
17 4929
486 4807
689 780
2412 3838
242 3380
112 4545
217 4844
74 4619
301 4829
59 4838
420 4564
500 4859
232 4974
230 2396
52 978
328 4869
445 4896
17 4500
405 4656
280 4790
385 4856
1358 1585
179 3016
286 4920
402 4561
497 4652
2550 3467
114 4790
302 4646
914 3437
67 4836
371 4538
136 4184
34 4696
163 4878
686 4501
547 2095
74 4880
428 4764
412 2494
3079 4862
275 4875
472 4988
41 4570
2124 2648
1525 2241
375 4756
413 4865
382 4642
356 4642
98 4716
247 4685
109 4738
229 4810
374 4970
452 4571
3218 4935
437 4862
308 4536
487 4636
222 4044
482 4535
56 4780
177 4893
1102 4497
1795 2142
1194 1696
1335 4143
365 4809
10 4962
157 4860
275 4569
402 4631
498 4646
118 4623
954 4537
3666 4173
3064 3696
209 4572
539 3882
3414 4042
48 4688
258 4615
270 4949
3718 4139
394 4844
36 4792
962 3335
2 4612
1767 3033
106 4622
165 4943
749 1737
270 4995
1343 2396
421 4673
46 4652
19 4658
214 4921
75 4753
1679 1942
362 4400
3703 4333
172 4824
32 4218
423 4702
371 4531
36 4638
1271 3657
1233 4556
392 4567
2204 4324
467 4582
388 4736
297 3146
196 4762
349 4903
476 4823
260 4529
4534 4554
289 4775
488 4548
90 4652
53 4579
399 4931
334 4636
3054 4532
381 4893
39 4907
128 4656
142 4892
318 4623
1259 1458
498 4532
473 4880
425 4874
250 4923
83 4613
310 4604
288 4912
1515 3331
105 4646
2753 4947
2425 3054
43 3456
493 4666
414 4614
351 4863
205 4734
398 4891
1106 4609
306 4927
215 3146
2574 4514
228 4709
3586 4049
760 4208
246 4666
228 4618
203 4982
122 4724
2830 3596
40 4617
469 4951
391 4959
249 4548
239 2174
190 2677
1412 3386
249 4681
166 4914
412 4713
193 4667
227 4539
378 4629
30 4576
388 4654
407 4757
1662 2969
2625 3005
161 4937
312 4986
396 4686
891 4830
6 4653
13 4717
451 4680
37 4521
2710 3087
238 4965
1707 3318
39 4532
211 4642
556 4506
2440 2949
176 4971
365 4567
881 1662
1832 2247
164 2003
368 4854
128 4933
440 4820
353 4502
465 4825
21 3395
174 4990
353 4763
259 4593
431 4994
1633 1838
69 4566
59 4671
282 4543
236 4615
57 4992
16 4903
129 2702
238 4875
1109 2404
317 4854
394 4973
479 4645
110 4686
1 4551
183 4659
229 4900
259 4829
315 4909
2469 2652
306 4748
32 4764
461 4988
468 4789
1 4805
87 4592
256 4676
2242 3936
204 4636
443 4820
209 4976
66 4653
9 4513
80 4914
325 4859
230 4865
536 3359
337 4569
158 4673
234 4714
382 4706
308 4908
301 4991
205 4831
393 4592
355 4699
31 4508
347 4513
197 4727
364 4824
248 4676
382 4754
240 4545
301 4618
130 4612
184 4681
69 4538
3058 4571
469 4712
424 4918
315 4705
285 4931
3890 4988
2358 2428
39 4904
168 4827
362 4581
365 4986
205 4611
305 4749
851 2767
280 4644
209 4666
183 4568
175 4836
695 1981
456 4628
3826 3960
480 4772
146 4902
276 4560
2334 3981
199 4903
473 4570
204 4781
3697 4637
481 4545
364 4831
352 2043
1663 4072
128 4695
195 4866
268 4665
2578 2875
2649 4273
263 4702
369 4670
187 4919
22 4781
395 4976
458 4751
2 4619
239 4795
437 4926
312 4635
100 4917
337 4938
3816 4229
359 4885
396 4891
169 4821
16 4655
231 4839
331 4523
199 4666
258 4873
267 4633
106 675
459 4536
171 4874
43 4585
296 4584
103 4806
56 860
1433 1524
3196 3680
107 4980
234 4576
445 4814
19 4958
44 4799
329 4805
135 4541
276 4779
20 4904
373 4527
318 4647
2213 3809
80 4646
2291 2812
270 4589
2877 3941
369 4921
216 4862
2165 4008
437 4566
124 4829
118 4962
2309 3894
418 4767
151 4910
16 4504
277 4842
64 4840
103 4610
36 4618
111 4983
498 4895
2377 3909
430 4752
186 4888
240 4569
267 4998
242 4734
179 4913
222 4725
215 4562
378 4760
174 4969
58 4845
271 4592
54 4694
140 4814
458 4931
2716 3376
84 4792
9 4510
490 4836
523 3816
145 4312
233 4828
454 4577
46 4636
345 4834
2014 4618
311 4858
2510 4101
90 4592
294 4759
419 4556
395 4786
382 4540
319 4904
444 4880
226 4504
74 4568
196 4937
62 4526
787 1771
375 2009
392 4614
366 4560
270 4812
468 4739
306 4834
1035 2296
292 2574
189 4847
256 4615
1918 4214
393 4715
660 2834
432 4828
80 4522
69 4735
3318 3686
351 4809
354 4999
108 4738
121 4543
52 4594
580 4070
453 4909
500 4664
179 4630
473 4989
12 4900
346 4696
328 4720
401 4596
222 4641
211 4748
1681 4747
334 4629
294 4782
307 2822
3634 3676
19 4988
1404 4860
2126 2305
275 4587
91 4955
1623 3730
1613 4309
190 4903
4868 4975
488 4877
215 2506
86 4989
499 4987
269 4918
256 4657
159 4592
224 4971
24 2301
3235 3554
181 4981
305 4669
117 4978
210 4358
182 4628
497 4932
291 4511
1108 3701
2899 3489
237 4749
414 4934
292 4963
279 4509
294 4704
367 4577
326 4967
410 4658
428 4921
450 4884
1855 4004
257 4752
3656 3829
290 4779
343 4979
317 4759
1966 2582
305 4611
198 4569
274 4721
44 4616
285 4709
274 4731
223 4776
442 4665
310 4773
152 4858
129 4911
102 4547
135 4663
764 3571
215 4745
150 4513
195 878
104 4584
1384 3343
461 4942
152 4604
167 4751
89 4688
90 4520
270 4671
1436 3804
400 4593
29 4758
134 4892
3380 4911
211 4722
2 4894
188 4540
1761 1858
367 4569
493 4639
1774 2127
1900 4986
435 4772
152 4500
387 4717
338 4947
73 571
159 4780
42 4918
272 1352
107 4660
280 4668
598 3457
244 4872
15 4676
454 4962
272 4991
62 4855
177 4742
293 4985
24 4775
420 4644
1417 3131
59 4760
329 4956
184 4550
311 4859
1134 4252
400 4590
1191 4345
90 4619
418 4696
87 4592
37 4570
386 4837
284 4577
17 4692
451 4544
808 2449
426 4850
489 4593
317 4844
51 4864
292 4808
317 4583
358 4695
1578 2455
478 4562
908 3868
36 4981
161 4513
309 4896
330 4759
405 4737
405 4620
1133 2980
394 4533
475 4625
343 4520
116 4798
90 4998
152 4730
368 4540
108 4738
1983 4390
572 987
275 4723
1467 2019
2738 2881
307 4920
171 4922
269 4544
571 3305
194 4633
256 4719
400 4697
268 4837
440 4627
376 4992
304 4604
153 4530
141 4743
241 4727
3503 4158
176 4765
466 1205
302 4703
409 4593
247 4934
42 4654
446 4751
347 4896
218 4560
202 4528
196 4838
2550 2919
494 4553
44 4590
21 4678
488 4728
373 4936
266 4891
368 4623
189 2818
41 4845
2075 4301
79 4849
57 4869
478 4674
386 4534
2873 2922
2267 3790
117 4687
48 4700
190 4636
4221 4820
240 4601
345 4613
294 4778
245 4899
410 4984
141 4999
433 4801
475 4906
29 4927
2815 4914
449 4635
342 4579
424 4939
128 4880
7 4557
345 4810
477 4861
564 3253
349 4558
254 4809
388 4688
300 4711
190 876
2822 2967
983 2784
37 4616
1931 4619
97 4608
3119 3558
1069 2878
255 4721
71 4651
322 4812
98 4566
246 4540
321 4758
158 4565
3258 4798
2246 3423
150 4602
92 4906
301 4925
246 4724
11 4885
3428 3783
114 4901
427 4999
142 4902
231 4804
389 4528
233 4541
460 4811
132 4936
917 3308
153 4903
181 4732
277 4687
656 2678
212 4776
389 4522
170 4587
181 2131
2658 2929
34 4618
1135 4070
326 4858
359 4743
205 4874
168 4593
485 4549
344 4609
449 4911
468 4674
319 4624
332 4514
345 1625
275 4995
95 4630
529 4483
102 4801
269 4584
79 4605
92 4836
177 4819
354 4853
301 4500
473 4620
179 740
499 4810
39 4802
228 4971
207 4606
7 4566
3942 4101
79 4890
245 4794
101 4740
14 4619
246 4741
449 4754
143 4658
325 4561
110 4518
732 4790
401 4891
199 4909
383 4737
162 4528
215 4750
421 4990
130 4767
2283 3302
38 4796
3402 3781
379 4780
965 4816
69 4942
283 4549
8 4565
12 4550
53 4982
146 4611
299 4503
235 4681
342 4576
327 4626
84 4800
284 4505
490 4551
251 4769
323 4864
161 4983
30 4606
166 4655
76 4523
4044 4376
81 4698
305 4712
147 4665
446 4802
460 4813
402 1374
389 4515
1162 2893
487 4600
63 4889
375 4882
199 4660
318 4855
146 4736
76 4933
357 4555
668 4423
407 4775
408 4801
140 4907
238 4973
73 4751
435 4526
2269 4511
193 4726
498 4916
18 4810
311 4739
44 4690
803 4138
2188 4942
188 4599
203 2887
480 4619
258 4978
395 4974
487 4881
369 4991
145 4881
193 4565
374 4923
27 4893
68 4719
369 4962
95 4737
495 4978
84 4862
320 4932
133 4617
337 4998
169 4805
377 4804
411 4857
21 4996
294 4781
45 4787
286 986
448 3141
54 4741
82 4906
241 4932
496 4679
323 4596
473 4693
332 4875
449 4706
469 4519
468 4764
107 4851
2131 4828
472 4823
324 4934
3321 4760
290 4671
3364 4710
356 4568
1811 4536
7 4738
215 4981
243 4910
489 4959
239 4951
125 4508
165 4812
113 4864
449 4582
56 4646
14 4981
268 4983
1515 3350
265 4952
340 4994
409 4516
236 4810
151 4941
83 4981
478 4918
329 4827
466 4929
1797 4494
162 4808
108 4649
10 4800
4091 4150
396 4611
157 1694
1315 1487
199 4937
425 4573
83 4940
297 4508
89 4878
242 4732
396 1921
3944 4873
122 4979
353 4828
155 4504
451 4627
154 4959
3313 4960
244 4798
376 4803
429 5000
42 4700
486 4742
377 4704
195 4884
415 4646
54 4960
4 4984
417 4534
242 4637
310 4788
110 4613
10 4902
238 4865
460 4562
285 4797
332 4930
167 4518
123 4728
10 4843
1 4814
20 4737
188 4880
891 2974
361 4631
287 4538
224 4517
2619 3547
382 4865
280 1435
131 4904
487 1169
403 4907
301 4770
486 4974
85 4518
429 4663
295 4613
101 4525
116 4573
169 4719
284 4991
1297 1570
3817 4828
19 4575
37 4836
1720 4855
125 4736
329 4686
44 4971
283 4748
465 4594
390 4833
98 4771
399 4517
265 4632
253 4618
334 4781
380 4595
76 4901
364 4838
247 4708
111 4538
5 4681
425 4546
20 4690
559 4789
355 4610
2616 3588
407 4976
264 4500
265 4764
306 4637
267 4706
424 4742
1753 3954
2773 3346
459 4561
166 4936
204 4967
221 4622
142 4988
246 4686
1707 4846
131 4692
403 4730
20 4832
426 4509
78 4830
60 4945
167 4778
218 4511
297 4958
2183 2312
13 4969
462 4647
105 4837
329 4954
110 4980
285 4529
834 2169
360 4732
279 4627
397 4694
261 4605
42 4882
1229 1444
1909 3103
323 4786
169 4577
390 4939
84 4761
7 4865
375 4664
1350 3444
149 4868
111 4734
281 4827
108 4678
456 4612
15 4990
272 4591
2298 3095
685 2435
163 4768
297 4955
53 4873
55 4781
278 292
1071 1708
75 4967
415 4554
202 4518
3541 4252
293 4858
344 4820
586 2240
406 4932
499 4829
390 4870
105 4543
232 4894
4424 4663
466 4997
4765 4802
92 4732
448 4604
981 3491
184 4667
269 4938
187 4568
219 4960
209 4716
271 4606
448 4947
2453 2632
499 4841
150 4917
13 4892
179 4556
1861 4157
165 4858
268 4817
2905 3913
25 4976
276 4650
265 4932
1557 3125
352 4988
309 4513
399 4864
379 4853
142 4749
151 4990
362 4944
1430 3880
831 2899
875 2692
54 4635
127 4580
88 4721
886 2189
1077 4312
143 4779
146 4871
118 4869
2470 4782
1887 2093
390 4926
355 4784
387 4767
408 4541
4118 4937
692 4438
1139 3716
434 4555
980 3924
648 3311
288 2826
1618 4404
355 4518
375 4615
2782 3419
3187 3257
441 4826
1535 3536
62 4771
2719 4196
73 4502
3 4832
109 4680
163 4764
482 4581
199 4638
198 4768
611 1283
95 4890
67 4806
149 4859
1243 3135
487 4916
185 4918
279 4677
1403 2549
123 4911
412 4581
438 4566
623 4264
44 4904
235 4507
143 4827
384 4824
109 4603
492 4872
105 226
343 4760
1263 1986
80 4715
146 4832
79 4504
2256 3164
2167 2795
467 4898
12 1522
287 4684
345 4684
1878 4999
262 4892
184 4758
64 4895
1936 3356
1376 1432
485 4614
175 4981
934 1747
333 4704
488 4634
122 4991
181 4470
180 4914
2727 3329
156 4642
1563 3095
806 1453
4406 4580
498 4535
277 4764
135 4552
2193 2935
99 4602
471 4666
451 4917
82 4535
203 4629
465 4526
405 4719
297 4911
39 4734
377 4890
112 4666
1520 2539
93 4879
460 4931
72 4533
415 4602
1532 2306
347 4829
2160 2241
160 4549
460 4623
260 4787
539 1305
15 4934
3 4917
476 4668
2771 3810
124 4599
388 4577
168 4830
265 4743
1815 4446
157 4764
252 4608
1745 4688
332 4961
390 4984
91 4601
446 4821
522 3880
239 4781
286 4853
397 4713
276 3866
10 4534
349 4931
134 4706
37 4901
445 4823
1478 4541
1918 3770
2949 3228
4351 4835
1743 4646
398 4994
88 4625
444 4546
418 4908
49 4678
47 4551
468 4936
2154 3138
337 4746
118 4950
257 4636
168 4777
155 4530
486 4646
132 4845
174 4876
228 4541
114 4576
3654 4674
1911 4387
283 4517
273 4530
7 4784
292 4576
285 4881
454 4633
59 4644
360 4660
491 4926
439 4748
401 4922
492 4748
143 4648
324 4978
490 4665
452 4715
407 4646
122 4767
142 4774
445 1784
193 4679
261 4689
94 4773
4 4929
384 4579
55 4719
361 4554
154 4792
334 4797
224 4774
60 4724
470 4985
258 4838
380 4176
491 4594
1947 3020
288 4829
4473 4729
390 4997
186 4881
881 4519
135 4929
84 4502
215 4710
367 4951
82 4851
3 4906
7 4918
2129 2574
488 4900
148 4654
309 4982
1589 3412
231 4831
35 4906
459 4876
3773 4944
1364 3014
186 4625
842 2032
446 4974
331 4762
536 4315
497 4618
474 4565
387 4743
114 3825
3263 4807
48 4723
119 4750
411 4977
159 4730
462 4570
106 4805
29 4548
158 4539
428 4872
2925 3985
339 4549
243 4596
238 4665
463 4741
51 4734
110 4589
351 4542
278 4920
3783 4414
287 4934
405 4765
243 4655
32 4976
399 4954
363 4906
417 4762
150 4695
1915 3962
3 4515
369 4890
476 4663
363 4972
493 4915
294 4975
359 4656
86 4838
254 741
127 4513
229 4756
81 4764
157 4692
2761 3693
149 4786
450 4849
35 4740
31 4534
166 4550
275 4548
76 4988
469 4579
239 4808
428 4777
87 4741
38 4526
19 4836
266 4621
255 4601
358 4618
189 4800
277 4847
635 3300
162 4997
224 4780
271 3728
49 4676
208 4916
80 4668
202 4819
25 4513
255 4941
106 4631
227 4607
460 4660
2252 4571
743 1710
407 4909
371 4517
351 4950
330 4777
290 4918
287 4526
277 4720
134 4682
411 4660
187 4981
375 4617
492 4633
26 4770
464 4676
3229 4054
165 4675
191 4723
98 4521
2 4770
260 4854
1570 2913
241 4794
2196 2855
166 4589
251 4686
6 4911
143 4913
429 4605
260 4939
488 4580
340 4949
442 4997
5 4815
127 4688
294 4824
26 4699
362 4962
345 4706
284 4517
293 4524
142 4734
355 4810
80 4924
38 4865
191 4605
390 4876
15 4687
1299 1912
422 4696
1683 3448
168 4866
462 4636
485 4814
1410 1862
396 4687
306 4613
203 4588
313 4704
175 4648
316 4922
433 4547
83 4738
132 4781
214 4632
91 4845
500 4987
115 4870
1944 2919
334 4865
214 4664
4526 4768
79 4797
289 4643
394 4988
313 4564
370 4507
341 4999
98 4757
215 4857
348 4665
90 1793
140 4751
498 4977
411 4949
2015 3025
454 4707
417 4697
241 1263
411 4986
3238 3524
198 4528
274 4772
357 4510
436 4621
202 4853
375 4999
83 4756
309 4994
136 4613
366 4516
297 4889
323 4829
460 5000
49 4819
325 4615
153 4642
315 4717
353 4528
1 4889
376 4981
769 1003
1523 2852
453 4710
131 4824
408 4655
27 4960
1383 2065
362 4866
154 4660
1540 1611
266 4878
474 4717
457 4532
472 4734
118 4699
385 4946
420 4777
328 4974
372 4904
482 4814
226 4574
3352 3642
3886 4822
425 4632
282 4534
150 4801
15 4669
1042 3376
675 4915
25 4640
213 4617
351 4557
1412 2129
492 4822
1 4545
491 4584
414 4930
234 4500
447 4898
146 4913
252 4775
13 4910
435 4909
3193 4232
147 4718
176 4523
156 4506
1539 3139
2308 3400
2994 4900
219 4843
23 4886
521 4864
435 4762
208 4662
272 4838
369 4914
86 4990
34 4750
203 4980
113 4896
236 4711
337 4755
359 4803
288 4671
391 4708
61 4990
138 4813
94 4639
452 4759
13 4946
192 4764
20 4605
224 4915
262 4930
2450 2874
3876 4820
434 4798
6 4813
97 4956
311 4892
1173 3782
441 4800
370 4598
287 4536
4 4584
278 4676
274 4893
484 4749
168 4695
476 4940
8 4777
57 4600
285 4879
543 4077
350 4701
1597 4295
144 4823
201 4534
372 4679
2526 3687
322 4735
139 4674
85 4880
271 4752
474 4700
256 4763
146 4986
313 4821
106 4522
2 4624
84 4830
280 4763
43 4733
185 4898
1520 3295
492 4993
203 4958
2225 3735
3033 3887
272 4675
83 4600
355 4505
115 4518
32 4654
492 4680
210 4670
388 4822
159 4115
258 4504
437 4610
327 4942
1533 4114
567 656
352 4573
547 2775
2199 2656
71 4515
263 4701
379 4688
305 4587
102 4925
300 4856
217 4528
909 1401
410 4131
345 4636
29 4827
151 4721
4125 4482
288 4704
484 4769
259 4605
135 4363
139 4649
74 4747
392 4934
404 4901
2279 3567
831 1489
163 4942
130 4969
249 4743
406 4772
269 4803
302 4877
2187 3614
421 4723
481 4521
208 4536
181 4771
294 4656
426 4694
162 4910
749 1801
1644 3557
36 4853
310 4788
352 4544
41 4706
493 4544
294 4896
307 4718
158 4515
399 4685
400 4907
1626 3970
69 4662
473 4632
113 4707
783 4921
141 4838
65 4801
359 4871
232 4616
471 4565
288 2737
4796 4847
254 2923
1275 3878
98 4713
154 2228
338 4835
214 4982
416 4628
246 4718
431 4738
467 4848
28 4738
204 4702
181 2006
392 4919
78 4819
350 4753
372 4601
87 4998
1954 3623
2147 3592
453 4920
283 4969
213 3359
222 4928
196 4927
374 4921
323 4657
200 1221
309 4719
2022 2843
3034 3535
382 4544
309 4749
6 4713
62 4936
344 4918
440 4748
274 4932
486 4779
367 4526
753 2333
2230 3393
4855 4886
313 4564
36 4534
365 4803
33 4607
386 4570
334 4715
459 4700
125 4647
271 4892
65 4607
767 3082
2896 4317
348 4675
2768 4941
1657 3886
176 4822
6 4971
95 4941
465 4842
335 1260
182 4628
322 4763
273 4966
1084 1533
1224 2206
186 4725
255 4618
145 4970
242 4559
400 4985
394 4567
161 4631
259 4555
2231 2761
391 4728
58 4824
220 4535
3020 4943
3505 4508
82 4877
235 4897
483 4593
13 4760
2107 4108
406 4572
486 4978
447 4953
374 4948
163 4940
3108 4652
229 4769
189 4513
1887 2606
108 4755
380 4875
254 4841
305 4565
27 4950
48 4519
300 2312
117 4894
163 4724
528 2973
19 4601
460 4760
252 4572
27 4563
166 4969
1422 4978
226 4863
282 3585
317 4843
364 4503
2513 2803
134 4560
2017 2132
364 4523
145 4825
3511 3849
1051 4783
84 4919
701 3626
351 4840
58 4621
451 4900
41 4613
880 2170
182 4769
390 4573
1124 4574
148 4998
217 4761
494 4753
478 4607
49 4902
263 4685
252 4775
208 1349
2157 4957
204 4589
327 4518
479 4653
215 4899
128 4670
393 4772
305 4630
385 4706
17 4695
440 4856
171 4661
391 4576
27 4655
2752 3416
489 4822
387 1558
256 4505
392 4674
268 4911
293 3912
158 4528
401 4952
80 4778
385 4917
55 4958
4051 4631
92 4653
199 4782
52 4548
43 4733
389 4801
224 2375
325 4567
364 4794
249 4605
162 4534
177 4981
119 4925
2014 4863
477 4787
15 4951
378 4534
396 4974
94 4927
113 4571
86 4787
92 4873
286 4767
1927 2358
3089 3374
435 4503
253 4809
191 4689
417 4763
161 4565
130 4673
2374 4082
1241 1789
44 4572
463 4834
369 4860
168 4528
20 4992
408 4580
354 4937
493 4851
422 4677
280 4550
193 4541
427 4705
247 4627
205 4690
85 4744
188 3533
153 4839
174 4951
270 4941
17 4604
3598 4680
49 4642
176 4624
2165 4033
457 4718
50 4834
425 4926
500 4804
312 4664
283 4700
2457 3337
155 4675
3933 4742
16 4749
245 4557
478 4728
475 4989
433 4857
175 4915
98 4512
109 2116
376 4736
440 4682
375 4764
79 4516
167 4574
272 4821
235 4869
814 2970
52 4798
66 4564
89 4683
165 4633
279 4916
194 4843
252 923
415 4841
347 646
52 4593
224 4921
962 1910
297 4928
234 4997
826 3639
1524 4432
2061 2748
317 4577
2159 4251
131 4925
253 4920
210 4536
324 4613
256 4673
132 4765
90 4671
19 3842
430 4524
297 4825
176 4920
193 5000
58 4638
50 4901
224 4654
366 4919
2051 4949
484 4769
189 4658
104 4943
84 4611
1457 4155
190 4750
299 4636
141 4615
423 4752
71 4676
74 4671
874 3213
97 4648
172 4762
861 4017
287 4908
354 4579
281 2986
125 4913
462 4503
154 4698
26 4562
439 4600
483 4534
280 4775
65 4532
236 4886
35 2840
271 4541
367 4541
444 4726
71 4881
10 4980
55 4638
337 4510
359 4942
117 4886
325 4509
24 4874
476 4824
2309 3878
360 4866
287 4770
191 4741
332 4951
366 4911
1 4876
1095 1667
189 4926
40 4677
181 4709
264 4995
4077 4754
1506 2278
473 4762
99 4997
453 4833
510 1810
294 4805
490 4808
89 4766
492 4604
2450 3264
220 4922
122 4915
319 4532
234 4673
383 4596
362 4604
414 4738
302 4771
226 4559
128 4560
288 4886
352 4600
341 4655
112 4532
3 4606
187 4921
1 4893
311 4761
311 2225
121 4704
390 4835
240 4796
314 4525
454 4509
171 4995
1096 2750
91 781
475 4848
334 4790
11 4807
337 4836
392 4942
134 4565
212 4998
309 4941
498 4685
145 4934
292 4568
339 4623
321 4825
365 4929
1151 1484
411 4914
1704 3424
3287 4839
329 2717
733 742
122 4551
16 4538
89 4882
131 4767
128 4628
232 4946
626 2768
1823 2299
394 4549
475 4639
75 4905
457 4615
224 4858
130 4339
1442 4198
214 4984
213 4726
485 4651
227 4831
296 4752
12 4519
417 4652
485 4752
220 4862
174 4981
269 4975
99 4583
118 4765
2594 4697
61 4811
376 4577
2184 4168
317 4579
426 4865
439 4937
58 4612
683 3201
3536 4006
317 4515
140 4908
117 4565
609 3911
159 2945
405 4786
128 161
93 4718
302 4903
66 4524
114 3539
415 4750
2938 4105
287 4773
421 4766
1262 1445
368 4686
23 4749
387 4690
274 4684
167 4674
339 4866
386 4948
70 4717
239 4590
234 4694
445 4934
3872 4995
718 3065
234 4652
222 4890
226 4919
339 4512
43 4999
251 4504
444 1162
331 4826
371 4869
207 4798
751 3589
70 4571
120 4667
423 4593
291 4502
3561 3599
2170 3722
276 4677
27 4618
22 4706
482 4946
420 4539
2737 4111
119 4767
383 4996
219 4904
481 4953
412 4575
150 4555
86 4953
6 4547
300 4929
281 4863
230 4979
454 4569
427 4914
492 2659
3182 4536
29 4628
170 4712
160 4796
3 4981
239 4895
476 4585
159 4730
267 4564
4679 4950
413 4946
1519 4888
342 4862
99 4983
427 4975
350 4849
165 4789
476 4507
1524 1950
487 4815
741 4645
357 4993
2031 4631
370 1255
169 4760
469 4558
48 4673
752 3168
1488 3897
330 4579
98 4948
133 4778
394 4809
279 4832
4093 4608
409 4720
11 4965
2757 3152
465 4844
298 4842
226 4553
376 4908
293 3811
198 4937
409 4532
222 4639
393 4505
412 4892
305 4625
492 4980
67 4849
437 4790
2726 4802
70 4955
108 4853
350 4662
5 4710
443 4556
249 4935
82 4947
366 4809
4765 4826
1283 2626
297 4723
31 4964
451 4538
280 4957
493 1000
400 4603
494 4825
337 4731
140 4548
1945 4722
38 4656
483 4841
2589 2686
223 4510
991 4747
284 4778
297 4745
496 4724
55 4852
101 4583
1787 1837
263 1716
222 4695
107 4675
312 4901
500 4983
491 4625
427 4662
631 1806
330 4644
2128 4645
3970 4663
128 4893
27 4998
304 4683
109 4538
217 4508
319 3114
297 4543
276 4882
318 4601
487 4642
168 4566
100 4921
4005 4420
153 4989
861 4496
186 3981
306 4782
198 2473
240 4793
1512 1602
2555 4660
379 4592
91 4722
450 4669
59 4697
295 4610
101 4846
2371 4711
396 4641
295 4911
411 4942
27 4548
200 4740
132 4578
249 4982
350 4550
489 4653
27 4749
192 4936
182 4457
323 4526
335 4941
60 4812
172 4756
1250 4733
355 4809
237 4903
1705 4691
3260 4484
58 4772
199 4687
153 4550
15 4603
1496 3940
158 4649
246 4575
168 4568
37 4880
468 4765
18 4807
1976 4061
482 2196
210 4773
134 4733
8 4906
18 4670
329 4888
467 4544
226 4875
412 4572
335 4672
118 4788
68 4885
300 4776
825 2957
293 4902
667 760
139 4597
429 4807
59 4583
82 4967
296 4857
72 4645
270 4836
350 4959
426 4997
1102 3114
291 4984
203 4816
93 4543
381 4576
744 1502
56 4787
1193 1814
4 4759
336 1468
449 4743
226 2971
1335 4317
73 4676
285 2445
298 4725
162 4849
1290 4695
184 4646
225 4865
1833 3405
188 4744
1750 3834
2141 3895
215 4650
75 2884
207 4661
218 4628
123 4833
250 4577
49 4582
69 4922
445 4744
482 4577
403 4598
83 4970
500 4913
449 4681
253 4793
217 545
271 4569
171 4918
394 4916
39 4723
11 4866
160 4955
264 4778
555 1238
2473 3699
209 2358
81 4789
215 4545
1893 2760
675 3322
356 4990
253 4538
264 4624
1022 1369
2317 2758
1839 4571
127 4625
208 4856
196 4825
77 4500
199 4727
314 536
742 1803
76 4868
489 4585
44 4676
419 4622
480 4763
619 3973
387 4828
308 4772
201 4633
6 4910
1750 3492
429 3364
46 4507
131 4600
368 4967
1174 1839
30 4800
350 4713
285 4688
132 4974
377 4517
858 3933
145 4817
47 4264
308 4525
369 4790
317 4930
562 2085
477 4613
415 4877
448 4838
28 4655
122 4975
21 4626
312 4915
421 4503
29 4829
211 4684
106 4552
86 4573
663 3158
264 4731
3652 3935
498 4607
204 4724
267 3898
40 4695
7 4740
440 4701
205 4714
1753 4710
306 4851
5 4511
495 4859
262 4594
630 1331
476 4621
360 4943
1054 3319
347 4582
203 4992
330 4534
648 4486
182 4806
6 4790
161 4765
56 4738
8 4779
314 4730
30 4565
205 4639
223 4905
166 4644
358 4579
9 4796
26 4793
97 4734
298 4616
231 4960
469 4538
106 4881
91 4577
2796 4619
311 4890
120 4845
21 4968
537 3030
302 4739
321 4824
307 4633
283 4752
192 4793
2669 2804
65 4875
290 4593
103 4809
638 3416
225 4659
629 4344
340 4973
96 4716
4550 4890
331 4464
268 4762
639 4761
2812 3910
703 2847
174 4631
279 4778
478 5000
2845 4808
208 4949
76 4714
267 4530
358 4939
129 4939
1411 4640
163 4719
488 4875
131 4772
2119 2755
1113 4013
1320 1582
41 4685
323 4836
205 4932
114 4745
283 4700
427 4943
489 4632
9 4503
202 4891
258 4683
3589 4383
3183 4107
415 4826
425 4815
1457 4000
154 4670
224 5000
454 4829
271 4978
216 4550
110 4608
219 4809
101 4788
234 4895
480 4627
143 4814
121 4594
313 4978
214 4590
438 4795
450 1674
373 4847
2528 2850
381 4568
130 4811
238 4859
436 4852
454 4803
256 4810
115 4998
281 4776
486 1016
342 4708
161 4573
158 4728
98 4684
165 4910
342 4645
421 4957
241 4579
390 4668
86 4956
338 4627
436 2843
109 4648
116 4947
134 4905
477 4753
295 4838
354 4931
178 4892
234 4567
226 4533
48 4580
232 4581
1039 1396
59 4543
354 4826
266 4681
392 4894
2062 2642
403 4583
403 4797
248 4715
3651 4670
361 4983
297 4679
48 4661
105 4972
290 4171
168 4527
102 4984
28 4526
296 4511
202 4553
1374 4270
149 4952
439 4790
136 4888
224 4671
375 4779
471 4599
410 4902
132 4905
1183 1609
311 4960
2898 3567
25 4826
258 4719
68 4984
277 4961
86 4882
36 4574
325 4664
274 4976
481 4597
236 4634
213 3403
181 4647
349 4766
2897 4192
371 4759
100 4987
151 4767
59 4820
1927 2750
493 4786
127 4840
334 4996
472 4897
39 4865
67 4836
144 4573
1404 3086
488 4684
458 4568
212 4572
264 4886
104 4688
277 4724
356 4526
372 4635
99 4904
347 4555
1406 1963
668 3171
376 4812
308 4852
2050 3552
141 4552
207 4541
454 4927
311 4923
445 4791
89 4701
349 4557
5 4836
868 2064
295 4645
741 4922
1121 2515
361 4527
897 3704
85 4744
491 4985
194 4523
492 4559
62 4766
130 4685
41 4688
462 4922
86 4797
212 4612
2684 3779
140 4597
486 4674
864 2005
2713 3975
249 4715
229 4811
137 4999
374 4955
445 4503
90 4738
369 4864
197 4843
2119 3492
204 4709
143 4828
369 4869
470 4810
499 4851
51 4931
497 4879
48 4715
159 4598
286 4820
3162 3468
1 4843
115 4670
359 4590
3678 4150
30 4815
440 4880
200 4868
499 4894
482 4665
361 4773
423 4659
26 4565
284 4628
25 4984
256 2681
3870 4886
132 4536
147 4759
377 4575
385 4771
382 4650
37 4630
115 4807
299 4567
1775 2650
125 4898
335 4649
2781 4741
329 1887
210 4647
99 4512
77 4770
153 4829
2060 4275
179 4891
47 4766
249 4580
206 4948
28 4988
785 1001
258 4722
192 4552
475 695
240 4903
494 4709
268 4981
298 4807
66 4731
263 4634
455 4670
1994 3219
940 2303
345 4739
484 4946
1751 2827
196 4905
56 4504
154 4949
135 4651
4019 4220
1000 2495
293 4763
750 1713
188 4617
54 4696
165 4888
224 4991
12 4720
396 4663
116 4547
82 4750
218 4951
128 4607
337 4549
2510 4557
354 4693
135 3203
449 4507
274 4800
1523 2247
732 3744
374 4912
332 4852
261 4094
344 4765
29 4628
1755 2944
97 4845
1547 1550
3663 4842
380 4927
281 4512
238 4915
194 4843
413 4702
3716 4869
105 4513
168 4813
102 4967
284 4543
434 4619
1528 3733
1598 2726
366 4525
349 4757
232 4766
315 4723
399 4785
3288 4980
43 4821
439 4994
374 4639
499 4971
259 4838
121 4639
1828 1856
187 4640
87 4832
209 4829
35 4585
208 4501
173 4883
351 3062
51 4687
305 4796
128 391
218 4653
2408 4602
51 4501
137 4731
104 4596
6 4864
293 4975
509 3271
421 4600
53 4655
233 4742
459 4895
329 4522
1609 4779
1383 2556
412 4925
414 4774
482 4561
347 4690
737 1137
414 4991
163 4575
266 4973
862 4628
22 4795
68 4996
499 4695
355 4544
41 4551
381 4819
184 4628
335 4923
355 4774
295 4874
16 4871
1371 2728
481 4619
294 4898
268 4839
476 4753
251 4862
124 4742
2641 3395
7 4608
380 4967
435 4818
1897 2618
244 4891
615 2063
261 4605
136 4656
467 4732
822 1320
359 4689
193 4959
290 4719
107 4540
500 4507
105 4504
332 4624
296 4949
946 2522
421 4875
3620 4356
353 4751
189 4783
407 4956
254 4612
202 4738
214 4720
142 4965
243 4593
256 4689
334 4692
468 4792
437 573
454 4874
94 4627
2945 4214
394 4950
5 4802
2611 3070
256 4824
110 4939
169 4593
222 4656
18 4728
78 4637
155 4734
3028 3030
221 4742
375 4518
130 4844
69 4596
444 4752
292 4598
406 4825
1307 3885
256 4782
250 4665
290 4827
3503 4519
782 2058
60 4976
88 4976
328 4550
271 4727
87 4620
398 4725
476 4823
1430 4366
347 4963
58 4841
253 4604
39 4648
467 4915
92 4768
409 4574
133 4599
174 4920
155 4851
24 4538
137 4649
344 4858
598 3230
225 4738
166 4588
3497 4375
44 4866
444 4709
309 4695
4063 4079
1721 4944
257 1314
481 4567
8 4644
160 4644
410 4856
1121 2856
303 4834
29 4619
183 4506
273 4971
288 4790
401 4781
342 4699
171 4712
484 4708
71 4985
368 4758
495 4633
132 4684
127 4731
80 4776
489 4551
464 4973
409 4600
425 4773
310 2747
384 4109
230 4892
47 4579
166 4797
342 4987
879 1762
383 4545
270 4540
465 4572
470 4650
218 4946
59 4622
433 4779
150 4663
469 4786
309 4670
2717 3845
97 4926
488 4843
320 4956
3838 4244
170 4611
264 4837
206 4680
339 4568
424 4886
143 4509
42 4681
122 4707
17 4829
3447 3453
89 4771
4503 4750
419 4984
1626 4754
117 4826
387 4653
80 4606
3452 4776
65 4533
226 4831
246 4575
233 4701
33 4751
312 4864
2344 4618
397 4536
184 4762
286 4584
3801 3926
315 4776
159 4962
64 4768
475 4942
235 4768
260 4597
742 3334
123 4926
173 4831
276 4882
2376 2696
165 4505
99 4960
3 4534
489 4617
382 4749
290 682
883 1202
294 4542
158 4738
332 4844
157 4587
363 4928
274 4816
267 4744
2927 4304
316 4614
90 4904
2998 3699
27 4667
365 4917
482 4608
2494 3424
144 4895
235 4548
95 4730
7 4882
164 4576
243 4664
435 4827
439 4661
2795 4768
93 4594
489 4809
169 4593
69 4923
387 4558
134 4830
99 4516
141 4548
23 4885
255 4693
264 4885
486 4555
212 4712
155 4737
2262 2766
469 4660
416 4529
293 4593
11 4662
213 4567
471 4906
1515 2003
124 4720
438 4675
150 4751
1904 2506
939 3494
9 4959
337 4784
3980 4914
284 4878
182 4606
37 4625
482 4579
415 4619
2309 2479
398 4652
219 4881
108 4735
484 4682
222 4647
56 4878
420 4895
384 4553
820 1195
176 4783
86 4716
489 4955
443 4923
780 2318
20 437
123 4756
745 2722
86 4873
170 4703
485 4514
43 4860
208 4922
66 4546
342 4614
353 4629
1671 1759
113 4962
2621 3161
66 4667
496 4692
445 4793
458 4990
306 3407
374 4734
445 4539
336 4609
26 4865
184 4650
365 4815
4447 4493
64 4733
273 4590
455 4993
339 4568
1870 3677
494 4644
206 4877
334 4949
106 4598
186 4759
479 4836
394 4840
280 4888
152 4852
406 4939
95 4528
401 4559
221 4731
210 4756
15 4812
58 4952
233 4905
386 4606
1080 4693
430 4902
3984 4984
203 4640
65 4661
66 4962
2076 4285
378 4527
344 4635
327 4974
342 4960
1222 1403
255 4951
442 4645
51 4910
164 4848
232 2745
1508 4205
340 4739
89 4739
446 4981
3783 4198
12 4826
429 4570
289 4846
498 4663
439 4571
327 4799
72 4745
2159 2749
279 4561
322 4838
2419 2828
82 4733
2360 4456
405 3269
622 797
318 4736
18 4608
215 4862
152 4597
297 4751
2865 3913
197 4672
127 1651
474 4886
289 4547
4 4850
306 4935
454 4743
13 4820
199 4580
107 4869
198 4533
211 4743
337 4512
345 4820
149 4713
338 4747
222 4690
253 4875
1708 2695
3659 3986
435 4963
270 4953
118 4677
2 4896
129 4819
312 4514
63 4585
367 4920
2377 4480
443 4977
167 4847
3869 4653
331 4637
240 4565
1153 2850
296 4500
84 4707
132 4611
241 4694
1704 2368
218 4839
1560 4673
108 4894
85 4988
469 4500
388 4660
2562 4972
375 4925
330 4784
83 4660
1773 2367
291 4875
38 4661
3314 3437
285 4825
323 4517
499 4994
272 4903
88 4659
441 4564
466 4832
191 4773
13 5000
87 4613
174 4569
235 4967
183 4710
2229 2409
300 4919
2760 3446
196 4798
1505 2171
496 4532
395 4706
397 4550
235 4788
26 4661
190 4797
335 4883
10 4704
2600 3667
232 4789
272 4801
482 4564
494 4737
473 4620
1095 3095
3240 3753
21 4961
429 4518
1100 2454
2165 3311
479 4988
463 4706
3467 4989
1100 2629
329 4570
219 4509
156 4712
484 4957
467 4805
49 4670
1377 3621
288 4746
3 4564
584 2686
308 4264
2690 2808
311 4961
463 4790
375 4538
56 4873
222 4860
231 4769
4815 4915
334 4802
227 4720
424 4586
299 5000
35 4927
113 4780
268 4798
821 3375
27 4726
137 4717
327 4581
75 4857
244 4515
2630 3703
1158 3991
278 4592
8 4828
378 4941
155 4605
15 4822
307 4542
359 4929
20 4778
400 4630
1 4824
1066 3485
381 4622
5 4591
2868 4614
835 3499
280 4628
266 4983
1506 4582
258 4756
492 4813
806 1484
336 4934
92 4935
421 4673
1409 3091
553 3938
225 4522
943 4519
268 4934
1900 3565
48 4575
353 4601
346 4862
163 4538
92 4757
393 4613
255 4815
365 4598
115 4891
456 4523
195 4607
198 4958
126 4992
364 4921
46 4671
292 4898
482 4707
424 4911
437 4846
2405 3245
93 4543
131 4724
285 4927
1211 3221
386 4807
359 4642
3529 3641
467 4937
273 4787
260 4591
184 4708
323 4940
356 4650
2495 3869
234 4898
4591 4803
75 4854
114 4574
112 2252
247 4652
334 4838
216 4776
465 4792
232 4821
407 4932
298 4531
344 4672
42 4605
207 4529
1623 4285
2494 3064
2826 4504
140 4590
438 4580
391 4519
2768 3771
314 4625
147 4750
360 4876
49 4881
85 4906
4451 4693
443 4658
38 4867
498 4961
135 4754
1317 2876
75 4757
405 4992
64 4848
272 3089
3196 3369
373 4695
213 4663
591 1603
1234 2311
242 4913
102 4844
470 4913
2638 3446
265 4782
73 4963
10 3906
473 4755
1260 4535
204 4945
178 4778
240 4600
2023 4249
367 4673
421 4654
259 4613
2066 3572
4584 4599
349 4715
1918 2241
313 4997
431 4642
485 4750
112 4694
40 4749
592 834
3999 4641
665 1333
110 4608
285 4511
207 4870
421 4953
175 4580
2391 3983
419 4558
221 4838
471 4823
407 4598
168 4591
69 4898
1571 4518
245 4576
167 4513
13 4949
210 4759
47 4748
9 4555
4535 4915
3102 4789
260 4727
134 4558
111 4981
194 4656
65 4872
341 4531
126 4584
755 4101
183 4743
407 2615
24 4632
231 4513
144 4580
489 4765
500 4524
187 4884
420 4627
410 4574
31 4667
384 4766
190 4862
352 4991
338 4534
66 4637
381 4798
284 4886
397 4607
411 4562
110 4560
138 4757
437 4955
228 531
271 4747
307 4762
50 4893
191 4536
333 4562
789 1974
3 4638
426 4876
416 4551
703 1235
441 4920
89 4644
446 4558
47 4871
35 4519
87 4676
31 4611
243 4742
66 4953
33 4514
338 4555
62 4510
232 4870
4254 4825
198 4903
64 4733
1239 2471
3764 4592
259 4616
500 4929
366 4819
465 4974
363 4642
164 4899
481 4789
156 4801
390 4336
198 4750
2197 3278
2004 3805
368 4986
49 4814
367 4897
181 4572
3731 4844
226 4563
139 4776
494 4868
201 4699
265 4576
147 4976
319 4747
2566 4640
2910 3990
72 4710
52 4854
169 4864
19 4584
464 4853
477 4532
1509 1954
205 4774
132 4552
1458 3620
105 4668
203 4890
34 1629
1727 2984
220 4692
88 4702
197 3144
14 4783
371 4856
225 4957
448 4851
458 4631
476 4948
408 4682
81 4896
150 4590
312 4823
249 4797
205 4852
449 4767
280 4973
267 4849
183 4701
72 4513
86 4512
196 4521
1148 3701
429 4692
2144 3316
233 4931
1950 1965
16 4867
449 4787
270 4903
182 4517
3593 3711
349 4864
275 4799
1409 1639
147 4621
328 4884
1792 2944
348 4606
91 4917
60 4690
248 4954
3262 4815
212 4772
13 4627
481 4743
2789 4555
2951 4765
339 4660
433 4812
375 4621
443 704
429 4842
244 4537
690 1837
389 4726
191 4962
3040 3795
2064 4171
190 4689
271 4926
276 4817
175 4810
112 4541
255 4549
45 4855
284 4613
317 4586
384 4935
305 4958
239 4769
57 4858
467 4641
1029 3698
389 4921
122 4574
3294 3940
250 4911
367 4744
615 3673
412 4853
479 4880
477 4512
133 4842
230 4549
494 4623
124 4664
270 4992
381 4872
374 4826
159 4828
393 4917
219 4696
4443 4537
255 4676
194 4831
112 4902
372 4673
372 4684
472 4503
189 4891
463 4697
155 4549
312 4801
489 4503
134 4970
264 4950
150 4928
1039 4012
126 4515
209 4640
2375 3754
4082 4239
140 4535
246 4876
487 4861
49 4822
411 4916
318 4932
447 4733
351 4745
207 4630
4306 4384
444 892
179 4927
272 4754
630 2287
397 4593
2389 3822
383 4542
111 4866
2905 3884
45 4932
158 4888
127 4761
66 4880
100 4931
11 4644
474 4959
552 1576
116 4837
2882 4217
332 4620
252 4664
198 4961
368 4910
229 4855
453 4717
259 4615
305 4827
328 3714
103 4799
159 4664
132 4926
206 4808
490 4658
358 4618
420 4605
61 4994
500 4593
3405 3796
1664 4614
3 4753
289 4997
1616 4862
197 4972
203 4914
1384 4305
470 4921
354 4743
256 4731
52 4568
415 4919
77 4631
376 4856
408 4981
184 4724
2993 4582
1651 4758
3183 4143
414 4829
95 4842
262 4987
3381 3769
96 4860
118 4690
39 1578
2319 3863
210 4926
233 4877
500 4528
70 4810
38 4945
79 4644
4196 4744
90 4578
288 4728
475 4564
326 1437
104 4609
499 4995
250 4669
6 4831
20 4860
223 4951
223 4708
2113 3987
354 4937
102 4650
1194 4024
268 4689
172 5000
31 4978
345 4541
1017 1254
257 4600
351 4980
451 4702
304 4884
72 4645
371 4743
6 4853
58 4612
463 4696
79 4636
474 4847
353 4601
500 4884
247 1011
232 4697
1473 2591
93 4518
3209 4638
483 4841
415 4549
381 4808
458 4710
1 4917
3455 4768
326 4776
320 4928
160 4848
78 4548
354 4722
349 4594
135 4561
214 4840
460 4842
441 4610
445 4922
222 4752
430 4685
520 2453
434 1715
310 4833
1465 2943
167 4589
205 4573
212 4975
23 4822
1462 1528
217 4688
1567 2061
2604 2953
98 4630
216 4505
143 4522
298 4650
1956 4583
376 4857
82 4958
477 4819
151 4820
314 4544
251 4532
42 4835
608 2526
372 4936
14 4641
193 4695
169 4811
146 4637
206 4583
408 4710
779 1406
427 4893
448 4783
90 4902
75 4725
303 4904
372 4727
261 4951
865 4243
101 4630
1785 2322
373 4581
480 4789
223 4924
92 4903
43 4796
387 4681
756 1268
378 4551
221 4802
370 4716
460 4732
314 4778
225 4637
336 4810
359 4840
435 4856
1500 2922
476 4975
57 4916
427 4876
1200 4520
350 4921
1441 4523
208 4597
2936 3641
819 928
197 4749
304 4777
207 4570
86 4813
45 4924
447 4748
326 4919
47 4836
349 4783
358 4581
427 4737
277 4931
64 4899
19 4615
437 4578
269 4819
317 4725
491 4621
198 4502
33 4568
491 4575
262 4904
283 3938
1842 4096
39 4676
1310 4008
208 4601
262 4806
341 4701
265 4785
324 4792
338 4654
2013 2267
65 4734
404 4556
289 4933
3017 4627
218 4783
485 4899
188 4777
2 4915
337 4843
296 4981
722 3893
4 4900
2614 4919
26 4841
453 4998
262 4754
240 4528
282 4569
260 4904
365 4998
336 4681
311 4605
29 4766
415 4875
7 4694
402 4811
17 4787
93 4655
20 4983
12 4695
5 4668
288 4707
153 4735
453 4770
271 4885
249 1685
82 4596
216 4631
187 4650
3168 4243
589 1466
360 4939
241 4766
407 4885
211 4646
325 4804
253 4825
495 4939
326 4973
296 4978
462 4607
469 4154
354 4692
316 4781
217 4902
343 4567
279 4754
1033 3905
1613 4915
466 4641
3270 3803
1130 4175
261 660
170 1389
561 1607
220 1944
247 4965
1214 4006
340 4896
2253 4669
485 4649
37 4718
61 4834
173 4548
444 4650
17 4800
66 4788
162 4708
238 4869
471 4947
3195 4209
477 4596
261 4882
77 4551
2731 4415
87 4941
2823 3953
701 4417
8 4962
420 4527
481 4553
105 4773
66 4879
327 4781
1685 3194
438 4669
172 4650
96 4590
496 4640
160 4789
33 4507
40 4782
299 4568
61 4882
396 4659
213 4950
123 4663
2203 4332
367 4846
281 4716
261 4890
185 4706
52 4849
542 4739
159 446
75 4676
229 4538
296 4579
378 4712
462 4993
1571 3401
258 4893
91 4765
427 4792
31 4610
500 4916
492 4599
217 4724
77 4608
461 4839
383 4975
497 4730
33 4574
2512 4834
139 4961
47 4672
394 4830
133 4788
461 4788
332 4816
397 4824
91 4836
232 4706
883 3704
1926 4146
719 2604
160 4968
403 4631
1892 2430
77 4718
473 4518
217 4978
31 4928
2461 3387
398 4884
177 4516
340 3370
245 4773
442 4918
277 4605
295 4968
363 4910
227 4655
467 4634
2809 4381
381 4635
1504 1837
483 4922
377 4684
354 4598
358 4882
276 4749
142 4940
246 4794
171 4548
1335 3891
266 4652
313 4674
17 4904
29 2662
258 4804
343 4920
65 4843
169 4596
118 4608
29 4774
499 4569
61 4651
2780 3805
1569 3278
54 4695
400 4636
91 4845
565 3494
695 4232
409 4871
150 4850
20 4850
3984 4278
2550 3379
464 3594
307 4635
291 4563
333 4698
103 4621
625 3032
1605 2427
138 4571
153 3312
371 4806
455 4907
8 4828
210 4571
45 4658
121 4928
231 4560
471 4883
496 4594
309 4641
357 4718
2545 3388
13 4781
352 4574
147 4846
153 4976
471 4506
154 4736
329 4554
4515
186 4379
537 4274
681 2180
529 4234
1104 3337
3137 4458
390 4307
2498 2577
782 4478
198 3988
135 4467
1575 3095
800 4434
589 3955
401 1735
818 4183
126 4116
544 793
219 4373
674 4526
805 3485
389 4203
195 4282
327 3925
1080 1912
18 129
694 4146
955 1014
891 4365
649 4463
250 4486
1727 3500
882 4082
1194 2117
3601 3651
459 4382
159 4430
723 4335
1179 4462
564 4470
758 4274
1942 2342
140 1851
2171 4209
837 4454
326 4497
409 3960
840 3695
181 4365
614 3933
477 4351
600 4197
25 4326
20 4006
603 4438
1091 4084
442 4171
546 4352
785 4220
667 4529
344 3947
2631 4248
874 4177
206 4237
828 4031
216 4198
692 4284
511 4202
3397 4316
855 3916
293 1597
293 4427
23 4158
3991 4142
2199 2920
729 4266
735 4330
16 4535
410 4299
764 3958
434 4025
328 3943
581 3658
256 3885
498 4150
465 4155
669 4509
829 4478
563 4318
936 3255
323 4399
859 4382
2541 3961
1296 3981
1611 2149
148 4135
864 4188
238 4155
467 4050
878 3935
848 3975
332 4173
1241 1448
594 1058
31 4458
1977 3988
143 3900
3139 4417
914 3911
582 4318
357 4161
1559 4243
544 4024
898 4463
2040 3420
738 3352
99 3846
529 4544
850 4021
41 3910
337 2703
726 4213
672 1287
233 4019
40 4151
436 3962
572 4530
881 4524
1446 4313
1033 3177
98 4233
286 4023
933 4459
467 4536
727 4032
804 4268
122 2488
156 1949
226 4170
343 4391
709 4392
725 3920
1169 2715
1220 2308
362 4149
435 3925
105 4326
1404 1984
687 3905
353 3387
845 4366
404 4485
188 4445
56 4098
194 4477
310 4080
2377 3321
547 4377
1736 3266
2457 3009
757 3374
275 4541
24 3962
783 3225
774 4409
810 3927
2066 3327
133 4292
220 4327
459 4297
91 1750
195 4269
35 3961
181 4429
3980 4111
162 4492
146 4518
859 4458
683 3997
460 4299
528 4378
385 3911
422 3891
1484 3333
199 3920
841 3991
801 4492
379 4151
211 3995
91 4423
358 4447
868 4465
605 1575
1177 4062
380 4181
785 4107
484 4463
3437 3867
153 995
11 4426
477 4379
612 4093
263 4050
902 3915
779 1100
236 4313
606 4533
437 4417
243 4444
22 4056
412 4533
160 4290
827 4377
796 4515
866 2108
2753 4407
140 4407
692 4412
265 4134
470 3893
130 4227
251 4143
857 4263
667 3900
2806 3391
2570 3153
769 4301
829 4175
599 4004
485 4517
265 4150
571 4333
2507 3059
635 4424
2512 2540
2818 3462
83 2912
478 4289
1977 2781
153 4251
357 4132
259 4342
411 4169
327 4545
343 4147
1656 2773
790 4265
2607 4181
747 4086
260 3708
688 4289
735 3996
739 3984
172 3877
319 3881
508 4344
767 4390
888 4211
205 4228
282 4119
2025 4474
824 3976
37 4115
812 4329
647 4238
486 4419
566 938
2422 4410
852 3894
733 4020
459 4405
674 1296
535 4102
954 2412
396 4516
818 2173
3241 3869
466 3912
747 4461
3189 3465
642 3974
615 4066
821 4179
502 4300
1750 3385
834 4012
343 3924
102 4044
284 4168
447 3929
736 3879
4 4114
2174 4501
233 4102
770 3946
581 3961
1103 1754
1459 2098
3536 4235
283 774
810 3877
2159 3618
760 4293
659 743
901 4259
1483 1777
106 4495
824 4377
258 4348
471 4210
144 3892
127 3949
243 3860
603 4224
760 4136
670 4326
3413 3616
721 3901
394 4260
519 4164
436 4415
430 4534
549 4455
751 2614
126 4278
1625 2017
184 3902
173 4499
1401 2205
4114 4162
727 4201
729 4487
658 2877
772 4329
314 3992
778 3922
574 4535
393 4512
439 4466
2199 3802
675 4495
25 4315
576 4169
682 4110
879 4372
477 4027
613 4304
741 4450
339 3963
736 4228
2341 4257
1329 2993
151 4247
475 4441
757 4241
905 4532
2573 2916
98 3948
880 4082
1255 3643
1949 4029
2416 3226
524 3680
3209 4496
255 4148
8 4191
1816 4486
862 4394
530 4222
327 4207
2084 3976
28 4322
413 4502
832 4394
906 4442
1862 2142
461 3952
3192 4252
161 3866
95 4502
125 4284
1529 3431
157 4154
1562 1563
252 4542
41 2249
868 4008
478 4348
75 4527
782 4452
350 4140
120 4003
467 4406
281 4252
480 4017
213 4444
369 4131
767 4321
831 2108
570 4038
508 3894
454 4251
485 3904
2433 4336
60 4173
416 1859
1886 2183
2982 3956
1029 1145
257 4450
750 4376
1780 2478
519 4401
1041 2704
688 4274
518 4429
3350 4181
872 4133
4081 4191
1175 4469
531 4136
602 4506
59 4480
907 4104
371 3891
597 4033
855 4427
769 4211
400 3914
131 4045
488 3959
657 4244
316 3891
672 3930
504 4047
618 3681
160 4223
1321 1505
258 4011
445 4452
142 4115
135 4384
387 4048
1425 2495
557 3878
2580 4130
1996 3011
225 4422
399 1965
359 4069
870 4162
2656 3252
836 4273
497 4052
1038 2056
573 3463
443 4484
244 3986
737 4494
18 3965
573 4342
249 2166
192 4100
476 4270
370 4006
866 3236
1699 3873
111 4278
314 3894
864 4376
453 4102
1068 1650
342 2905
695 3558
850 4426
2838 3947
449 4174
302 4239
899 3132
675 4471
807 4496
311 3986
1395 2185
916 1251
420 4420
708 4468
167 3984
1981 3810
137 3907
139 4052
3220 4059
844 3909
787 4454
3222 3650
2375 3184
290 3827
19 3828
38 4236
734 4535
671 4122
4076 4255
1887 4454
320 4014
1583 3736
1658 3971
469 4274
580 2625
30 103
1326 4202
715 4120
354 4239
455 4118
145 4369
502 4447
2128 2760
776 2489
2740 3491
246 4021
1100 2679
988 3420
415 2172
561 4361
405 4077
414 4207
332 4158
70 4167
778 4315
173 4388
456 3922
518 4045
2153 4281
387 4056
493 4323
3538 3708
746 4026
993 2303
498 4103
83 3956
447 4384
142 3920
1511 1572
295 4303
319 4433
773 4165
2775 3641
360 4292
268 4187
480 983
762 4318
3052 3086
631 4224
77 4174
747 4039
350 4111
833 4116
243 4096
302 4029
666 4102
701 4058
827 3910
826 4032
689 4170
219 1940
558 4109
770 4417
474 4408
3906 4255
15 4122
532 4207
777 4193
151 4213
183 3871
728 3213
350 3880
126 4192
467 4451
813 3988
290 3913
4077 4415
2634 4218
150 3929
81 2200
450 3980
657 4545
722 4113
1111 3345
452 4346
746 4275
82 3876
656 3990
477 4122
196 4169
2680 4366
180 4359
198 3974
95 3987
334 3890
2963 4494
191 4493
446 4006
1 654
513 4355
43 3865
878 4496
908 4507
1746 2722
2006 3492
693 4311
517 1165
1369 1612
107 4351
526 3930
1121 3967
286 4208
2571 2651
625 4033
806 4418
858 4090
214 4112
830 949
1174 4074
442 836
884 4479
786 4385
875 4441
448 1866
559 2714
3480 3493
341 4482
571 4456
58 4031
75 4426
292 4201
713 4099
614 4058
847 4386
432 4383
26 4296
469 4225
540 4466
564 4320
569 2012
1117 2796
208 4325
784 4216
128 4063
842 4465
825 4465
464 3947
2279 3348
444 1379
261 4418
2145 2695
787 4076
764 2305
3840 3869
2285 2940
2961 3290
25 3961
749 3885
458 4100
3394 4319
420 4469
188 4216
2332 3059
747 4268
1624 4421
70 4394
816 4121
406 4210
60 4158
1894 4051
41 789
593 3893
1870 2918
577 4509
595 4376
124 3924
162 3951
809 2953
100 4158
715 4365
1223 3383
253 4423
79 4476
845 4226
2925 3440
136 3120
790 4531
484 1378
1952 2518
317 4541
1469 3305
1907 2391
688 1320
17 3956
1975 2993
720 4400
150 3887
369 4228
79 2484
25 3929
542 794
51 3934
426 4022
2516 4112
599 4091
539 3935
618 4482
116 3901
828 3903
379 4109
233 4536
1138 3634
423 4406
36 1158
738 3927
581 4377
239 4190
2009 4401
2540 4305
501 4087
346 3960
683 4041
558 4479
540 4506
158 3913
309 4493
448 2429
813 2129
883 1705
438 4543
772 4398
167 4011
909 3986
688 4164
717 4029
311 4421
742 4234
802 3408
68 2105
1800 2469
121 3974
221 4103
1879 3051
1559 2939
2298 2700
493 3811
1337 2084
744 3376
689 4306
673 4205
80 4431
761 4049
1578 2787
623 4333
677 4401
631 4473
3787 4501
636 3918
1971 2188
177 4074
537 3880
666 4517
207 4416
1712 3745
4169 4233
670 4129
1504 2649
1455 3092
79 4102
664 4530
604 3987
818 4442
908 4155
63 4340
1329 4156
452 4139
43 3968
1978 4068
579 4429
523 3939
741 4150
153 4085
710 4447
4302 4305
898 4308
138 4038
489 4113
934 3780
1749 3250
401 591
621 795
820 3936
2169 2248
177 4322
2609 3714
676 4341
2829 3239
697 4474
632 4401
617 4305
3459 3810
616 4183
207 1650
761 2498
174 4167
2545 2907
364 4407
2670 3681
520 4060
438 1604
247 4429
61 4341
862 4173
404 4084
904 4012
1004 3805
154 4409
154 4252
224 4416
2148 2903
1783 2383
36 4328
2831 2915
821 4021
195 4181
153 4245
397 1383
673 4320
310 4416
36 4121
2642 3723
730 4180
737 3988
205 4188
874 3872
543 4253
683 4467
163 4200
125 4467
2702 4221
38 3919
68 3879
2366 4529
239 4214
80 4284
681 4437
474 4359
638 4088
108 694
430 4242
3391 4100
618 3945
103 603
753 4407
692 4516
14 3874
876 3939
849 4229
17 1501
153 3865
668 4057
3446 3498
4227 4504
82 4258
138 4160
706 4108
116 4394
1929 3606
87 4055
165 3961
2130 3346
560 1746
448 4529
694 4298
468 4267
860 4480
1460 3181
828 4093
171 4224
873 3586
438 4414
3034 4368
295 4479
808 4302
769 4113
1077 3873
161 4522
115 841
339 4025
490 3945
869 2530
254 3876
510 4485
616 4193
217 4345
514 3601
681 4384
50 4133
525 4211
86 3928
943 4311
34 1744
1815 2780
107 4323
693 4018
238 1559
686 4032
217 4079
3933 4514
3392 3918
3447 3775
252 463
2 4059
453 4046
813 4311
82 4223
735 3864
411 3872
38 4174
524 4407
1801 2017
646 4509
26 3938
658 4525
221 4190
248 4327
739 4539
407 4041
211 4545
454 4457
904 4222
1768 4160
1093 2470
2122 4108
642 4095
82 4160
478 4367
1006 3771
2055 3944
1361 2661
755 4112
637 4244
347 4502
166 4412
518 4054
403 4154
336 4039
3020 4146
2093 3760
20 4376
715 1702
341 4008
165 4535
1502 2810
767 4092
633 4349
824 4415
1981 2372
777 3684
241 4524
356 4305
237 3990
510 4013
114 2243
2908 3790
208 2640
428 4048
220 4265
58 4332
308 4010
696 3998
175 3965
280 4370
2516 2665
711 4258
777 3909
895 4033
124 4400
737 4053
18 4080
2098 3098
380 4456
3357 4133
252 4534
557 4082
807 4397
1140 3719
226 4073
50 4122
47 4104
410 4170
2660 4339
396 4177
194 4105
843 3926
777 4280
841 4289
607 956
258 4127
904 3946
754 4199
143 3906
2838 3994
182 4348
427 2907
69 4156
307 3892
892 4042
759 4265
861 3947
293 699
136 4217
236 3921
393 4098
159 4257
123 4400
1952 3406
57 4527
722 4327
15 2173
4010 4232
534 4504
15 4536
505 4032
2699 3613
794 3133
308 4116
891 4162
650 1825
819 4512
864 4350
181 4193
659 4314
654 4306
265 4098
499 4038
151 4529
173 4456
560 4147
302 2101
27 4302
318 3866
459 4505
395 3981
1743 4322
405 4398
277 4353
398 4212
233 4350
225 4320
162 1986
3468 4381
771 3948
4 4145
301 4269
117 4463
702 3999
788 3959
3462 4220
188 4120
318 4503
875 4057
100 4062
2612 3455
107 4496
2178 2896
553 4300
91 4327
405 4198
869 2894
263 3919
498 1842
259 4430
2516 4017
658 4113
2544 2857
421 4422
116 4411
845 4273
633 3204
614 4321
3185 3706
288 573
119 3954
1589 2143
104 4402
465 4166
6 4530
673 4506
621 3885
891 4537
859 4157
803 4125
716 3998
954 3233
407 956
94 4497
625 4523
682 4525
895 4434
576 760
486 3985
876 4119
803 4206
701 4478
829 1360
1079 3612
324 4323
661 4144
28 3110
674 3874
1479 1605
324 4184
3117 4234
170 4474
487 4216
839 4205
319 3450
658 4538
91 3867
367 4068
845 4005
342 3909
204 4408
540 4472
21 3985
740 3904
844 4159
773 4217
41 4296
493 4105
194 1803
71 4543
767 4131
362 3876
377 4083
476 3882
116 3994
781 4378
1036 1366
598 4401
637 4259
379 4110
384 4292
591 4449
876 4192
2521 4128
571 4498
101 4416
4275 4373
902 4523
624 3970
186 4435
737 4040
45 4466
435 3961
511 4400
710 2730
1565 2344
525 4211
3064 3874
862 4346
425 4348
15 3933
381 3898
549 3872
2734 3205
1316 2729
745 4083
538 4409
609 4363
3095 3357
3625 4547
821 4063
245 4375
3353 4301
731 4313
2851 3622
703 4543
509 4267
226 3953
350 4296
595 3885
179 3939
4142 4396
697 4233
401 4518
288 4171
738 4085
561 4010
1487 1990
546 4285
2514 2871
684 4462
670 4262
314 4500
402 4246
766 3989
240 2770
2520 3299
549 4456
2917 3094
110 4053
338 4507
1542 1923
881 4033
258 3934
187 4159
1250 1968
1558 2543
616 4384
764 4430
543 4527
479 4513
220 4070
619 4379
1029 2422
745 3915
1448 2206
365 4423
388 4232
175 4342
226 4327
701 4180
248 4379
363 4021
618 2363
4222 4300
595 3966
177 4074
193 4151
511 4547
616 4446
851 3876
33 4404
310 4202
545 4129
668 4012
335 4346
35 4498
143 4449
844 4356
201 3893
616 3868
591 3900
908 4312
231 2685
2446 3819
715 4368
868 4097
829 3879
122 1367
703 4022
424 3906
16 4078
865 4042
944 3493
175 4149
2378 3946
561 4100
759 4004
403 4310
286 4413
369 4190
1674 3462
183 4263
1232 1275
135 4006
81 4349
652 4208
3187 3832
485 3916
284 4182
378 4481
926 2731
651 3903
693 4098
1987 2269
417 3965
303 4392
153 4480
136 4481
4097 4387
741 4142
421 3992
466 4063
285 831
778 4534
201 4068
618 4276
527 4419
778 1124
2956 3839
2408 3355
131 3988
341 3993
758 4322
131 3463
3441 4056
61 3884
1095 3301
238 3983
654 4407
112 2692
705 2088
636 4425
574 4433
1399 1663
877 4356
418 4374
191 4170
414 3971
854 4534
496 4494
626 4430
2573 3947
305 4492
741 4437
879 4445
696 4379
671 4333
363 4250
613 4137
882 3394
2889 4210
807 4299
1502 4543
3165 3238
828 4397
425 4411
747 3761
383 4435
271 4324
706 4107
851 4040
460 4255
168 3979
597 4199
755 4019
400 3947
680 4469
312 4421
492 3932
176 3944
358 847
680 4429
2437 4154
496 4534
850 4351
90 4456
1173 4343
272 4052
678 4308
615 4064
1154 1259
73 3902
420 4515
681 3950
127 4235
490 4045
822 3911
2197 4480
735 4117
651 3905
2203 2793
822 2820
719 4461
59 4159
837 1152
257 4065
456 4135
1641 1914
109 4535
1160 2605
749 4188
348 4034
2270 3786
182 364
749 1026
91 3944
1505 4506
53 4476
677 3883
497 4104
3638 3741
748 4154
55 4050
499 2271
3284 3359
9 3739
1282 3192
54 4305
744 4452
843 3930
2013 3082
208 3959
169 4224
279 4091
745 4238
3293 4148
2954 3872
872 4521
163 4051
183 3974
540 4184
395 4424
1402 2381
1955 1987
2837 4190
2699 4122
33 4166
579 4226
402 4329
894 4174
1920 3791
202 4398
559 4173
875 4416
683 3964
2013 2329
916 3720
537 1842
874 1928
620 3913
787 4382
286 4294
128 4071
2303 3396
183 1560
377 4148
489 3344
752 4538
788 4342
904 4542
360 1220
487 4090
263 4471
510 4222
881 4149
624 3960
655 4295
424 4319
123 4040
263 3904
637 4396
484 4136
2465 4208
972 2451
505 3878
2057 3339
175 3870
887 1658
762 4294
315 4412
928 2106
664 948
1897 4105
349 4255
710 4098
3 4433
3723 4355
386 3922
1076 1243
280 4259
369 4035
641 3457
643 3930
575 1425
642 4173
726 2603
727 4055
898 4288
781 4121
343 4534
874 4198
1881 4316
134 3898
656 4182
1719 2949
543 3916
540 4263
820 3246
115 4375
580 4035
337 4088
37 4546
172 3871
184 4411
839 4376
4081 4186
484 4283
1516 1648
667 4408
612 4532
1134 4255
3125 3225
595 4363
488 4410
142 4532
907 4258
603 4293
2308 4183
1026 3945
87 2041
899 4227
412 4522
259 4172
778 3430
360 4476
180 4131
3473 4107
904 4277
327 4180
645 4452
1929 2916
662 4302
369 1087
528 3970
478 1303
568 4195
679 4010
1287 4296
225 3958
577 1151
315 4195
897 4242
636 4257
624 4379
46 3950
790 4172
608 4191
813 4040
676 4515
849 4437
864 3977
116 3421
83 3861
245 3893
848 4302
720 4093
112 4052
412 4060
1586 3703
294 4194
300 4191
623 4511
1682 3744
108 3916
295 4482
904 3950
313 4411
558 3973
440 4264
425 4180
710 4392
456 1352
767 4244
1598 4152
684 4074
193 4123
1115 1351
316 3946
743 3983
1935 4535
84 4213
2427 4547
1554 4077
1950 4098
445 3996
673 3871
30 4284
873 4072
517 4467
589 4167
91 4007
907 4120
513 4476
102 4304
613 4412
702 4481
315 4137
678 4118
357 2551
99 4253
55 4197
250 3888
606 4486
617 4336
584 1877
402 4134
470 1779
1621 4031
3777 4348
2444 3500
1595 4471
2322 3356
765 4383
710 4010
666 4135
14 4546
419 4283
657 3988
2904 4486
804 4324
562 4078
324 1402
958 1414
136 4534
819 3901
1537 1812
1285 1960
621 4344
712 4078
213 4280
1079 2741
3104 3660
463 4523
367 2785
1141 4491
3412 4064
719 3899
12 4200
660 4283
330 4443
756 4427
861 1933
3220 4216
861 4470
838 4499
15 3894
621 4426
583 4194
876 4234
463 3927
367 4417
711 4038
317 4046
2078 3197
465 4242
792 1129
1125 4011
437 3997
3079 3371
788 3864
10 4316
1742 3611
3186 3666
618 4049
200 4057
366 4034
33 3917
904 4144
613 4021
380 4141
4219 4480
202 4080
548 4218
460 4181
1134 3162
205 4300
496 4248
766 3926
346 3902
812 4173
1174 2232
1660 3535
894 4208
350 3938
162 4499
830 4167
853 3539
697 4057
2061 2133
405 4078
765 1187
2227 2295
658 4463
807 4252
2018 2255
220 3934
344 3895
386 4276
530 3780
405 4252
2531 4400
893 4397
1426 1824
135 2966
691 3999
2788 4410
120 4200
48 4508
764 4165
3396 4459
779 4358
563 4385
88 4249
432 4070
907 4224
26 4295
489 4302
705 3916
570 4406
401 4219
1715 2027
548 4515
169 4009
193 4436
865 4412
1975 2266
36 4189
409 4419
779 1529
107 4541
3759 3867
808 4116
1102 2969
104 4345
468 3906
419 870
2104 4276
549 2764
537 4290
520 4336
281 3910
1690 1791
592 4367
478 3885
365 4294
43 4288
361 4366
64 4150
863 4268
221 3892
869 3849
277 4527
506 4472
106 3411
3466 3888
717 4446
189 4260
871 1476
877 3878
562 4206
873 4494
443 3924
427 4514
636 4220
847 4066
768 4113
205 4219
2967 3652
149 4517
159 4169
624 4456
2032 3569
2094 2630
305 4157
292 4445
69 1870
893 4492
937 4255
662 1757
277 3905
869 4379
715 4383
1299 4182
1008 1806
87 4495
683 3943
95 4192
108 4083
819 4465
2456 3421
737 4149
739 4135
217 922
1169 4545
237 2991
229 4460
517 4252
717 4221
257 4493
3365 3507
2421 3337
708 4230
184 3934
1654 3467
533 3883
2731 3736
299 3878
165 4489
776 4173
454 4258
2626 4367
609 4157
1494 3267
148 4196
789 3887
895 4263
553 4243
429 3964
579 4071
188 4219
1582 3321
1872 3512
613 4332
788 4209
630 4379
266 4314
19 3981
45 4343
264 4387
178 4506
760 4040
1416 3237
652 4192
661 4287
535 3930
395 4006
427 4171
462 4489
540 4532
90 3920
739 3900
513 4508
174 4339
884 4342
627 4178
184 3868
113 4216
485 4049
412 4542
304 4083
243 4147
1993 4043
584 4116
290 3988
395 1172
138 4180
417 4530
1776 4541
909 4066
430 4544
3529 3667
840 4147
672 4070
543 4441
663 4185
232 4081
520 4422
2663 4018
3098 3328
388 1682
902 4460
619 3956
390 4184
22 4250
572 3364
166 4195
298 4011
244 4258
150 4494
2239 2336
762 3982
197 4134
102 4445
5 3869
794 3974
261 4544
381 4456
671 3188
42 870
1278 1686
108 4466
461 4296
192 4104
668 4006
278 4262
304 4396
641 3929
2722 3469
677 4084
1820 4222
352 4545
110 3962
723 3882
638 4274
2675 3759
394 4291
264 4236
542 4375
1370 4341
137 3875
493 4205
776 4362
482 3867
498 3969
330 4299
722 4342
487 3986
2867 3447
578 4425
387 4415
730 4504
133 3926
632 3899
572 4042
1705 4104
120 3993
1978 2610
2647 4405
351 4112
361 4540
372 4052
448 4383
385 4352
1662 1816
406 4404
477 1773
1233 2803
1387 3157
853 4495
860 2912
760 4429
394 4324
1260 1719
322 4342
448 4451
597 4191
65 3898
101 1259
675 4334
146 4135
73 4196
776 2755
854 4537
196 3992
192 3707
2715 3517
381 4305
1337 2447
552 4287
557 4258
882 4139
342 4473
1838 2878
263 4255
766 4025
850 4368
2865 3296
3062 4365
696 4438
871 4205
796 4547
621 4536
570 4443
958 4509
1523 3879
552 4328
340 4544
862 4372
394 4406
110 4514
371 4030
612 2466
795 4406
2873 3027
1875 2877
1857 3101
427 4497
673 4531
821 4351
237 3880
568 4367
523 3873
140 4111
292 4102
266 1206
376 4050
2303 4393
473 3890
340 2156
606 4535
835 3907
431 4400
2276 2292
372 3965
2237 4174
231 3892
130 3955
3021 4092
132 2059
373 3913
226 4336
27 4389
526 4050
320 4412
1541 3691
362 1518
215 2699
1500 2659
57 4270
752 4010
189 4005
36 4314
643 4036
571 4191
782 4209
867 3896
128 4008
710 1246
87 4317
362 4105
458 3924
779 4019
720 4006
36 4221
908 1538
104 4215
1179 2956
1291 2803
844 2464
2927 4319
878 4419
664 4516
1319 1358
2760 4187
136 4442
739 4036
2432 3107
882 4099
2016 2516
1250 3376
701 4291
2039 2212
717 3890
266 3910
2293 3628
328 4179
1239 4488
2117 4313
486 4476
599 1731
144 4436
133 4450
1171 4381
333 4338
314 4506
297 1768
1389 1489
620 2536
481 4502
65 4194
3611 3800
207 3596
111 4325
261 3907
524 4143
624 3960
2587 3622
362 4206
236 4308
77 3895
441 3896
1201 2160
382 4322
224 3880
4205 4473
87 4136
900 4140
403 4039
1428 2109
317 4451
361 1613
414 3968
1211 2174
790 4201
443 4414
630 4052
1784 1802
590 4088
792 4449
586 4101
439 4236
487 3918
320 3444
2353 2597
130 4078
694 4426
175 4343
710 2827
125 4152
3244 4042
3282 3347
2423 3126
2456 2748
520 4409
878 4001
860 4369
677 3418
747 4310
559 4118
147 3899
185 3986
886 1010
206 3876
3742 3842
476 1904
31 582
419 3868
3627 4169
883 4142
1042 1425
616 4529
790 4111
38 1623
283 4192
467 4101
747 3872
653 4430
908 4231
414 4345
906 1533
867 4264
330 3965
496 3997
198 4333
331 3927
483 4305
459 4520
2136 3230
2407 2724
70 4301
244 2699
14 4246
1611 1989
91 4541
2289 4174
40 3872
525 4079
34 4174
174 4510
263 3883
162 4448
217 2228
3824 4143
497 4524
235 4231
1454 2368
5 4312
148 4019
896 3582
574 3940
154 1943
242 4043
600 4178
853 4079
606 4117
679 4059
338 4240
2620 3908
661 4418
2015 2910
1471 4340
1566 1965
500 4539
868 4301
679 3934
610 4006
822 3997
439 4448
796 4521
575 4148
743 4412
701 4138
728 3925
591 4158
626 4068
627 4300
944 3103
698 4042
369 3218
623 1844
566 4049
723 4378
445 3988
675 4307
665 4373
499 4139
289 4476
4200 4514
340 3934
270 4133
307 4411
706 4411
2311 4069
801 4442
789 4373
2719 3831
510 3982
1605 3438
680 4376
625 4147
105 3975
166 4532
696 3869
150 3628
267 4162
281 4390
3306 3854
377 4407
214 4533
1353 2204
3441 3864
188 4195
843 4059
2763 4013
212 4484
821 4542
116 4422
147 4297
438 4321
2965 3268
149 4328
3343 3790
13 4134
602 4164
1598 1692
2117 4540
16 4425
43 4065
227 4142
712 4196
108 4452
859 4420
342 4359
56 187
386 3962
816 4383
1746 1913
762 4498
126 3891
144 4304
722 1183
75 4143
790 4305
19 739
599 4123
183 4366
206 1355
1270 3275
756 4152
301 4321
394 4005
350 4336
655 4208
365 4414
893 4186
1386 4363
343 4251
137 1670
794 4125
768 4383
2062 3133
2249 2675
2388 3633
707 4250
1284 3533
327 4271
300 4521
608 4341
2961 3636
192 2277
832 1525
1189 2431
127 3964
834 3939
212 4200
200 4169
336 4091
1457 2018
193 1636
755 4335
1330 3340
898 3926
272 4455
489 4223
691 3945
2257 4498
897 4335
210 4405
92 4349
1971 2828
676 4382
695 3996
2297 2945
316 4404
650 4534
456 4025
678 4434
3584 4351
1913 3507
97 4012
854 2319
874 4162
1686 3617
177 4151
83 4010
282 4497
403 3960
44 4023
3058 3975
376 3887
877 4227
2045 4527
1481 4073
29 4240
759 4380
1813 2490
425 3884
683 3864
167 4037
719 4526
697 4350
853 4143
549 4196
876 4519
2300 2387
3176 3598
463 3928
1489 2262
260 448
229 2118
1725 3073
694 4175
259 4051
68 3663
710 4171
483 4064
1367 2325
248 4360
273 2447
824 4315
1086 2580
860 4235
388 1742
203 4200
647 4424
323 2106
260 4193
288 4520
705 4364
1630 2701
569 4204
344 4336
710 3981
1321 2371
800 860
1141 2475
928 3213
886 4401
2784 3326
1157 4049
4166 4465
889 4368
417 4294
1330 1933
613 4486
429 3892
648 4250
372 4161
508 4529
933 4054
516 3930
3361 3682
524 4413
380 4124
157 4400
620 1444
43 4336
893 4218
812 4058
1399 3017
57 3927
740 3945
795 4102
967 2508
514 4012
2098 3064
2984 3142
32 4447
655 2949
894 3964
1943 4099
3217 3842
525 4235
345 3913
29 4195
420 4219
1648 4297
832 4315
48 4297
845 4359
6 4005
3512 3742
548 3989
831 4539
166 230
125 3933
687 4055
136 4411
75 2589
1743 4364
892 3939
431 3899
310 4405
778 4539
85 3992
625 3985
510 4489
983 3225
316 4027
522 2341
193 3952
1766 2387
491 3934
892 3976
290 1629
667 4089
540 4081
1649 3505
416 4245
799 4461
221 4306
1777 3826
3109 3283
556 4085
491 4355
434 4137
1363 3262
416 3972
484 3931
188 4539
715 4142
820 3864
813 4190
452 1517
803 4196
997 2739
352 3946
844 4105
45 4531
246 3927
435 4401
906 1270
691 4419
246 4153
76 4474
121 1832
1164 2394
311 4254
262 4212
838 4531
850 3987
325 4429
664 3896
103 4366
2628 3395
573 4271
405 4409
256 4456
1634 2020
532 3955
376 3903
1423 1712
1076 4137
624 4543
750 4070
154 3941
16 4301
646 2797
301 3983
926 1546
336 4453
1862 3882
301 3875
1549 3640
2272 2895
1866 3949
466 4529
629 4341
189 4357
314 4221
314 3355
811 4486
690 4034
318 4532
1437 1957
246 4298
740 4127
501 1095
903 4049
607 4425
819 4387
254 4452
830 4515
345 3911
635 4315
619 4295
824 4188
266 4427
107 3999
612 4035
814 4291
2315 3116
26 4546
437 2390
79 3881
744 4516
425 4322
73 4261
242 4317
63 4282
2850 3646
331 3564
826 3976
212 1531
141 4063
701 3880
3611 4056
909 4381
509 4129
438 4209
558 4050
39 4349
347 4203
292 3980
699 4241
877 4522
174 4460
147 4419
748 4204
547 4144
741 2653
2616 2713
390 3929
847 3936
586 3956
1981 2683
835 4082
2698 4158
270 4325
1226 2398
665 4207
321 4393
874 4254
544 4404
689 4422
119 4251
592 4454
602 4353
530 4154
241 2075
798 3890
858 3948
2642 3761
493 3909
272 4015
712 3943
248 4247
761 4304
784 4355
573 4546
387 4447
876 4515
845 4146
460 4103
205 3481
129 4460
457 4078
870 3594
2821 3741
1619 2371
189 4244
353 4456
30 4165
601 4028
31 4366
3172 3363
761 4252
51 4437
712 4308
501 4452
158 4333
551 4398
411 3939
201 4515
460 3864
470 4291
1964 2962
298 4518
327 3765
108 4257
770 4174
800 4421
171 4172
896 4360
1998 2199
62 4395
609 4474
621 4537
123 4432
421 4104
909 4451
394 4232
637 4264
2086 3066
126 4406
616 3726
322 4272
638 4112
504 4140
904 4169
341 3935
580 4368
128 4374
206 4334
201 4051
869 4388
318 4052
533 4181
609 4354
132 4107
149 693
1071 1388
759 4166
451 3918
1456 3358
742 3945
751 3892
92 4482
703 3872
57 4330
756 1116
238 4480
1522 1969
562 4481
500 4100
1736 2439
89 2524
647 4129
300 3992
511 3909
162 4073
621 4237
354 4230
823 4129
142 4509
539 4082
1193 1386
629 4285
235 3960
407 4480
467 4370
60 4413
856 4400
803 4269
875 3980
2616 4272
2842 3746
455 4395
681 4149
110 4520
89 4319
415 4298
3343 3759
3000 3662
535 4303
103 4076
64 4121
2609 2685
10 752
526 2839
82 4090
654 4104
746 4324
2814 2901
583 3897
127 1998
3026 4201
632 3928
2378 3548
834 4120
285 4165
726 4143
548 4367
104 4375
787 4138
726 4174
420 4425
777 4013
779 2846
363 4124
41 4513
1186 3755
363 4109
768 4531
505 4271
1768 2596
1369 3701
151 4141
190 4333
260 4452
516 4096
335 4243
1773 3110
2713 4346
160 4454
799 4316
2727 3778
84 4214
161 4013
678 4153
203 2894
873 4389
582 4433
734 3078
171 3890
881 4227
1494 3422
905 4433
1892 4281
166 4173
705 1255
2402 2447
822 4207
517 3998
863 3960
187 4280
205 4442
1387 3011
32 4402
524 4310
30 4547
77 4376
777 4461
590 4195
597 4184
290 1910
207 4129
2195 4200
775 4498
579 4042
2278 2956
2169 4272
480 4218
701 4393
1180 4299
2172 2585
2368 4533
544 3997
169 4365
42 3901
1737 1872
698 3990
663 2231
813 4472
798 4493
207 4494
1 4168
148 4023
851 3951
95 4059
78 3945
177 4525
3973 4113
309 4104
26 4405
671 3939
368 4328
651 4184
309 3902
538 4355
2175 4256
197 4158
832 4040
1265 3659
375 4420
241 3714
557 4040
6 4300
3616 4145
4098 4497
249 4218
41 4057
385 4542
621 1857
1300 1496
607 4542
490 4498
552 4321
702 4108
91 4485
245 4369
824 4476
1924 2101
1972 2920
683 4237
53 4220
1200 4215
828 4401
80 4468
1746 4509
414 4273
464 3962
121 4411
3607 3665
2623 3208
3198 3238
425 4536
1614 4262
474 4233
2000 3137
1864 4275
1545 1716
69 3988
50 4504
409 4315
444 4241
1391 3984
517 3875
2712 4243
815 4100
902 4426
619 4504
182 4073
3377 4208
1918 4033
83 1779
431 4421
596 3922
460 3901
303 4007
1933 3606
578 4338
255 4439
3581 3797
824 4444
602 4290
650 3884
579 4231
777 4369
66 4306
2574 4298
1296 3538
284 4326
610 4116
699 4399
116 3961
5 4530
174 4020
96 3695
825 3995
3247 4231
902 3908
159 4439
859 4247
899 3902
1831 2323
602 4484
42 3966
823 3961
27 4512
904 3921
1264 4407
450 4141
168 4517
610 3500
195 4400
626 4142
40 4086
1817 2835
534 3930
4 4375
468 3992
634 2132
359 4196
737 4359
881 4344
93 4299
223 4123
462 2699
812 3966
328 3944
628 4048
1696 2726
884 4046
22 4190
395 3894
2112 3083
448 4442
831 4147
1471 2467
1923 3605
567 4541
828 4003
859 4303
123 3864
2346 3247
847 4068
335 2319
441 4146
3121 4341
769 3913
215 4341
622 1224
45 3164
439 4319
739 2053
30 4297
509 2601
332 3959
972 2801
1124 2982
2803 3045
138 1392
362 4167
1095 1151
847 3938
844 4044
664 4528
562 4205
17 3910
426 4268
1047 1225
1695 3304
203 4034
275 4176
352 4171
869 4318
619 4046
799 4186
684 4487
511 4003
10 4421
3986 4133
733 4323
433 2541
479 4154
702 2530
104 4121
191 1036
809 4171
1743 2436
557 1831
213 4408
636 4254
1264 2214
319 4118
103 4496
793 4344
358 3895
90 3180
625 4151
117 4188
859 4400
631 4092
866 4292
2592 3445
1770 4163
931 3708
625 4054
78 4101
729 4125
1580 3945
337 761
680 4022
343 4464
346 4401
282 4440
178 4537
796 4420
116 4132
150 4129
558 4112
630 3915
335 4003
472 4143
1230 1464
781 4235
214 4338
120 4086
56 4052
597 4214
294 3891
334 3914
1851 2928
798 4245
837 4297
170 3991
49 3960
199 4286
58 4374
315 4545
74 4070
21 4421
78 3426
632 2338
898 4149
505 4365
352 4378
789 4409
2935 4536
172 3994
796 3948
694 4303
407 4378
210 4136
751 4283
295 4016
165 4260
672 4307
300 4187
1875 4009
1131 1345
3038 3431
746 1767
565 4253
227 4097
38 4413
3371 3496
529 4139
4002 4282
1 4405
2928 3431
130 3945
803 4008
3089 4482
220 3923
682 4484
750 4428
655 4280
456 4109
231 4013
301 3965
741 4085
727 4445
1452 2164
88 4313
691 4289
1804 3161
838 3936
608 3998
214 4208
429 4482
193 4352
2756 3421
2326 2880
885 4316
1669 3048
594 4023
471 4458
709 4090
858 4004
502 3053
374 4082
875 4293
783 4402
725 4474
19 4415
785 4244
515 4094
969 3136
393 4494
656 4443
197 3865
1694 1892
17 811
145 4127
571 4076
441 4103
893 3955
2039 4022
268 4260
3833 4411
595 2506
822 4512
612 4402
638 4502
1295 2525
402 4238
3 4370
212 3886
2824 4036
331 4019
309 3966
135 1575
376 4404
1482 2980
420 3914
2630 4224
557 4385
347 4149
88 471
723 3958
515 4043
1537 2231
700 4071
739 4048
480 4193
512 3983
1444 4420
483 4470
328 1806
553 4451
199 4441
772 4203
408 4231
840 4326
705 4424
841 4405
118 4035
1844 4123
106 4171
693 4057
739 4535
491 4226
671 4257
643 4447
80 4479
1040 1154
795 4102
678 4304
753 3812
100 3987
2216 2433
577 4037
770 4426
314 1343
418 4145
2300 3007
26 3980
62 3966
820 4201
1211 4454
2168 2936
205 3895
364 3927
1736 2531
622 4498
437 4107
600 4385
294 4276
1519 4375
490 1969
882 3047
708 4484
899 4515
477 3760
343 3877
125 4323
578 3975
127 4037
965 4102
424 493
424 4042
252 3955
869 4352
523 2177
652 4178
25 3921
661 4532
92 4360
520 4491
339 3896
366 4502
202 3969
207 4206
825 2877
870 4242
49 4442
139 4237
533 4381
398 476
221 4431
199 4520
547 4105
1327 2728
736 4127
97 4029
2722 4537
1878 3686
231 4449
678 2604
568 4223
101 1358
862 4356
43 1109
728 4516
851 1493
4326 4455
860 4343
882 4414
3 4404
1262 2272
849 4041
451 4073
901 1413
859 4357
154 3938
463 4301
2 4148
2659 4086
271 4545
284 4006
740 4150
2362 4462
662 4475
306 4396
699 4150
462 4048
3722 3758
720 4497
1002 4231
260 4019
180 4347
3558 4068
332 4431
35 4480
6 4318
206 3480
2595 4013
172 4027
3444 4227
657 2535
851 4145
632 3985
208 4128
1232 2708
823 4482
869 4396
576 4255
289 4329
476 4140
197 4271
227 1088
136 3844
223 4011
767 4416
839 3996
725 2205
87 3997
289 3888
339 4038
684 3881
129 4133
2568 2677
440 4361
439 4496
605 4526
644 4400
101 4153
673 4485
586 3934
620 3898
359 4232
182 4497
300 4160
654 4038
513 4215
24 4439
641 4238
179 4183
613 4206
591 4347
737 2469
481 4410
838 1776
1332 1788
832 4101
792 4305
410 4464
694 4305
838 4199
291 4237
174 4420
831 3156
799 4442
380 3995
1308 2406
166 4311
556 4233
405 4342
431 4511
228 4473
311 1933
1078 3087
804 3903
60 3899
236 4106
774 4292
482 3943
431 4421
707 4414
821 4249
491 3664
584 4539
3008 3104
778 4210
687 4062
99 4524
1805 3650
345 4323
435 3834
651 4335
829 4369
724 4283
503 4333
589 4270
647 3898
2960 3300
903 4023
823 4061
181 4248
1949 1985
797 4163
2716 3415
556 3937
228 3871
900 4385
2351 2436
641 2119
874 1567
841 4046
761 4024
721 4131
547 4156
787 3882
618 4513
406 4312
840 2338
881 4012
740 4030
798 4408
885 4291
379 4435
352 4269
233 4481
649 3948
283 1037
327 4483
98 4479
636 4353
3002 3303
267 3456
816 4480
872 4269
218 4388
485 3919
513 4020
132 4241
517 3998
23 3986
212 2608
221 4023
1685 2289
617 4448
68 4371
554 1672
749 4130
597 4125
741 4076
1339 3343
242 3952
396 3986
337 4455
868 920
703 4489
363 4448
769 4397
241 4415
307 4144
574 3904
522 1872
343 4533
1856 3257
707 2273
826 4332
3059 3872
480 4412
2787 2888
717 4310
1737 4414
266 3882
1454 3394
899 4478
1526 2093
858 3967
821 4079
148 4492
454 4507
639 3504
1327 4161
614 968
406 3899
369 3942
869 4125
737 4031
884 4040
39 4077
553 4059
97 3556
770 3910
2127 3032
249 4245
33 1269
683 2002
496 4012
756 4495
142 4065
1355 2883
235 3170
488 4289
657 3890
150 4530
309 1189
160 4421
62 3890
2838 3528
484 3987
3002 3773
692 4266
145 4204
578 1483
558 4251
346 4368
1157 4141
402 3997
137 3869
128 3910
121 4478
1 4268
64 4423
339 4014
189 4063
192 4426
541 3879
774 4010
234 4198
763 4206
739 3260
2635 4131
857 3244
711 4403
427 4334
730 4155
651 4402
375 3626
320 4461
749 4160
20 3940
499 4474
2702 3195
2268 2772
540 4185
209 4375
443 4261
71 3982
1980 4321
1832 3384
748 4027
186 779
339 2045
376 3983
685 4460
217 4514
635 4316
209 4299
816 4521
844 4083
691 4199
601 3911
727 4139
64 4346
2973 3145
275 4440
717 3019
597 683
100 1518
3240 4004
353 4148
1132 2333
77 4093
24 4457
478 4149
729 4320
2709 3761
191 4462
15 3056
1008 2706
863 4222
1227 2988
137 4428
918 2535
710 4126
3 3896
198 3585
389 4275
806 4033
386 4198
176 4231
412 4496
471 3934
116 4386
661 3889
697 1644
420 4273
886 4466
1088 4055
447 4072
351 3986
1043 1936
133 3924
878 3918
265 4247
602 4514
2251 3273
1016 2253
691 4412
150 4149
656 4310
706 4081
273 3911
1523 3310
1845 2233
376 4393
520 4173
31 3921
206 3605
512 4153
2013 3902
140 4314
495 4002
462 4493
817 4387
840 4045
613 3700
258 4513
138 3972
773 4519
919 2798
3702 4182
161 4528
747 4084
786 4314
678 1839
524 4486
485 4361
741 3865
480 4456
237 4322
831 4143
760 3945
633 4467
353 4005
664 3869
158 3952
1065 1638
304 4245
504 4190
585 4167
2053 3719
367 4393
624 4463
309 1753
70 4242
2936 4542
178 4417
130 4040
895 3535
804 4147
171 4338
133 4239
722 4515
384 4356
117 622
20 4414
864 3883
134 4051
21 4495
113 4235
1450 3956
664 4098
632 4298
104 4320
598 1905
709 4057
177 4179
144 1789
198 4277
417 4196
596 4131
213 4375
284 3994
114 4526
71 3934
68 4189
3670 3805
550 4363
207 4265
788 4168
233 3986
712 4401
1007 4048
407 3874
32 3967
1069 2619
590 4334
795 3193
750 4277
399 4514
44 4035
858 4335
2396 3382
814 4154
425 4315
219 4165
372 4372
264 3114
817 4405
511 4426
1023 4045
632 4172
1244 2364
3866 4167
727 4317
437 2227
836 4533
649 3897
631 2819
727 4016
104 4284
404 4139
646 3879
721 4164
673 3941
580 4323
459 4416
793 4334
32 4502
127 4143
804 4216
194 4525
780 3905
44 3934
801 4241
2649 3549
691 4400
114 3513
841 4443
144 4439
419 4433
597 1723
421 3893
429 3984
331 4209
706 3962
850 3884
66 4219
650 3949
261 3145
897 4171
557 4539
729 4035
694 3874
804 4080
34 1875
790 4358
1301 3023
1918 2911
604 4143
287 3985
502 4054
603 4253
722 4504
561 2558
824 3887
302 4289
358 4502
843 4029
49 4155
1051 4396
2625 4150
1455 2921
414 4024
819 4485
868 4336
1107 1271
688 4058
983 2661
83 3866
436 3960
756 4101
2036 4367
732 4092
838 4093
438 3984
900 4474
701 4429
2720 3939
144 4459
404 1905
33 1460
200 4279
1072 1671
446 4260
60 2009
547 3878
2096 3411
663 4003
667 4142
3043 4432
675 4449
14 4108
887 3203
468 4123
8 4222
2920 3026
231 4341
1424 4359
866 4232
367 4411
3739 4443
1670 3455
203 734
2298 4001
638 4493
763 4383
596 3996
345 3906
699 4021
484 4199
2031 3924
412 4515
270 4496
817 4414
1696 1865
268 897
738 4499
680 4408
658 4035
1465 2541
396 4250
232 4093
167 4438
866 900
3718 3823
601 3922
788 4414
137 4229
897 4034
865 4326
1276 1988
269 4099
376 4158
987 2355
832 4511
653 3982
712 724
832 4160
802 4546
175 4417
307 4077
73 3917
481 4358
123 4080
510 4339
3161 3405
471 4292
1452 3100
559 4066
741 4539
693 4456
886 4334
1249 2984
777 4530
157 4522
128 4322
781 4180
321 4090
548 4130
729 3967
516 669
2514 4449
435 4078
216 4085
134 4114
1167 3849
197 4546
511 4249
111 4047
590 3907
52 4099
286 3942
2205 4448
12 4130
398 4118
733 4196
4256 4544
823 4304
294 3993
643 4168
1413 2163
525 4100
6 4538
1736 3261
111 4005
3167 4157
687 1880
624 4198
512 4134
790 3968
278 4074
245 4256
3232 3789
33 4025
510 4391
390 4149
585 4330
262 4203
2422 4261
692 4531
253 4399
214 3906
181 4143
424 4517
274 4254
665 3937
50 4318
674 4531
854 4283
350 3877
286 3925
245 1268
173 644
1427 3505
573 4233
741 4262
139 4287
572 4415
4269 4388
871 4094
669 4509
766 3922
827 4051
180 4148
1506 2519
810 4234
538 3947
632 4134
1957 3178
358 4379
1923 3981
348 4371
565 3389
818 3872
381 4200
162 3948
746 4246
143 4480
187 4396
2041 4389
3501 4422
537 3907
113 4035
107 4137
446 3890
684 4209
750 3965
90 4256
678 4504
40 4432
355 3907
193 4500
606 4419
842 4070
852 4016
337 726
2616 3681
797 4168
554 4315
683 4026
401 4278
99 165
64 4241
373 4169
466 4445
889 3661
812 3343
732 3925
124 4474
34 4477
390 4079
599 4224
603 4346
48 4512
660 4354
2646 2978
369 3911
610 4547
372 4192
629 3909
649 4519
806 4520
3639 4254
2139 3055
892 4243
93 4100
1416 1909
220 4545
19 4166
756 4185
870 4477
823 4107
396 4168
616 4256
3753 4199
615 4008
980 2828
847 4465
2495 2909
273 4090
202 4027
835 4001
431 4385
3497 4424
119 1589
548 4468
205 1073
459 4057
602 4480
9 4275
37 4100
624 4523
53 4159
2131 2187
706 4129
186 4084
230 3940
944 3001
1032 1774
9 4445
492 3896
834 3851
655 4257
350 2197
637 4316
1330 1998
881 4041
11 4440
119 4041
425 4280
12 4395
495 3991
203 4198
832 4001
1194 1336
563 3894
500 4118
74 4312
1259 2421
677 3867
363 4451
1026 1220
2672 2939
823 3977
161 1681
210 3909
76 4423
514 3990
212 4054
475 3634
103 4368
207 4387
649 4087
1343 3413
741 4309
869 4504
2795 3752
271 4495
68 4024
35 4187
2581 2791
3027 3805
596 4401
830 4134
264 3881
286 3949
2521 4372
1519 4139
1120 3164
1766 3671
850 3880
421 4466
718 4107
504 4118
757 4311
905 4312
138 4532
1134 3790
511 1651
629 4416
6 4147
787 4335
170 3978
773 4449
275 3988
179 3896
3066 4252
3165 3740
273 4258
174 4283
1454 2015
570 4198
383 436
745 4069
451 4179
251 3971
358 4201
3745 4300
247 4131
901 4430
1384 2752
467 4440
34 3404
960 4030
590 4361
324 3450
275 4376
543 4508
421 4419
63 4226
341 4033
833 4277
851 4194
601 4349
535 4519
510 3966
731 4518
3010 3024
27 4032
464 4252
632 3920
628 4088
785 3874
2825 3076
728 4265
57 4286
699 3039
1600 4201
113 3896
3663 4075
616 4298
195 3647
1264 2364
2312 4445
2629 3319
562 4076
872 4035
2900 3216
498 4433
286 4346
423 4519
768 3880
351 2100
620 4442
91 4024
241 3990
907 1459
655 2352
1856 3030
20 3989
3 3252
458 4150
66 4462
44 3551
516 4187
662 966
220 3924
12 4168
446 4201
671 3914
295 4216
371 2041
730 4160
503 4219
101 2193
820 4157
375 4133
45 2637
598 3940
1475 2255
224 4137
35 4546
440 4358
133 4469
79 4131
1552 1911
270 3739
200 4355
340 4164
421 4032
2235 3705
446 4049
1753 2666
94 4090
323 3889
1721 2358
886 4097
887 4019
494 4014
612 3926
555 4172
28 4130
358 4355
85 4357
37 4275
744 4395
1942 3928
940 3525
152 3929
312 4264
367 4301
118 3932
609 4292
1387 3963
426 4038
15 3910
8 4334
193 4187
779 2590
279 4067
718 4238
574 3976
436 4070
467 4462
538 4536
319 4355
46 4033
205 4473
92 3992
526 4100
898 4195
252 3620
2016 3511
329 4056
423 2008
779 4107
808 4106
1739 2105
741 4228
597 3759
1002 4431
316 4042
291 3120
600 4019
585 4224
225 4054
2933 3802
735 3920
603 4054
1209 1685
761 3987
2056 2961
216 3285
3579 3657
725 4277
651 4171
299 3251
3034 4348
7 4135
220 4458
784 4203
3565 4402
162 4301
512 2229
840 4375
609 4350
747 4506
2789 3514
306 4060
654 3981
1670 1865
294 3846
151 1340
220 4220
3818 3928
286 4252
373 4270
2972 4032
991 4278
895 4504
324 4416
424 4441
585 4146
731 1749
2026 2844
7 3949
650 4072
348 1625
33 4481
1867 3253
2532 3427
637 3878
847 4238
450 4224
431 4088
622 4243
297 4188
2061 2083
1727 2317
448 2622
1798 1951
41 4107
867 4104
560 3988
639 4039
645 4211
372 2660
163 4214
221 4035
2625 4208
421 4455
305 4382
350 4165
759 3966
472 3980
648 4073
2209 4012
562 4165
760 4003
236 4153
754 3900
808 3964
707 3995
377 4154
3053 3821
2023 4522
817 4297
326 3684
2172 3491
543 4528
711 1347
867 4411
724 4428
571 4393
4180 4523
538 4547
271 4229
255 4056
63 4326
1567 2771
213 4428
310 4059
761 4155
768 4402
128 4059
815 4454
1291 3078
18 4516
939 4502
684 4120
163 4215
843 4183
156 3764
142 3920
557 3867
409 4321
763 4327
339 4493
417 4506
2879 3865
308 4019
502 4169
516 4446
221 1990
906 3974
671 4364
571 4512
59 3326
617 4311
1924 3148
752 4456
833 3881
374 4309
548 4475
265 4025
881 4342
635 4279
563 4217
423 4396
1677 4282
3104 3345
1014 4483
96 3951
737 4264
648 2886
540 3423
1243 2710
139 4027
472 594
307 4049
606 4438
781 4309
20 4441
158 4236
343 4286
641 4321
844 4486
89 2335
946 3685
201 4388
1634 2190
338 4168
55 4323
60 99
374 4362
666 4236
817 4405
594 4107
4114 4386
772 4385
153 4447
461 4322
347 3783
522 4528
690 3896
27 4216
637 4178
741 4228
461 4250
106 2435
386 3917
619 4325
844 919
11 4463
107 4241
691 4094
484 4205
2662 3437
160 2824
472 4287
356 3979
451 1869
471 4321
68 3876
126 4328
246 4377
807 3887
783 4432
330 4122
747 4416
494 4402
249 4268
107 4163
1270 3239
555 4301
541 4436
897 4161
215 3801
408 4494
437 3953
232 4114
525 4070
536 4503
630 4180
623 4504
41 4197
793 1977
362 4308
723 4156
3280 4173
3223 3973
544 4275
549 3925
192 4114
1007 3453
1744 2797
52 4165
603 4364
261 4129
1197 3205
105 4416
9 1325
3868 3905
705 3882
719 4223
414 1058
197 4537
111 4328
1046 4383
439 3306
315 1296
181 4094
1721 2979
105 4421
726 3899
656 4415
3527 3619
1326 3613
807 4419
883 4265
908 4441
3028 3406
66 4519
249 4207
834 4470
877 4086
1210 4366
541 4084
822 4195
164 3978
418 4014
587 3666
902 4379
802 4543
837 3929
157 2796
534 3913
313 4236
292 4232
272 4225
1469 3462
590 3727
2215 3307
2958 3784
269 4380
438 4076
891 4519
1413 3268
1054 3481
2626 2998
1 4132
750 3922
1471 1855
45 4223
442 4447
273 4437
425 4480
631 4058
802 3883
2490 4442
197 3830
713 4253
1216 3595
715 3982
300 4504
520 1906
99 3994
392 4182
105 3950
1684 1955
1656 3437
568 4341
3171 3493
560 4421
3124 4212
798 2326
152 4330
52 3228
424 3870
626 4151
255 4075
136 4141
1944 4304
474 4047
497 3906
521 3972
2419 4481
854 4414
714 3939
872 4122
130 4466
314 4257
400 4536
2063 3830
629 4376
225 4228
1054 3746
471 3890
181 4205
292 3433
3026 3708
508 4008
278 4438
555 3877
525 4269
578 4058
165 4248
887 3878
647 4243
2136 3174
105 4411
406 4288
41 3956
1093 4532
494 3883
2492 2558
718 3415
875 4005
146 4078
1077 1165
