2873 823
2637 3636
2669 3047
2601 172
1652 506
2637 3935
2637 3884
2669 3407
2556 3266
2637 3523
2407 3458
2637 3961
2637 3618
2637 3813
2669 1609
2637 3879
2429 3309
2637 3765
2637 3618
2556 3366
2429 3110
2407 2973
2794 821
2669 3418
2794 742
2669 2882
2593 3311
2641 363
2407 1850
2407 3205
2337 3321
2432 1596
2593 3025
2669 3139
2669 2955
2637 3590
2556 3200
2542 3592
2637 3468
2556 3359
2556 3003
2780 986
2429 3451
2637 3866
2432 1562
2637 3836
2669 2835
2637 3515
2669 3220
2637 3826
2593 3271
2669 1071
2669 1154
3015 413
2556 3526
2637 3699
1361 361
2429 2692
2669 1373
2170 1128
2669 3578
2637 3234
2637 3733
2669 2688
2542 3608
2556 3427
2556 3184
2407 3107
2669 2811
2669 1670
2407 1827
2669 3350
2542 3319
2637 3724
2407 3187
2669 3367
2432 2063
2669 3199
2144 214
2669 1583
2486 2546
2407 3323
2542 3464
2491 1317
2669 2911
3576 19
2669 3539
2432 1953
2593 3134
2605 1008
2669 3239
2939 616
2429 3094
1742 257
2637 4015
2637 3438
2556 3358
2556 3439
2669 2816
2669 1558
2637 3434
2637 3987
2542 3424
2556 3148
2873 1662
2794 1148
2669 3353
2669 2969
2669 3269
2637 3542
2556 3398
2323 253
2637 3562
2637 3653
2556 3290
2593 1345
2939 218
2605 946
2593 3074
2637 3653
2556 3332
2637 3879
2669 3231
2593 3279
2556 3513
2556 3242
2605 928
2337 3509
2669 3390
2669 2751
2556 3449
2669 1077
2605 982
2637 3771
2780 851
2637 3713
2486 1660
2556 3019
2669 3214
2669 3426
2669 2954
2556 2981
2432 1707
2637 3415
2669 3375
2637 3795
2429 3175
2556 2926
2637 3772
2669 3418
2637 3501
2407 3067
2337 2869
2669 3491
2669 3224
2605 537
2961 247
2175 334
2337 3125
2637 3672
2637 4046
2637 3803
2637 3376
2263 827
2593 3203
2669 3129
2407 3010
2669 2962
2669 3061
2637 3706
2593 3073
2637 3762
2556 2967
2337 2919
2637 3730
2593 3229
2407 3263
2669 3274
2669 3365
2429 3315
2637 3397
2669 3256
2432 1705
2556 3452
2593 3332
2784 1145
2556 3493
2637 3667
2556 3313
2669 3346
2556 3446
1571 150
2669 2963
2486 1927
2873 2132
2669 3459
2669 2989
2593 3260
2330 675
2669 2897
2637 3773
1359 169
2669 3533
2407 2973
2637 1604
2669 2832
2637 3513
2669 2751
2669 3300
2407 3247
2669 2913
2669 3361
2556 2963
2637 3822
2637 3737
2542 3596
2432 2243
2669 3218
2195 552
2669 3015
2637 3636
2407 2982
2669 3546
2669 1623
2637 3686
2780 989
2637 3554
2669 3017
2669 2137
2669 3028
2542 3424
2637 3712
2637 3860
1593 692
2669 3020
2780 899
2432 1155
2669 2729
2593 3171
2429 2691
2556 2905
2669 2766
2337 3523
2669 3309
2637 3780
2637 3481
2429 3164
2637 3425
2637 3262
2593 3420
2195 982
2669 3095
2727 323
2556 3371
2593 3215
2669 3504
2669 3357
2637 4007
2669 2720
2731 1367
2669 3211
2637 3489
2637 3320
2669 2509
2637 3398
2593 3309
2669 2693
2637 3636
2593 3409
2637 3383
2669 1487
2637 3671
2337 3081
2669 2862
2637 3658
2873 2253
2337 3543
2637 3690
2486 1456
2690 251
2637 3542
2432 1321
2556 3179
2637 3617
2605 1081
1754 791
2669 3266
2337 3034
2637 3691
2556 3348
2637 3513
2669 3454
2486 2463
2593 3332
2337 1664
2669 2950
2556 3377
2556 3219
2337 3721
2669 2883
2669 3440
2407 3305
2637 3362
2637 3456
2669 3645
2637 3785
2669 3313
2556 2828
2669 3319
2669 3356
2637 3335
2637 3402
2669 2971
2669 3400
1751 201
2162 150
2429 3078
2669 3605
2637 3588
2542 3609
2407 3195
2337 3565
1742 441
2794 852
2669 2841
2637 3626
2337 3600
2637 3089
2407 3323
2669 3399
2669 3011
2556 3121
2797 305
2556 3366
2556 3056
2605 640
2637 3688
2407 2923
2637 3712
2669 3397
2637 3484
2669 3370
2593 3220
2593 3085
2407 3207
2873 2280
2407 3075
2669 3262
2873 2398
2669 3297
2556 3376
2637 3652
2669 3473
2330 1181
2669 2777
2556 3552
2486 1674
2637 3436
2726 222
2669 3312
2637 3927
2637 3983
2669 1452
2669 955
2637 3578
1742 318
2886 711
2593 3326
2637 3663
2637 3717
2601 189
2637 3714
2637 3703
2669 2802
2429 3069
2556 3187
2403 1112
2669 2740
2593 3059
2669 2769
2542 3588
2429 3283
2669 3207
2669 2454
2669 3321
2857 318
2669 899
2637 3729
2637 3673
2637 3718
2669 3164
2407 3225
2556 3515
2407 3145
2669 3367
2195 538
2337 3026
2637 3590
2669 828
2637 3545
2669 3363
2556 3389
2556 3409
2407 3458
2429 3046
2669 2923
2542 2924
2794 794
1652 263
2407 3199
2637 3979
2859 815
2669 3333
2637 3094
2556 3513
2669 3003
2407 3314
2556 3349
2637 3397
2337 3515
2090 1096
2669 3106
2556 3094
2637 3873
1121 275
2637 3319
2669 3277
2407 3314
2637 3872
2593 3229
2669 1916
2637 3610
2669 3321
2429 3581
2669 3214
2669 3066
2637 3778
2669 2302
2556 3301
2637 3764
2637 3358
2407 1406
2323 237
2637 3764
2593 3378
2556 3025
2556 3019
2637 3986
2669 3465
393 4
2556 3098
2669 2921
2637 3145
2556 3407
2556 3567
2669 2947
2407 3242
2637 3534
2421 606
2637 3753
2593 3354
2669 695
2285 18
2892 1060
2669 3510
2669 3510
2669 1674
2669 2906
2407 3007
2407 2999
2669 1872
2605 441
2556 3157
2637 3541
2669 3555
2669 3396
2593 3032
2337 3671
2407 3141
2637 1930
2669 3113
2669 3276
2637 3346
2669 2880
2407 3291
2669 3472
2556 2965
1742 103
2556 3004
2090 594
2667 1033
2669 2867
2669 3310
2542 3311
2727 284
2873 2383
2637 3886
2637 3890
2637 3708
2669 1168
2669 2922
2637 3504
2669 3267
2637 3837
2637 3811
2637 3717
2669 3042
2637 3646
2593 3140
2556 3519
2669 2974
2637 3834
2556 3002
2669 2846
2429 3057
2669 1862
2593 3078
2337 3099
2669 2985
2669 3250
2939 495
2637 3819
2392 1224
2542 3548
2407 3078
1754 67
2794 1023
2556 3310
2637 3968
2332 1404
2669 3006
2873 784
2542 3569
2637 3550
2432 1685
2556 2720
2556 3476
2637 3377
2605 748
1742 389
2637 3740
2337 3215
2637 3437
2556 3257
2669 3538
2556 3412
2637 3538
2613 1081
2669 3415
2407 3217
2669 1383
2669 3492
2432 1836
2491 992
2637 3888
2669 2756
2669 2969
2669 2894
2407 3116
2669 3003
1913 68
2669 3127
2669 2901
2337 3602
2556 3098
2637 3556
2605 1058
2637 3353
2556 3322
2337 3231
2669 3526
2637 3858
2637 3771
2637 3809
2637 3780
2593 3118
2542 3262
2556 3553
2556 2983
2432 1435
2593 2610
2669 3362
2429 3511
2637 3937
2669 3464
2637 3501
2001 1101
2407 3054
2407 1526
2637 3419
2407 3283
2669 3015
2593 3123
2556 3227
2669 1738
2432 364
2432 1793
2669 2957
2593 3377
2637 3608
2491 1441
2407 3119
2491 1409
2337 3638
2669 2964
2403 1159
2593 3050
2669 3354
2403 1168
2337 3744
2429 3564
2556 3437
2275 240
2556 3066
2556 3473
2556 3221
2873 1623
2669 1658
2637 3716
2556 3536
2429 3252
2337 3462
2384 107
2407 3100
2637 3865
2669 3244
2637 3592
2637 3863
2593 3151
2637 3786
61 2
2429 3093
2556 3107
2556 3034
2337 3628
1652 449
2001 106
2669 3299
2637 3648
2637 3447
2542 3406
2556 3137
2486 1940
2637 1618
2593 3070
2637 3385
2407 1471
2669 3503
2429 2915
2637 3666
2407 3136
2637 3773
2873 1705
2669 3381
2637 3506
2637 3745
2407 3471
2669 2433
2669 2963
2669 3022
2669 3372
2669 3434
2542 3468
2669 1387
1593 722
2556 2943
2486 2063
2669 3325
2637 3596
2504 474
2690 374
2593 3278
2542 3618
2432 1789
2669 1906
2669 2950
2556 3172
2669 1541
2637 3709
2337 3538
2554 644
2859 1762
2593 3341
2637 3832
2407 3117
2637 3335
2556 3560
2669 3115
2407 3223
1802 69
2669 2833
2556 3085
2407 3269
2637 3885
2542 3665
2407 3218
2892 488
2432 2152
2637 3561
2669 3181
2637 3450
2637 3506
2407 3111
2669 3177
2637 3492
2407 3277
2637 3789
2669 573
2593 3427
2669 2923
2669 3320
2669 2734
2669 1876
2542 3622
2337 3658
2337 3060
2330 769
2690 524
2593 3264
2669 3405
2637 3753
2637 3606
2542 3547
2605 745
2726 299
2637 3673
2637 3622
1531 145
2637 3659
1531 88
2669 2838
2669 3038
2556 3235
2138 462
2669 1334
2637 3802
2637 2688
2542 3298
2637 3651
2556 3125
2432 1719
2337 3454
2556 3439
1571 154
2669 3112
2669 3239
2429 3053
1041 28
2794 1510
2593 1263
3645 49
2170 1029
2669 3364
2407 3132
2432 1546
2669 3399
2637 3962
2669 3486
2669 3425
2641 281
2669 3230
2613 360
2407 3341
2542 3599
2361 327
2542 3330
2669 3026
2637 3709
2556 3445
2429 3234
2637 3719
2669 3518
2403 798
2486 1260
1677 834
2605 470
2263 690
2669 1257
2794 1202
2669 1836
2429 3269
2637 3396
2637 3472
2637 3854
2407 3318
2669 2926
2429 3133
2669 2766
2794 903
2637 3868
1492 148
2637 3431
2669 2300
2780 993
2593 3384
2429 3437
2669 3440
1652 217
2669 2113
2593 3354
2669 2924
2175 207
2669 3219
2637 3530
2593 3269
2669 3327
2669 3483
2669 3161
2407 3098
2556 2926
2421 249
2637 3528
2669 3090
2432 1296
2556 2985
2593 3229
2556 3231
2556 3505
2556 3520
2429 3197
2794 690
2542 3255
2593 3069
2669 3436
2556 3391
2794 489
2637 3549
2637 3800
2669 3391
2556 3235
2669 1778
2669 3401
2593 3265
2637 3960
2637 3706
2637 3289
2542 3526
2593 3180
2637 3555
2593 3357
2637 3972
2556 3121
2593 3382
2637 1767
2337 3676
2669 3317
2337 3633
2337 3616
2669 2977
2556 3442
2263 935
2669 2821
2641 113
2669 3198
2556 3401
2337 3648
2486 2274
2637 3517
2532 549
2337 3136
2429 3047
2873 1617
2556 3199
2669 3008
2637 3739
2669 2965
2637 3365
1593 406
2859 929
2407 2973
2892 1226
2669 3232
2432 2053
2637 3566
2669 2819
2637 3439
2637 3691
2542 3253
2542 3308
2637 3759
2939 407
2407 3118
2637 3557
2892 907
2669 3457
2637 3902
2556 3511
2669 2726
2593 3266
2556 3410
2669 1630
2669 1096
2637 3601
2556 3454
2556 3036
2556 3071
2637 3329
2669 3411
2407 3385
2637 3504
2669 3240
2637 3397
2669 2999
2669 3510
2669 2828
2637 3736
2669 3424
2794 1035
2669 2817
2337 2950
2605 1001
2669 2931
2432 2050
2669 2764
2337 3570
2669 1455
2556 3356
2429 3285
2556 3017
2593 3219
2637 3726
2669 2398
2637 3865
2669 3484
2593 3341
2556 3407
2556 2326
2669 3301
2407 3350
2637 3332
2556 3387
2556 3033
2637 1524
2669 3432
2669 2893
2637 3666
2669 3328
2669 3343
2593 3178
2407 3351
1593 657
2637 3628
2637 3475
2407 2961
2432 2046
1472 40
2637 3742
2637 3663
2407 3328
2593 3276
2330 1233
2637 3528
2961 150
2669 3346
2429 3525
2637 3711
2593 3340
2045 16
2556 3188
2669 3169
2407 3358
2669 3518
2669 2678
2637 3502
2873 2030
2669 2513
2593 3230
2556 3351
2432 1993
2263 760
2637 3317
2637 3360
2669 3369
2593 3263
2669 3363
2669 3296
2407 3245
2407 3113
2432 1975
2637 3780
2407 2971
2637 2643
2669 3047
2542 3249
2556 3200
2669 3464
2298 262
2542 2613
2556 3108
2593 3288
1840 1199
2669 1449
2669 3428
2637 3828
2794 1114
2669 1117
2637 3689
2669 1338
2407 2947
2637 3758
2593 3374
2886 2321
2669 3445
2637 3840
2637 3514
2556 3531
2637 3499
2637 3464
2432 1599
2669 3304
2794 568
2637 3742
2637 3434
2429 3078
2669 3292
2407 3279
2637 3501
2637 3898
2669 3269
2669 2873
2637 3429
2669 3605
2195 852
2669 3458
2669 1706
2593 3097
2429 3423
2794 466
2637 3381
2637 3984
1810 224
2556 3199
2669 3501
2556 3430
1581 145
2637 3722
2556 3162
2669 3342
2873 1920
2669 1852
2637 3372
2556 3016
2429 3051
2337 2896
2328 1472
2330 1263
2637 3695
2432 1987
2669 2968
2669 3155
2601 250
2432 1519
2556 3402
2637 3910
2637 3572
2669 2945
1751 480
2669 1457
1354 338
2593 3190
2886 2353
2637 3509
2637 3629
2637 3313
2556 2954
2593 3071
2556 3187
2337 3836
2556 3421
2637 3641
2337 3421
2637 3561
2407 3190
2637 3671
2337 3213
2859 1912
2637 3698
2669 3502
2556 3468
2669 3211
2637 3630
2886 2151
2407 3042
2669 2870
2637 3377
2939 517
2637 3490
2637 3739
2669 2271
2407 3220
2669 3389
2637 3672
2669 1721
2669 3346
2613 177
2556 3197
1221 18
2407 3144
2669 2833
2669 2460
2263 791
2429 3406
2669 2980
2637 3433
2556 3097
2613 365
2669 3111
1807 560
2637 3692
2637 3502
2407 2987
2407 3178
2669 3379
2669 3265
2542 3595
2601 273
2637 3609
2429 3081
2162 234
2669 2396
2330 957
2886 817
2637 3417
2637 3609
2432 2648
2857 316
2407 3000
2669 1127
2593 3322
2556 3290
2556 3430
2669 3033
2669 3023
2669 3394
2637 3577
2637 3478
2637 3655
2337 3703
2731 1361
2637 2703
2556 3512
2637 3643
2669 3460
2637 3600
2175 354
2407 3284
2669 2105
2886 2636
1751 230
2556 3341
2337 3558
2407 2962
2637 3667
2429 3074
2556 2970
2669 3291
2432 2200
2593 3225
2669 3537
2669 3254
2939 265
2637 3780
2337 3517
2637 3765
2407 3286
2138 210
2669 1780
2542 3281
2637 3653
2593 3270
2556 3174
2556 3450
2637 3895
2429 3194
2794 724
2637 3442
1243 35
2429 2687
2637 3747
2337 3090
2886 1857
2637 3357
2637 3966
2669 2912
2556 3534
1754 717
2637 3774
2669 3005
2873 1802
2429 3046
2637 3782
2407 3170
2794 1072
2794 1683
2337 3003
2637 3573
2637 3465
2669 3379
491 15
2407 3175
2556 3183
2556 2331
2669 3209
2593 3213
2486 1197
2641 348
2637 3611
2873 2035
2337 1795
2637 3450
2593 3103
2637 3924
2669 3409
2298 148
2669 2335
2669 3482
2407 3259
2637 3783
2605 175
2766 616
2432 1066
2407 3169
2637 3595
2556 3295
2669 3323
2669 2770
2731 1338
2669 3330
2593 3267
2669 1173
2669 2968
2886 893
2486 1990
2637 3639
2669 3456
2421 119
2669 2916
2752 1097
2337 3032
2429 3073
2407 3094
2669 3526
2637 3694
1677 886
2637 3603
2407 3131
2593 1278
2542 3447
2593 3274
2407 3281
2337 3019
2637 3717
2669 1297
2337 2940
2669 3312
2669 2732
2637 3701
2637 4024
2669 1828
2669 3161
1677 117
2637 3816
2794 917
2556 3038
1768 90
2593 3208
2669 3260
2593 2293
2637 4002
2637 3624
2407 3432
2593 3345
2669 2714
2637 3872
2337 3112
2337 3630
2556 3184
2613 573
1652 289
2669 3434
2556 3069
2669 2985
2556 3354
2593 3148
2669 3444
2637 3765
2669 3315
2637 3451
2669 3302
2637 3428
2637 3539
2637 3715
2407 2963
2637 3874
2669 3664
2593 3374
2429 3148
2669 3135
2669 3416
2637 3546
2637 3124
2669 3157
1677 149
2392 127
2637 3893
2669 3398
2637 3622
2429 3278
2873 2242
2337 3673
2637 3780
2392 792
2432 2124
2794 937
2407 3430
2637 3569
2669 1281
2669 1751
2669 3271
2613 196
2637 3623
2556 3124
2556 2992
2407 2998
2429 3243
2637 3564
2637 3392
2337 3711
2195 423
2556 3164
2637 3468
2669 3488
2637 2881
2669 2914
2637 3599
2669 1474
2337 3124
2669 3344
2556 3055
2407 3300
2886 956
2637 3825
2486 1600
2637 3802
2873 2094
2637 3556
2593 3318
2886 2365
2669 2028
2669 3313
2637 3524
2669 1693
2337 3088
2392 974
2669 1590
2263 862
2669 3418
2669 3226
2637 3665
2669 2805
2637 3696
2542 3243
2637 3593
2637 3960
2637 3676
2669 3503
2637 3750
2637 3467
2669 2747
2669 3593
2421 257
2429 3506
2556 3224
2637 3390
2794 1570
1359 41
2556 3567
2873 2116
2593 3376
2731 1337
2637 3987
2593 3259
2556 3111
2429 3541
2873 1864
2542 3261
2263 694
2886 3063
2669 3336
2637 3958
2892 487
2669 3413
2669 2828
2669 3198
2542 3639
2669 3260
2637 3941
2637 3852
2593 3450
2637 3871
2669 1980
2637 3420
2170 1037
2429 3066
2669 2071
2637 3861
2613 561
2637 2841
2429 3109
2669 1995
2667 755
2195 611
1593 273
2593 3313
2486 2466
2669 2936
2669 2948
2637 3438
2556 2996
2669 2026
2669 1943
2593 1093
2263 1210
2752 187
2337 3729
2637 3402
2556 3089
2637 3463
2669 2849
2637 3658
2541 246
2593 3238
2669 3470
2637 3365
2407 3318
2613 562
2669 3365
2384 479
2637 3765
2669 3549
2669 3386
2637 3354
2605 958
2637 3918
2407 3336
2637 3755
2429 3183
2637 3646
2637 3590
2429 2835
2637 3788
2669 3424
2669 3431
2556 2960
2669 3458
2407 3414
2820 1424
2556 3125
2337 3195
2593 3171
2637 3581
2669 2867
2556 3230
2669 3164
2593 1466
2637 3818
2637 3726
2486 1637
2892 367
1677 964
2556 2998
2669 2964
2886 957
2669 3478
2669 3019
2637 3655
2429 3172
2669 2893
2637 3334
2637 2795
2407 3074
2669 3295
2556 3500
2637 3803
2637 3652
2542 3509
2637 3764
2556 3090
2727 251
2669 827
2637 3561
2669 2501
2593 3219
2407 1158
2683 390
2669 949
2556 2748
2407 3227
2593 3296
2407 1588
2669 3047
2669 3213
2541 591
2886 951
2491 1640
2637 3648
2669 3492
2556 3381
2669 1932
1768 371
2669 3392
2637 3886
2669 2771
2556 3589
2407 3223
2637 1738
2637 3635
2593 2276
2669 2754
2637 3730
2669 3476
2669 2591
2892 127
2669 2236
2637 3751
3015 366
2556 2900
2669 3393
2556 3308
2669 3514
2669 3085
2556 3067
2669 2992
2873 657
2556 2983
2556 3235
2669 3266
2669 2097
2407 3370
2669 2272
2556 3432
2593 3278
2669 2352
2637 3435
2892 39
2637 3592
2669 3081
2669 1406
2593 3217
1361 214
969 19
2669 3469
2556 2555
2486 1490
2554 507
2669 2861
2407 1567
2337 3618
2556 3508
2556 3467
2669 2948
2556 3190
2637 3489
2556 3147
2637 3363
2794 1109
2593 1321
2669 2901
2138 79
2637 3956
2491 95
2637 3899
2637 2889
2556 3321
2637 3570
2613 181
2637 3401
2637 3660
2637 3585
2637 3894
2637 3942
2637 3492
2637 3866
2263 616
2637 3968
2162 145
2432 547
2794 1000
2637 3526
2593 3084
2593 3359
2669 3477
2637 3775
2175 439
2669 3437
2542 3269
2637 3490
2637 3717
2939 696
2337 3475
2669 3348
2669 3563
2637 3439
2637 3353
2407 3302
2429 3148
2669 986
2542 3410
2669 3593
2593 3181
2637 3899
2407 3353
2337 1473
2162 404
2669 1485
2556 2940
2593 3313
2637 3608
2669 3411
2593 3246
2407 2957
2637 3849
2542 2994
2637 3793
2429 3296
2276 483
2542 3431
2669 3505
2669 3197
2556 3119
2669 3365
2285 1046
2637 3534
2407 3276
2669 2832
2556 3319
2138 528
2669 1782
2407 3124
2429 3550
2637 3958
2669 3453
2637 3609
2669 1874
2669 3375
2601 391
2859 529
2669 2331
2637 3509
2407 3018
2593 3416
2669 1319
2637 3681
2486 2398
2637 3648
2731 1274
2138 327
2939 266
2337 3558
2407 3178
2669 2868
2637 3391
2669 3482
2556 3445
2429 3175
2892 1240
2637 3732
2407 2960
2669 2768
2637 3857
1642 279
2669 2567
2432 2367
2669 2780
2337 3722
2593 3110
2407 3158
2637 3444
2407 3079
2669 2843
2637 3722
2337 3465
2669 1383
2669 2960
2637 3526
2637 3538
2605 251
2669 1254
2407 2952
2337 3703
2330 342
2637 3897
2669 3512
2669 3321
2407 3065
2403 865
2593 3313
2637 3696
2637 4000
2637 3686
2429 3243
2432 2609
1934 144
2669 3527
2886 782
2669 3324
2637 3597
1508 69
2637 3468
2556 3259
2337 3053
2429 3415
2637 3630
2322 1963
2593 3078
2330 1124
2669 3400
2637 3994
2669 2772
2605 757
2337 3096
2669 3330
2669 2753
2337 3674
2429 3053
2637 3428
2556 3580
2669 3505
2556 2928
2669 3179
2669 3322
2669 2831
2556 3061
2669 3055
2407 2981
2669 3255
2556 3233
2637 3528
2637 3693
2556 3006
2669 928
2669 3527
2669 3290
2669 2843
2337 3062
2432 1325
2593 3215
2886 2271
2556 3207
2669 2840
2542 3445
2637 3972
2407 3313
2429 3237
2669 3511
2556 3042
2637 3542
2637 3862
2669 3199
2637 3624
2556 2992
2556 3236
2669 3263
2669 3355
2886 2231
2556 3413
2593 3272
2873 1903
2637 3785
1359 192
2407 3107
2407 3292
2429 3118
2407 3273
2384 535
2669 899
2669 3208
2593 3256
2669 3518
2669 3486
2593 3398
2637 3412
2637 3678
2669 1318
2669 3382
2556 3223
2669 2923
2637 3853
2486 1768
2669 1458
2637 3600
2669 3041
2593 3129
2669 3245
2637 4001
2637 3460
2519 188
2556 3379
2669 3196
2429 3215
2637 3841
2556 3211
2403 790
2669 2765
1652 364
2637 3057
2593 3423
2637 3836
2337 3617
2637 3456
2637 3506
2593 3210
2593 3108
2263 785
2669 1564
1593 516
2637 3815
2556 3073
2432 2038
2556 3480
2593 3038
2669 3353
2421 568
2669 2862
2637 3615
2090 914
2263 640
2669 1908
2637 3847
2556 3097
2637 3641
2886 1950
1593 341
2407 3183
2669 2968
2637 1455
2407 3321
2669 1803
2669 2860
2669 797
2332 1428
2669 3441
2432 1520
2669 2327
2669 3440
2669 2495
2407 3142
2593 3387
2669 3280
2392 144
2794 1459
2556 3383
2429 3048
2432 1756
2637 3930
2669 3332
2407 3110
2669 3567
2794 867
2637 3670
2593 3394
1593 595
3015 498
2637 3631
2669 2935
2429 3311
2637 3876
2556 3168
2637 3752
2407 3019
2669 2941
2637 3928
2669 2954
2556 3015
2857 352
2337 3683
2637 3412
2637 3768
2669 3196
2556 3209
2001 1260
2637 3892
2145 69
2637 3911
2542 3572
2542 3626
2337 3175
2298 150
2637 3485
2859 1554
2637 3649
2669 2986
2669 2996
2090 976
2556 3597
2873 1942
2669 3014
2669 3433
2138 73
2780 941
2556 3401
2637 3851
2542 3534
2637 3667
2637 3467
1593 612
2407 3117
2407 3335
2429 3155
2690 544
2432 2273
2669 3185
2794 1072
2637 3434
2637 3450
2593 3188
2593 3124
2637 3829
2669 1950
2637 3490
2669 3337
2556 3572
2894 562
2170 909
2669 1853
2669 3295
2090 753
2669 3332
2669 3185
2637 3457
2556 3196
2873 2366
2556 3023
2337 3702
2486 1736
2637 3922
2637 3576
2637 3556
1677 933
1742 489
2337 1768
2637 3509
2669 1231
2669 3015
2556 3239
2486 410
2669 3602
2637 3685
2392 1387
2407 3196
2637 3736
2669 2386
2669 3286
3015 438
2669 3562
2542 3523
2429 3210
2593 3320
2669 3302
2669 3003
2637 2940
2393 1133
2886 2078
2421 612
2593 3339
2886 2219
1492 58
2432 1501
2669 2242
2859 1859
2556 3431
2337 3148
2637 3544
2429 2904
1949 484
2683 203
2407 3352
1677 856
2556 3459
2318 1189
2637 3830
2669 2831
2669 3263
2637 3554
2593 3126
1751 358
2784 1179
2486 1803
2542 3265
581 32
2556 3477
2593 3218
2421 486
2637 3432
2593 1498
2637 3586
2873 1771
2593 3080
2407 3254
2637 3683
2637 3572
2669 858
2669 3309
2407 3276
2637 3607
2637 3448
2669 2591
2637 3854
2637 3737
2593 3221
2637 3612
2556 3016
2637 3657
2731 1497
1593 306
2669 3527
2403 1091
2669 2573
2669 3091
2556 3509
2637 3712
2894 1371
2556 3497
2669 2980
1593 545
2794 1063
2593 3167
2432 1912
2637 3969
2669 3268
2407 3255
2669 3500
2403 1153
2669 3049
2637 3827
2669 2332
2637 3766
2637 3537
2593 3114
2892 575
2669 3288
2669 2847
2556 3346
2637 3991
1472 257
2605 634
2337 1712
2637 3594
2669 2641
2556 3518
2154 164
2556 3321
2637 3444
2593 3082
2669 3133
2669 1395
2593 3221
2669 3432
2669 3357
2669 3259
2432 1077
2337 3612
2429 2676
2318 1334
2556 2441
2556 3231
2669 2922
2556 3457
2556 2590
2337 2887
2407 3284
2637 3684
2138 462
2637 3829
2018 12
2669 3213
2886 2218
2669 3086
2556 3452
2175 364
2669 2709
2337 3460
2690 431
2407 3145
2637 3764
2337 3118
2556 3385
2669 3302
2556 3063
2886 858
2637 3666
2407 1482
2337 3138
2794 1834
2637 3883
2556 3307
2873 757
2669 851
2637 3872
2429 3039
2407 3162
2484 1064
2337 3737
2556 3165
2407 3250
2432 2352
2542 3543
2556 3283
2669 2948
2593 3184
2669 2827
2407 2920
2407 2993
2637 3355
2669 2294
2669 3103
2669 2958
2542 3619
2432 317
2556 3211
2669 2733
2669 3399
2637 3535
2669 3004
1593 649
2593 1231
2556 3413
2669 1686
2556 3557
2669 2963
2429 3208
2873 1691
2669 3561
2669 3397
2407 3313
2637 3650
2407 3431
2637 3715
2486 1446
2637 3916
2556 3383
2556 3161
2637 3415
2486 397
2556 3519
2432 1842
2669 2857
2429 3654
2669 2974
2556 3121
2637 3468
2873 2263
2669 2851
2637 3641
2669 1966
2669 3001
2637 3472
2384 295
2669 3358
2669 3173
2407 1844
1751 445
2593 3121
2407 3125
2429 3556
2637 3680
2556 2768
2491 1361
2669 3395
2432 1642
2637 3814
2637 3525
2429 3211
2407 3242
2556 3350
2669 3279
2407 3009
2669 2928
1593 488
2669 2924
2637 3780
2859 1635
2669 3045
2556 3456
2669 1893
2669 3113
2637 3664
2794 1264
2138 438
2407 3277
2554 448
2637 3984
2429 3415
2637 3673
2637 3377
2593 3203
2556 2448
2407 3259
2669 689
2429 3161
2669 3391
2669 2853
2432 1160
2486 410
1768 78
2432 1942
2432 1498
2593 3309
2556 2749
2669 2957
2637 3742
2556 3051
2330 1330
2429 3243
2637 3732
2556 3097
2637 3920
2593 3226
2593 3315
2683 132
2669 3337
2637 3702
2432 1321
2669 3526
2669 3394
2407 3337
2432 1755
2637 3613
2429 3212
2195 336
2669 2959
2669 1013
2556 3038
2429 2846
2637 1820
2637 3951
2669 2529
2542 3335
2669 2973
2556 3363
2637 3734
2556 2707
2637 3442
2407 3104
2669 1461
2669 2765
2669 3254
2556 3286
2637 3406
2593 3190
2873 1946
2669 1199
2780 1110
2593 3059
2337 3583
2669 3245
2637 3403
2669 3501
2337 3541
1593 402
2429 3371
2669 2673
2669 3407
2337 2986
2637 3553
2407 3390
2429 2817
2407 3047
2541 379
2637 3691
2794 444
2637 3570
2886 2397
2637 3688
2330 1106
2637 3751
2669 3288
2669 800
2259 943
2593 3243
2429 3250
2429 3253
2637 3888
2669 3537
2556 3072
2556 2964
2637 3537
2669 2973
2794 997
2669 2253
2637 3656
2637 3518
2593 3094
2669 3412
2601 162
2556 2210
2637 3428
2637 3295
2407 3174
1593 491
2593 3079
2669 3605
2637 3439
2407 3017
2669 2979
2873 1709
2669 3198
2637 3384
1754 134
2554 78
2429 3230
2556 3230
2637 4018
2669 3378
2637 3664
2939 444
2641 393
2556 3055
2669 2998
2556 3053
2263 1136
2605 1018
2429 3422
2407 3000
2542 3324
2637 3826
2669 609
2637 3727
2403 869
2669 3296
2556 3545
2669 1694
2637 3916
2669 3293
2556 3416
2556 2928
2669 3385
2407 3278
2637 3686
2669 2965
2407 2959
2669 3222
2669 3441
2637 3593
2637 3894
2669 3552
2637 3704
2669 3283
2794 1620
2873 2048
2637 3697
2669 2821
2407 3189
2556 3041
2637 3766
2556 3531
2556 3515
2637 3572
2669 3516
2794 1068
2669 3437
2556 3307
2542 3522
1652 308
2794 1192
2593 3305
2873 662
2637 3745
2637 3654
2637 3662
2407 3269
2556 2991
2637 3852
2669 3333
2556 2991
2637 3594
2486 1823
2195 633
2637 3961
2637 3740
2637 3395
2556 3135
2637 3738
2162 432
2593 3133
1807 828
2556 3551
2337 3192
2593 3215
2669 3446
2637 3593
2593 3073
2637 3787
2637 3470
2669 3411
2605 1060
2556 3024
2593 3027
2794 1327
2637 3578
2669 1762
2669 2951
2805 1909
2593 3269
2669 3335
2669 3123
2669 3253
2637 3683
2637 3773
2669 3383
2669 2242
2669 3000
2752 151
2403 460
2593 3241
2669 2996
2637 3637
2669 2968
2145 207
2554 131
2556 3092
2669 3202
2556 2976
2669 1877
2669 3286
2429 3210
2637 3527
2407 3254
2637 3964
2337 3096
2542 3618
2170 949
2432 1101
2637 3652
2731 1249
2429 3616
2669 3546
2593 2387
2886 1047
2162 243
2336 1011
2669 3326
2637 3761
2593 903
2669 1365
2465 251
2834 735
2637 3662
2669 1578
2669 3082
2429 3600
2669 2038
2407 2934
2556 3467
2637 3962
2593 3108
2894 1397
2794 1252
2556 3462
2669 3340
2637 3680
2556 3456
2794 1179
2407 3311
2593 3382
2556 3382
2491 904
2429 3237
2669 2992
2407 2971
2637 3753
2669 3193
2593 3291
2667 881
2669 3480
2886 665
2407 2992
2605 1105
2637 3915
2486 1930
2669 2797
2669 3020
2886 2017
2669 3364
2432 2167
2669 1105
2491 782
2669 2867
2669 1924
2263 773
2669 3280
2432 526
2593 3111
2593 3148
2637 3557
2407 3278
3015 329
2337 3570
2669 1354
2669 3136
2637 3585
2637 3609
2584 72
2637 3485
2669 2482
1593 729
2669 2979
2432 1763
2637 3671
2637 3592
2669 2745
2637 3343
2407 3106
2429 3241
2669 1291
2407 3107
2407 3447
2637 3964
2637 3585
2407 3242
2637 3839
2361 390
2432 1467
2637 3647
2669 2727
1354 364
2669 2690
2170 866
2669 2643
2637 3656
2731 1248
2542 3626
2637 3653
2593 3166
2637 3554
2669 3328
2556 3212
2407 2972
2669 3578
2886 2131
2669 3277
2669 2184
2429 3220
2593 3321
2593 3191
2542 3587
2337 3170
2542 3602
2556 3391
2797 102
2407 3429
2794 1263
2669 2707
2637 3516
2407 3253
2407 3054
2669 3425
2542 3384
2556 3534
2407 3201
2556 3148
2669 3265
2669 2937
2637 3670
2669 3318
2669 2969
2001 1173
2637 3615
2337 3447
2794 1059
2407 3362
2429 3269
2669 2925
2637 3561
2669 3283
2429 3061
1807 828
2337 3106
2337 3674
2556 3453
2429 3169
2407 3380
2542 3581
2515 96
2001 988
2593 3055
2556 3562
2407 3306
2429 3513
2669 3394
2556 3178
2556 3034
2637 3476
2432 2137
2669 3252
2637 3944
2669 3352
2491 1733
2637 3854
2556 2918
2637 3500
2637 3658
2337 3025
2263 442
2637 3667
1121 237
2637 3532
2328 1512
2407 1325
2383 307
2090 961
2637 3762
2780 1028
2637 3469
2669 2455
2669 2980
2541 672
2593 3089
2731 1280
2542 3483
2637 3938
2669 3523
2961 442
2669 3380
2669 3213
2556 3236
2593 3290
2407 3050
2593 3010
2637 3469
2637 3723
2794 1324
2556 3436
2556 3350
2554 528
2669 2787
2669 2840
2432 2001
2637 3855
2637 3657
2429 3078
2613 428
2637 3702
2669 3059
2556 3343
2637 3611
2669 3273
2556 3242
2669 1724
2669 3328
2637 3550
2669 1803
2637 3589
2407 3028
2669 1350
2556 3137
2669 2249
2605 1045
2669 1234
2429 3124
2637 3709
2669 2861
2407 3079
2794 1846
2637 3529
2556 2990
2637 3612
2318 1293
2556 3441
2669 2087
2637 3686
2407 3030
2556 3387
2556 3416
2669 67
2669 2076
2556 2975
2429 3114
2637 3622
2556 3448
2337 3436
2556 3169
2337 3671
2637 3511
2330 768
2637 3619
2637 3643
2637 3653
2556 3145
2593 3184
2669 3172
2337 3709
2886 2171
2556 3003
2669 1343
1677 820
2669 1209
2276 455
2669 3101
2337 3190
2669 3499
2407 3258
2542 3385
1802 72
2669 2993
2637 3495
2322 1630
2637 3904
2337 3158
2556 3239
2504 205
2491 1937
2669 3407
2669 1193
2593 3384
2162 399
1934 58
2637 3064
2805 1800
2542 2795
2605 869
2637 3776
2939 555
2637 3298
1742 467
2429 3081
2669 3261
2669 2889
2322 1628
2637 3530
1754 539
2669 1961
2669 2813
2669 3379
2637 3631
2593 3226
2263 526
2593 3157
2637 3348
2605 1173
2669 3391
2556 2979
2637 3594
2669 2977
2556 3426
2669 1878
2432 1425
2170 1063
2669 3149
2669 915
2669 2842
2669 3244
2669 3494
2669 2864
2669 1099
2637 3389
2669 3347
2637 3358
2593 3308
2432 1721
2669 1962
2669 3634
2669 3286
2669 2974
2613 638
2637 3578
2605 739
2669 3151
2637 3577
2637 3583
2263 297
2669 2799
2337 2881
2669 2979
2637 3690
2669 685
2669 2958
2432 1837
2486 2418
1508 57
2432 1684
2429 3495
2637 3930
2263 800
2669 3384
2669 3273
2669 2324
2337 3110
2556 3259
2556 3409
2403 423
2337 3056
2669 3188
1593 632
2637 3603
2669 3359
2886 2058
2298 203
2556 766
2669 1777
2669 2358
2669 2828
2556 2923
2669 3499
2794 1618
2429 3219
2429 3257
2637 3660
2556 3409
2669 2830
2556 3521
2669 3446
2556 3442
2554 351
2556 3132
2669 2631
2162 487
2669 2912
2263 1173
2637 3647
2669 3463
2637 3756
2794 1321
2669 3426
2593 3354
2170 978
2593 3115
2556 3129
2794 1786
2886 2681
2556 913
2337 3194
2669 1551
2886 2067
2090 145
2593 3027
2504 314
2669 2927
2337 3045
2669 3159
2593 3191
2669 3596
2637 3702
2429 3111
2407 3019
2486 1734
2794 893
2669 721
2556 3204
2669 3294
2669 3564
2669 3509
2637 3866
2432 1890
2407 3210
2637 3714
2407 3194
2669 2923
2669 2837
2637 3705
1593 549
2669 855
2873 1860
2637 3681
2669 3436
2407 3151
2669 2706
2718 127
2556 3220
2407 3349
2637 3857
2669 2892
2637 2073
2669 2046
2669 3030
2718 42
2407 3219
1754 491
2669 3295
2669 3360
1754 786
2090 572
2669 3331
2669 2343
2542 3277
2556 3522
2403 875
2669 3007
2669 3328
2556 3085
2669 3266
2637 4013
2637 3532
2637 3606
2637 3637
2637 3567
2669 3415
1545 41
2637 3601
2780 962
1751 529
2637 3592
2637 3706
2886 884
2637 3663
2637 3604
2429 3068
2669 1324
2637 3509
2407 3275
2637 3900
2613 593
2886 485
2542 3415
2593 531
2605 866
2556 3207
2669 3106
2669 3422
2667 794
2669 3187
2848 485
2669 3478
2407 3121
2337 3459
2669 3198
2556 3253
2669 3450
3532 76
2407 3075
2669 2819
2669 1436
2556 3202
2637 3476
2873 2056
2407 2955
2669 3474
2637 3801
2593 2612
2593 3085
2669 2354
2593 3261
2486 1664
2407 3377
2637 3604
2542 3617
2429 3248
2593 3339
2637 3558
2556 3050
2637 3582
2669 1531
2407 3300
2669 3182
2820 1424
2669 3185
2669 2769
2669 3303
2407 3260
2407 3458
2669 3281
2669 2992
2556 3262
2422 636
2637 3900
2637 3513
2637 2760
2407 3338
2669 3198
2669 2953
2429 3106
2542 3452
2669 3353
2637 3599
2556 3412
2637 3733
2637 3594
2259 493
2669 3270
2669 3509
2637 3459
2892 786
2432 2533
2669 3036
2669 2985
2337 3556
2407 3290
2669 3202
2556 2703
2669 3391
2669 3101
2859 1735
2407 3146
2384 315
2669 2227
2407 3236
2337 3611
2429 3305
2337 3312
2593 3078
2637 3513
2491 1709
2407 3281
2669 1819
1593 223
2637 3607
2593 3278
2669 1423
2669 2920
2556 3363
2873 853
2432 1493
2429 3624
2337 3655
2637 3564
2337 3485
2669 3126
2637 3618
2542 3533
2484 1363
2429 3043
2669 2292
2432 1778
2669 1227
2669 3262
2669 3315
1754 272
2669 2874
2593 3230
2669 3350
2669 2905
2669 3121
2637 3714
2429 3073
2403 394
2669 3300
2429 3571
2556 2839
2669 2962
2593 613
2669 3210
2780 1149
2556 3354
2669 2399
2556 3493
2669 3303
2429 3427
2794 1061
2637 3829
2486 2505
2637 3898
2637 3898
2605 919
2491 1682
2820 1502
2432 1900
1768 31
1761 71
2593 3306
2263 247
2873 2424
2637 3877
2637 3477
2429 3091
2637 3620
2605 306
2794 1667
2637 3655
2641 347
2195 905
2593 3235
2337 3002
2669 2623
2556 3205
2337 3459
2407 3426
2669 3374
2669 3056
2669 3156
2669 3431
2556 3053
2556 3387
2263 725
2328 834
2637 3750
2429 3627
2669 2839
2637 3816
2407 1596
2669 3143
2637 3697
2407 3076
2407 3318
2637 3354
2593 3057
2637 3296
2637 3574
1802 131
2593 3256
2556 3397
2669 1848
2669 2317
2669 3461
2794 1912
2669 1137
2637 3709
2593 3291
2605 185
2669 2927
2669 3162
2637 3666
2407 3223
2593 3202
2541 524
2593 3341
2669 3206
2637 3609
2669 2690
2669 2387
2429 3245
2593 3098
2669 2830
2669 2965
2873 1209
2162 303
2486 1943
2593 3050
1751 191
2407 3000
2669 2892
2669 2879
2669 3360
2429 3469
2637 3617
2669 3269
2637 3653
2669 836
2669 3426
2593 3301
2637 3507
2669 1436
2669 961
2637 3408
2961 136
2407 3061
2556 2645
2429 3079
2669 3567
2556 2971
2407 3278
2637 3752
2637 3664
2794 1180
2669 3499
2556 3560
2637 3638
2637 3614
2429 3559
2873 2223
2637 3628
2556 3495
2407 3076
2429 3595
2556 3454
2090 593
2407 3260
2259 899
2886 2467
2337 2184
2637 3466
2556 2924
2542 2707
2541 639
2637 3553
2556 3196
2593 3302
2669 2992
2407 3038
2593 3429
2556 3261
2263 630
2637 3819
2556 2965
2669 3377
2637 3795
2407 3085
2429 2832
2637 3930
2556 3507
2407 2966
2637 3471
2429 3263
2407 3264
2429 3264
2731 1449
2556 3441
2669 3175
2669 3102
2593 3092
2637 3778
2637 3814
2407 2993
2637 3875
2593 3191
2669 2831
2593 3381
2542 3592
2542 3577
2961 170
2669 676
3446 35
2669 2925
2637 3478
2318 1271
2556 3350
2637 3753
2407 3259
2556 3189
2637 3669
2337 3309
2432 1390
2669 3501
2886 1888
2593 3104
2669 3492
2637 3585
2637 3977
2669 3191
2337 3420
2669 2686
2337 3474
2637 3664
2794 996
2669 2719
2556 3222
2556 3317
2669 1693
1472 256
2637 3730
2154 230
2429 2891
2637 3383
2669 2781
2637 2684
2407 2999
2556 3583
2637 3361
2637 3686
2392 1439
2669 1793
2637 3762
2556 3273
2669 3035
2066 78
2637 3771
2669 1974
2637 3744
2637 3474
2556 3424
2138 81
2556 3490
2556 3025
2556 3346
2418 184
2556 3199
2337 3059
2593 3173
2593 3343
2263 573
2593 3165
2669 1046
2195 513
2669 3409
2669 2738
2337 3683
2637 3546
2542 3426
2669 3424
2669 3023
2637 3681
2593 3058
2637 3820
2669 3281
2337 3148
2669 2785
2669 2963
2794 1030
2637 3777
2637 3664
2429 3214
2637 3608
2669 2984
2407 2997
2637 3691
2429 3638
2637 3946
2637 3536
3015 369
2429 3147
2669 2119
2669 3494
2669 2750
2669 2706
2407 3223
2637 3756
2794 1343
2669 1241
2637 3395
2637 3944
2556 3350
2669 2823
2669 3340
2361 325
2556 3459
2637 3541
2556 2791
2637 3673
1267 36
2429 2904
2001 1252
2669 2706
2669 3475
2731 1460
2669 3457
2669 3191
3446 29
2593 725
2637 3766
2683 326
2542 3416
2637 3546
2669 2363
2486 510
2669 3335
2515 143
2337 3635
2593 3271
2637 3790
2556 3018
2637 3746
2873 1742
2429 3174
2337 3643
1754 121
2593 3377
2429 3015
2637 3599
2637 3784
2669 2948
2637 3932
2637 3800
2669 3179
2669 2979
2195 828
2637 3143
2669 2829
2407 3108
2780 1083
2556 3354
1652 491
2892 535
2556 3087
2556 3406
1677 904
2669 3120
2407 3367
2637 3587
2337 3826
2556 2900
2556 3245
2637 3817
2637 3780
2429 3237
2407 2966
2637 3715
2637 3637
2337 3679
2669 2334
2407 3396
2637 3674
2637 3679
2637 3344
2429 3046
2556 2935
2669 3374
2556 3246
2593 3385
2637 3533
2669 2429
2637 3586
2669 3258
2669 3189
2794 467
2556 2996
2669 3371
2669 3383
2669 3275
2637 3498
2637 3647
2542 3384
2637 3431
2669 3304
2886 841
2669 3184
2669 2506
1593 618
2195 681
2593 3063
2690 505
2337 2952
2669 3259
2556 3222
2337 3720
2894 2139
2407 3104
2669 3354
2556 3405
2605 180
2407 3108
2637 3691
2637 3975
2337 3656
2794 1126
2669 3453
2556 3291
2669 3310
2542 3547
2669 3233
2669 1584
2593 3158
2669 2888
2637 3410
2669 2945
2669 812
2556 3536
2593 3035
2669 3440
2892 469
2432 1486
1431 82
2637 3489
2486 2500
2407 3029
2637 3962
1652 237
2637 3137
2637 3599
2432 1591
2637 3801
2669 2749
2432 1898
2429 3247
2637 3820
2486 1640
2429 3568
2556 3080
2892 496
2667 833
2429 3089
2556 3005
2407 3444
2669 2876
2556 2980
2556 3045
2330 390
2669 3324
2669 2601
2407 2976
2669 3130
2794 1211
2637 3800
2669 3321
2337 3106
2637 3811
2337 3451
2669 3203
2637 3366
2556 3470
2593 3360
2429 3221
2407 2975
1593 368
2669 3368
2669 2658
2407 3176
2637 2598
2637 3777
2556 3550
2637 3593
2556 3418
2637 3753
2556 3293
2637 3676
2669 2894
2637 3641
2637 3838
2637 3618
2637 3707
2669 3352
2669 651
2637 3807
2407 3101
2407 1419
2669 2975
2637 3531
2669 1384
2669 1789
2593 3226
2593 3178
2637 3900
2857 112
2683 328
2556 3584
2669 2932
2556 3414
2669 2250
2556 2775
2384 449
2407 3138
2637 3971
2593 3051
2542 3457
2637 3447
1593 516
2637 3740
2873 1942
2337 3464
2432 2439
2637 3657
2637 3502
2429 3491
2669 2838
2429 3083
2669 3481
2669 3420
2637 3754
2669 3261
2669 3065
2556 3195
2556 2942
2556 3150
2593 3240
2407 3219
2593 3247
2556 2993
2637 3631
2593 3306
2593 3231
2669 1221
2669 934
2637 3450
2556 3507
2337 3432
2429 3531
2637 3697
2669 2939
2669 3495
2637 3645
2731 1307
2090 640
2407 3466
2669 3051
2669 2736
2669 3315
2669 1619
2669 3508
2432 1423
2637 3619
2637 3368
2637 3937
2637 3542
2554 225
2337 3603
2637 3924
2407 3243
2556 3291
2669 2422
2556 3277
1807 800
2542 3628
2669 2843
2669 3339
2556 3274
2407 2963
2637 3566
2669 3403
2407 3154
2337 3108
2556 3203
2556 3191
1593 493
2669 3238
2637 3615
2784 1115
2407 3040
2669 1730
2556 3344
2669 3363
2669 2940
2392 1475
2669 2708
2886 2393
2637 3872
2486 1662
2637 3218
2637 3730
2669 3591
2669 2759
2001 1150
2794 1847
2407 1784
2637 3448
2669 3236
2263 675
2556 3420
2593 3113
2669 3589
2794 1421
2337 3600
2669 3188
2669 2867
2637 3625
2556 2260
2429 2695
2637 3164
2669 2833
2669 2002
2669 1977
2556 3481
2669 1838
2432 2204
2873 450
2593 3037
2637 3649
2669 2776
2337 2916
2669 3262
2001 1172
2637 4035
2873 830
2637 3080
2637 3429
2637 3516
2593 3177
2669 3382
2637 3631
2637 3389
2637 3551
2556 3469
2337 3491
2637 3421
2669 3288
2669 3533
2637 3656
2637 3582
2669 3439
2669 3221
2637 3536
2407 3270
2669 2539
2556 3112
2432 2290
2556 3338
2637 3552
2669 2079
2407 2951
2556 3551
2556 2582
2669 725
2669 3103
2407 3303
2090 402
2407 3189
2429 3530
2669 3016
2637 3425
2429 2677
2593 3176
2669 3552
2669 2935
2407 3359
2669 3456
2637 3649
2641 389
2090 903
2637 3827
2407 3404
2486 1310
2669 2872
2429 3267
2556 3514
2556 3104
2669 3226
2637 3523
2637 3740
2195 719
2637 3570
2669 3239
2669 2935
2669 3076
2873 1958
2407 3184
2170 1108
2637 3821
2637 3633
2407 3141
1593 732
2556 2996
2637 3410
2669 3233
2669 2220
2669 3336
2429 3136
2330 650
2593 3195
2669 3277
2637 3482
2593 3075
2637 4004
2669 2917
2593 3403
2637 3614
2318 1192
2637 3641
2669 3150
2637 3862
2556 3544
2637 3611
2669 3389
2556 2969
2669 2748
2637 3743
2637 3818
2669 2964
2669 1632
1751 665
2731 1194
2637 3848
2556 3550
2669 3205
2637 3774
2637 3375
2637 3624
2593 3173
2669 1575
2593 3019
2556 3071
2429 3166
2637 3644
2669 3577
2593 3289
2669 2260
2407 3215
2669 1461
2407 3289
2556 2928
2593 3053
2669 3025
2421 583
2669 2925
2886 2610
2403 429
2637 3742
2637 3492
2669 2827
2556 3413
2542 3395
2593 3210
2669 1891
2407 3054
1593 543
2637 3351
2593 3385
2556 3579
2637 3412
2429 3219
2669 3249
2593 3057
2669 3268
2407 3307
2556 2849
2593 3183
2669 1754
2407 3289
2669 2868
2961 133
2669 2763
2820 1470
2407 2941
2542 3617
2637 3567
2637 3646
2669 3222
2669 3348
2637 3342
2669 561
2432 1715
2429 3503
2669 3095
2669 2482
2407 3318
2337 3715
2669 3349
2637 3458
2669 1226
2669 3419
2669 3332
2556 3459
2318 1266
2407 3169
2407 3143
2542 3453
2637 3805
2669 2483
2669 2721
2407 3105
2637 3402
2522 76
2556 3075
2669 3030
2556 2027
2669 2975
2556 3461
2556 3539
2318 1426
2637 3960
2337 3620
2337 3139
2337 3440
2669 2766
2669 3003
2593 3449
2637 3539
2429 3063
2637 3637
2556 3599
2556 3471
1472 123
2669 3430
2637 3572
2432 330
2637 3823
2637 3784
2556 3508
2403 968
2542 3596
2429 2843
2637 3644
2669 2779
2669 3564
2556 3557
2407 3243
2669 3547
2637 3810
2669 2972
2637 3685
2873 2369
2637 3548
2556 2965
2637 3606
2393 1587
2637 3708
2568 100
2556 3511
2637 3458
2542 2998
2794 1431
2593 3311
2429 3122
2593 3266
2429 3155
2637 3448
2337 3106
2669 2849
2637 3726
2407 3196
2794 395
2407 3306
2637 3659
2556 3166
2556 3490
2432 2477
2794 1033
2407 3402
2556 3382
2637 3610
2669 2825
2542 3242
2669 2709
2637 3973
1593 209
2669 2949
2593 911
2637 3689
2593 3148
2556 3472
2593 3001
2593 3244
2556 3248
2637 3517
2407 2984
2162 395
2337 3477
2669 2741
2669 3368
2330 1325
2669 3361
2669 2025
2637 3624
2669 2788
2429 3206
2138 520
1434 77
2669 3536
2669 3506
2556 3449
2669 2937
2337 3694
2637 3911
2873 1888
2794 662
2556 3260
2593 3354
2961 551
2637 3724
2637 3756
2407 3131
2429 3226
2669 2184
2669 2939
2263 1256
2407 3011
2637 3910
2669 3597
2637 3496
2669 2934
2669 3355
2383 65
2637 3768
2669 3204
2593 3052
2669 2368
2794 844
2593 3264
2669 3479
2859 1589
2542 3569
1677 948
2641 342
2637 3550
2780 50
2593 3128
2556 3392
2175 211
2637 3779
2613 513
2337 1694
2337 3746
2407 3157
2637 3647
2669 3571
2637 3835
2637 3972
2669 3256
2432 1636
2556 3253
2429 2669
2669 729
2593 3243
2990 223
2669 2749
2669 2957
2718 80
2637 3805
2637 3316
2637 3730
2486 1842
2669 2975
2263 1144
2637 3630
2637 3541
2669 1400
2542 3586
2637 3364
2669 3231
2432 1948
2407 3275
2556 3227
2637 3765
2669 2517
2794 546
2637 3458
2407 3276
2637 3900
2637 3711
2669 1445
2429 3640
2593 903
2593 3277
2637 3513
2669 3442
2794 1315
2669 1505
2556 3473
374 7
2542 3436
2669 3544
2518 698
2138 273
2667 1001
2407 3293
2669 3326
2556 3490
2322 1963
2556 3524
2805 1855
2637 3779
2407 2979
2337 3534
2407 3402
2669 2899
2407 3203
2556 2965
2637 3666
2556 3530
2669 2023
2637 3627
2486 1726
2637 3668
2392 1405
2407 3335
2556 3460
2593 3257
2556 3212
2593 3259
2669 1378
2669 3343
2601 404
2637 3662
2669 2886
2637 3956
2873 1919
2432 2108
2556 3532
2669 3323
2637 3731
2637 3522
2637 3561
2593 3366
2407 3379
2637 3943
2637 3593
2421 248
2407 3304
2593 3157
2593 3139
2175 631
2407 3231
2669 2901
2637 3628
2556 2966
2593 3350
2669 2875
2407 2983
2613 449
2669 3338
2407 3307
2637 3637
2593 3175
2429 3168
2669 3190
2637 3794
2637 3514
2337 3178
2429 3579
2195 512
2669 1475
2794 695
2593 3366
2429 3613
2669 3509
2432 2349
2669 3126
2542 3610
2637 3779
2162 337
2637 3406
2593 3052
2747 46
2637 3648
2637 3443
2637 3364
2556 3451
2556 3242
2637 3446
2407 3122
2637 3901
2556 3215
2669 2486
2637 3882
2337 3523
2669 2881
2556 3310
2669 3425
2556 3220
2669 1679
2669 3471
2669 3072
2556 3021
2669 2949
2637 3457
2556 3445
2432 2212
2556 3559
2285 683
2429 2884
2669 2705
2593 3278
2669 3312
2669 2332
2407 3268
2432 2333
2407 3433
2669 3267
2407 3125
2432 1833
2637 3873
2407 3068
2637 3868
2669 3296
2556 3400
2593 3286
2669 2670
2432 1883
2637 3733
2848 37
2794 1394
1593 570
2669 3250
2403 864
2407 3295
1593 242
2506 379
2556 2019
2556 3401
2637 3517
2429 3045
1642 77
2337 3625
2556 3047
2669 3468
2637 3970
2337 3063
2637 3651
2542 3306
2637 3273
1311 55
2637 3493
2669 2852
2556 3314
2669 1942
1472 339
2669 2970
2669 3145
2556 3172
2669 3004
2669 3347
2403 1538
2613 597
2162 389
2556 3201
2669 2728
2637 3441
2669 2960
2637 3469
2637 3674
2794 959
2429 3080
2432 1755
2613 1096
2556 3472
2637 3453
2886 981
2486 1595
2669 2207
2637 3597
2669 3338
2432 1485
2669 3260
2669 2763
2407 3020
2669 3388
2429 3432
2429 3236
2542 3586
2593 3195
1802 209
2859 1946
2873 1743
2429 3265
2556 3402
2407 3238
2637 3993
2669 3340
2669 3246
2556 3236
2556 3527
2556 3016
2669 2541
2669 3386
2429 3527
2432 2376
2593 3105
2669 2996
2637 3630
2669 3207
2556 3151
2859 1844
2554 641
2669 2111
2637 3894
2669 3315
2637 3761
1583 6
2669 3449
2407 3401
2337 3848
2637 3758
2669 3271
2407 3328
2637 3539
2429 3205
2834 182
2556 3456
2542 3302
2669 3178
2669 3414
2407 1863
2556 3161
2637 3633
2669 3296
2337 2949
2542 3659
2593 3156
2518 641
2669 2997
2683 345
2637 3603
2794 549
2637 3432
2407 3439
2669 967
2637 3462
2637 3652
2637 3926
2593 3142
2162 302
2669 2794
2432 1306
2637 3641
2669 3532
2669 3346
2669 3391
2669 1343
3532 164
2637 3779
2556 3195
2429 3278
2669 3009
2669 3216
2873 2400
2407 3248
2669 1681
2556 3517
2407 3316
2407 3206
2637 3837
2556 3237
2669 1655
2690 386
2669 3275
2637 3576
2669 2854
2637 3873
2669 3442
2432 1588
2407 3050
2669 3423
2669 2040
2637 4036
2432 1530
1677 234
2637 3613
2337 3455
2669 3266
2669 2298
2873 1171
2506 385
2669 2986
2090 443
2669 2771
2669 1550
2669 2836
2637 3596
2556 3176
2637 3475
2794 856
2669 3461
2407 3146
2669 3576
2593 3048
2669 3287
2556 2958
2794 1874
2637 3854
2429 3064
2637 3558
2637 3495
2407 3364
2669 3189
2556 3473
2637 3748
2407 3357
2669 1160
2637 3570
2593 3090
2337 3030
2637 3721
2556 3254
1492 113
2593 3344
2593 3249
2542 3510
2330 1279
1530 148
2407 3820
2669 1141
2637 3453
2593 3245
2556 3197
2593 3163
2637 3749
2407 3153
2403 283
2669 2815
2556 3466
2669 1997
2669 3582
2794 1087
2637 3571
2429 2675
2794 1107
2669 3470
2669 1857
2407 3349
2556 3396
2731 1558
2429 3018
2637 3814
2637 3907
2637 3505
1361 232
2669 2858
2593 3160
2669 2368
2637 3609
2637 3546
2780 863
2637 3422
2637 3693
2637 3880
2669 608
2593 3058
2637 3607
2683 351
2486 1893
2669 3375
2669 3564
2407 3280
2593 2605
2637 3192
2669 2835
2794 1414
2407 3356
2726 109
2669 3442
2637 3981
2429 3265
2407 3451
2794 1778
2613 1141
2637 3693
2637 3674
2637 3561
2432 1358
2669 2994
2669 1203
2556 3165
2593 3303
2556 3016
2337 3172
2432 1912
2593 3019
2318 1304
2669 2287
2429 3567
2669 3409
1677 788
2407 3193
2593 3168
2637 3603
2669 2843
2669 3282
2669 2902
2407 3307
2593 3128
2556 2752
2637 3935
2637 3555
2669 3032
2669 3534
2886 1992
2669 3424
2556 3432
2637 3674
2407 3200
2407 3103
1652 437
2556 3387
2637 3582
2542 3264
2637 3711
2407 2968
2337 3666
2669 1688
2556 3181
1354 296
2637 3828
2669 3213
2542 3564
2556 3391
2886 2508
2593 3199
2637 3810
2542 3513
2669 2852
2556 3511
2669 2869
2429 3645
2669 3309
2556 3470
2669 868
2669 3422
2556 3239
2556 3116
2766 583
2637 3692
2669 2236
2637 3540
2556 3001
2637 3640
2637 3380
2593 1213
1630 53
1807 630
2669 3370
2407 1577
2637 3794
2556 3239
2337 3461
2637 3583
2669 3325
2322 1635
2556 3393
2637 2303
2593 3076
2556 2820
2794 903
2429 3094
2556 2917
2637 3778
2669 3538
2669 1879
2637 3609
2669 3671
2669 3511
2669 3306
1754 241
2637 3568
2637 3813
2337 3420
2556 3533
2637 3711
2637 3722
2637 3610
2637 3831
2886 2162
2726 90
2669 1489
2669 3009
2637 3965
2556 3471
2593 3203
1545 110
2669 1201
2593 3085
2669 3594
2669 3557
2637 3573
2637 3908
2593 3386
2637 3750
2407 3170
2556 3176
2859 658
2669 3307
2542 3235
2637 3662
2556 3164
2637 3935
2556 3097
2669 3360
2669 2856
2766 722
2421 265
2637 3896
2669 2062
2637 3876
2556 3422
2669 3013
2637 3552
2669 2978
2556 3464
2593 3047
2669 2747
2593 3172
2637 3758
2794 634
2556 2956
2669 2900
2407 2959
2637 3913
2542 3326
2593 3091
2669 3475
2669 2816
2556 3508
2556 3208
2542 3288
2542 3608
2556 3495
2669 2747
2669 3346
2637 3807
2637 3715
2556 3232
2593 3186
2429 3030
2794 1812
2669 3332
2637 3558
2669 1923
2195 738
2886 2295
2669 2940
2432 1012
2556 3463
2669 3269
2669 2290
2407 3101
2593 3249
2585 481
2669 2851
2873 1925
2669 3404
2407 3364
2407 3354
2432 1936
2637 3793
2407 2918
2429 3428
2432 1560
2337 3035
2669 1376
2637 3673
2637 3697
2637 3707
2669 3008
2637 3668
2669 2045
2556 2925
2556 3188
2429 3524
2195 405
2407 3174
2337 3013
2669 2431
2886 2275
2637 3590
2637 3738
2593 3170
2669 3368
2669 3317
2593 3101
2195 661
2556 2502
2337 3432
2429 3093
2669 3408
2556 2594
2669 3194
2669 3664
2491 1362
2637 3815
2637 3622
2637 3822
2637 3557
2669 2993
1652 395
2337 3205
2330 682
1361 225
2794 440
2593 3275
2556 3084
2593 3216
2637 3736
2593 3103
2669 3140
2637 3362
2637 3637
2593 3314
2669 2916
2637 3836
2669 1897
2669 3375
2637 3744
2637 3432
2542 3508
2637 3834
2637 3470
2669 3064
2794 530
2429 3577
2593 3364
2669 3366
2669 3159
2593 3270
2542 3295
2669 2904
2637 3643
2731 1285
2637 3713
2090 522
2407 3232
2669 2727
2669 1459
2669 3127
2892 891
2637 3773
2794 1205
2637 3475
2669 2825
2669 3267
2669 3394
2637 3751
2873 2002
2667 652
2669 2890
2669 1882
2637 3473
2669 2804
2669 3387
2669 3539
2593 3348
2637 3730
2637 1857
2637 3390
2669 2689
2886 2038
2593 3164
2873 2398
2669 2945
2429 3044
2637 2836
2637 3900
2873 651
2669 1560
2669 3017
2669 3399
2556 3114
2669 3238
2669 2511
2669 1313
1754 124
2542 3523
2669 3055
2637 3474
2637 3892
2637 3732
2637 3727
2637 3661
2593 3266
2669 3141
2637 3752
2726 216
2794 1343
2669 3240
2669 2964
2593 3353
2556 3380
2542 3450
2637 3544
2605 638
2593 3181
2669 3154
3015 437
2330 1292
2669 2964
2637 4008
2542 3597
2669 3183
2637 3668
2637 3460
2794 729
2669 3512
2669 3418
2593 3227
2556 3594
2337 3439
2669 3132
2873 748
2731 1445
2669 2679
2669 1874
2556 3312
2593 3124
2794 1036
2542 3268
1742 337
2669 547
2556 3449
2556 3447
2407 3292
2637 3422
2486 2578
2407 1516
2637 3857
2593 3316
1593 747
2669 2974
2637 3543
2637 3630
2556 3564
2669 2856
2407 3131
2637 3518
2637 3456
2637 3534
2637 3513
3015 414
2669 2687
2669 1334
2556 3059
2637 3720
2637 3539
2170 1077
2556 3338
2637 4011
2486 1949
2669 3312
2637 3764
2556 3391
2669 3489
2669 3315
2637 3503
2637 3342
2556 3397
2669 3143
2556 3128
2669 811
2429 3255
2429 3580
2556 3359
2637 3502
2637 3393
2690 619
2669 3376
2669 2989
2637 3880
2637 3910
2637 3755
2637 3608
2669 3277
2667 974
2637 3664
2556 3421
2593 3322
2669 2917
2669 1151
2637 3912
2637 3361
2637 3181
2407 3342
2637 3565
2637 3623
2432 1468
2337 3034
2556 3398
2669 2784
2873 1710
2556 3275
2556 3226
1768 57
2144 207
2162 343
2593 3345
2556 3475
2669 2995
2637 3730
2669 2333
2637 3741
2669 2804
2669 2881
2337 3457
2486 1323
2556 2992
2432 1276
2669 3312
2384 509
2330 1138
2669 2804
2669 3337
2794 953
2637 3797
2407 3026
2593 3027
2556 3119
2669 2906
2939 491
2556 3130
2669 2927
1652 376
2337 3556
2873 1894
2593 3239
2669 3210
2726 308
2794 922
2669 2812
2637 3829
2429 3288
2407 3323
2727 192
2429 3082
2669 2776
2556 3033
2556 3066
2593 3162
2593 3041
2337 3674
2432 1023
2669 2793
2593 3167
2556 3552
2667 515
2384 457
2593 3143
2556 3203
2322 1706
2504 243
2873 2335
2637 3612
2556 3563
2669 3272
2637 3866
2857 172
2637 3813
2556 3210
2556 3526
2593 3394
2669 1507
2407 3413
2637 3062
2669 3322
2556 3236
2429 3169
2637 3753
2337 3825
2669 3146
2669 3307
2593 3416
2593 3217
2669 3095
2637 3933
2637 3765
2637 3918
2556 3080
2669 3404
2407 2946
2794 1415
2384 498
2637 3539
2556 2231
1606 8
1593 523
2556 3511
2556 2946
2337 2902
2593 3143
2542 3463
