4521
1577 4773
279 4911
245 4501
490 4937
2106 2114
4088 4134
4582 4719
1522 2311
82 4710
486 4534
129 4631
444 4788
110 4533
469 4833
453 4961
28 4773
13 4758
218 4840
278 4770
3242 3629
220 4526
1836 3650
2569 4283
39 4973
67 4841
430 4925
112 4610
472 4511
410 4732
1059 1758
24 4594
389 4726
332 4636
344 4700
450 4774
69 4927
3542 4985
403 4906
47 4623
124 4667
13 4813
282 4980
55 4678
393 4858
3 4594
105 4611
217 4949
388 4717
367 4864
1764 3795
102 4652
207 1146
149 4952
248 2365
407 4888
379 4563
1463 4491
664 1930
250 4813
86 4871
237 1138
55 4958
37 4791
457 4795
361 4644
462 4826
115 4819
299 4607
430 5000
354 4719
306 4660
316 4802
50 4588
431 4657
439 4744
392 4904
306 4804
295 4644
496 4772
415 4662
3455 3658
369 4782
504 2464
498 4922
137 4837
220 4696
4325 4439
2004 2478
187 4663
419 4827
113 4720
380 1206
28 4831
49 4579
208 4555
375 4549
274 4980
66 4650
114 4557
224 4977
195 4504
255 4889
212 4982
424 4969
1086 3827
96 4854
34 4748
139 4743
81 4929
383 4993
422 4757
293 4923
158 4572
108 4656
304 4606
377 4844
1463 4212
1458 4684
479 4893
474 4974
228 4642
62 1402
295 4890
142 4892
315 4660
71 4523
421 4906
153 4597
489 4901
2075 4623
70 4930
914 2755
169 3514
476 4616
825 2825
404 4706
500 4700
203 4915
5 4851
30 4991
497 1269
138 4562
404 4775
462 4880
369 3063
67 4897
113 4841
481 4642
268 4554
64 4992
432 4862
4333 4810
414 4523
46 4877
425 4886
897 2074
201 4783
40 4946
2029 3768
342 4848
361 4617
87 4819
3074 4438
34 4758
394 4701
463 4542
313 4583
376 4683
155 4754
161 4984
246 4710
891 4063
374 4675
97 4835
1036 4166
322 4699
34 1820
113 4579
188 1526
36 4933
331 752
424 4755
329 4763
8 4869
229 4551
373 4941
1807 2795
200 4522
1980 2609
2154 2490
305 4765
217 4656
591 2705
221 4812
651 1882
256 4977
334 4885
129 4774
237 4612
169 4956
1624 4841
149 4643
286 4920
360 4945
151 4890
343 4569
123 4747
65 4691
12 4627
437 2685
458 4692
444 4649
486 4855
448 4895
37 4616
198 4810
807 4571
356 4787
278 4545
490 4780
94 4519
180 4698
67 4628
268 4909
457 4740
230 4881
177 4694
305 4532
319 4875
408 4585
46 4886
458 4994
813 2433
419 4851
415 4829
126 4977
47 4835
2637 3714
2299 4013
460 4984
1398 1758
3481 3548
635 1610
174 4892
143 4703
145 4820
264 4653
246 4568
440 4656
449 4873
1121 2232
380 4609
351 4968
2 4951
268 4825
445 4620
426 4820
63 4589
252 4708
456 4956
248 4781
45 4691
247 4653
134 4541
178 4510
181 4767
98 4714
382 4995
163 4571
169 4938
498 4505
1731 2057
342 4614
334 4596
30 4580
326 4541
164 4703
116 4911
268 4540
2119 2180
485 4897
416 4946
271 4618
194 4602
345 4607
446 2674
63 4837
435 4838
461 4597
65 4511
161 4721
212 4530
18 4920
423 4777
90 4722
443 4553
312 4830
3112 3441
196 4982
499 1151
67 4692
368 4787
4681 4904
424 4747
165 4572
284 4512
245 4534
422 4699
3925 4993
287 4942
3751 4908
206 4913
320 4503
411 4764
165 4550
325 4540
2434 2446
268 4921
414 4752
195 756
474 4513
484 4931
344 4737
226 4876
175 4928
2181 3158
335 4660
4 4640
2699 4683
340 4891
491 4630
309 4913
1184 2919
421 4774
373 4817
300 4610
420 4858
215 4792
131 4836
244 4569
353 4589
206 4760
1250 1992
72 4762
792 4250
155 4751
264 4931
406 4662
193 4833
1472 4870
185 4665
393 4927
363 4556
561 1539
196 4731
361 4630
341 4770
108 4949
461 4863
151 4670
226 4671
678 1218
1230 2221
358 4544
215 4524
112 4678
337 4839
456 4709
287 4852
355 4633
195 4964
3805 3912
293 4989
178 4555
160 4884
1858 2491
24 4845
489 4503
29 4605
123 4979
303 4770
242 4615
266 4843
330 4966
499 4863
34 4859
356 4882
1826 4520
192 4834
194 4836
431 4651
262 4692
1297 2053
353 4729
172 4810
262 4977
36 4985
131 4652
2437 4053
202 4807
262 4598
177 4894
37 4966
32 4550
477 4960
115 4541
122 4621
455 4544
302 1186
2752 4066
181 4515
84 4888
2318 4172
342 4572
317 4571
2618 3634
218 4692
457 4530
481 4893
2440 4354
52 4737
3 4741
252 4880
3011 3045
145 4974
459 4551
905 1509
379 4648
225 4889
685 1813
244 4502
2624 2886
355 4974
195 4865
30 4583
39 1585
194 4547
76 4565
235 4515
2982 4577
280 4670
62 4908
195 4823
701 1730
390 4883
1051 3195
147 4788
216 3146
3784 4344
407 4759
3479 4968
41 4694
1451 4591
260 4825
339 4953
757 2849
488 4997
465 4548
210 4967
2619 4635
106 4727
19 4716
1566 2264
399 4575
763 1131
479 4774
42 4603
6 4972
15 4693
349 4950
359 4677
398 4763
472 4734
72 4916
366 4576
269 4908
473 2363
1722 1826
426 4988
1742 4322
160 4716
205 4689
350 4510
157 4590
395 4748
351 4646
287 4828
389 4811
2797 3932
123 4619
826 3888
362 4838
1636 2015
430 4608
230 4888
176 4531
601 1172
195 2326
208 4545
2285 3126
90 4945
437 4969
452 4612
324 4548
1544 3241
792 2292
288 4608
3428 4372
1642 3589
206 4543
805 3390
73 4795
116 4968
442 4805
118 4889
374 4669
328 4836
334 4737
154 4978
265 4588
46 4755
126 4714
369 4887
392 4893
2427 4170
119 4789
540 2251
1354 3894
3 1907
376 4917
213 4844
152 4618
231 4869
323 4991
1049 1274
44 4638
1067 3374
147 4835
391 4596
1257 3553
296 4876
1377 3542
234 1416
7 4989
81 4831
92 4657
159 4958
132 4840
283 4767
20 4512
265 4691
235 4541
1249 4056
16 4804
455 4584
323 4988
92 4812
226 4841
68 4773
476 4828
71 4657
289 4909
136 4889
500 4916
1055 3791
324 4728
401 4690
122 4611
17 4642
187 4780
905 1699
78 4663
3799 4234
3701 4154
439 4888
1078 4183
766 2684
134 4929
164 4858
39 4850
3015 4354
421 4523
49 4841
190 4789
123 4535
294 4940
189 668
467 3236
1508 3616
495 4554
178 4780
151 4958
86 4675
114 4547
245 4721
137 4593
288 4966
444 4960
1425 3253
79 4963
288 4514
192 4788
166 4864
337 4765
316 4976
300 4539
427 4705
228 4521
469 4820
313 4656
266 4801
270 4730
7 4884
55 4627
204 3035
259 4743
296 4539
69 4533
415 4692
91 4709
636 1265
113 4675
470 4781
217 4644
328 4670
2091 4613
381 4987
227 4750
131 4669
2384 4552
11 4574
140 4914
118 4547
229 4619
120 4557
263 4874
946 3710
1347 4045
490 4827
265 4532
176 4536
427 4947
1751 3038
1158 4249
185 4753
398 4856
1007 5000
142 4834
385 1302
193 4747
482 4627
128 4684
46 3670
1296 3419
86 4824
52 4544
191 4535
2116 2589
640 1376
106 4878
230 4697
46 4842
234 4737
123 4771
3 4554
308 4950
242 4902
221 4605
166 4963
272 4817
407 4549
2988 3140
114 4734
398 4524
336 4941
240 4606
4 4525
1329 2442
474 4673
820 4471
319 4837
2990 3740
184 4858
30 4982
252 4738
137 4595
71 4554
472 4883
140 4928
124 4521
313 4711
116 4996
336 4533
2687 4553
319 4614
282 4679
222 4557
2873 3594
1835 2434
172 4883
173 4527
371 4998
437 4725
238 4861
241 2812
3746 3959
78 4574
207 4957
212 1812
436 4667
259 4766
695 3458
9 4714
818 1274
278 4781
1988 3913
230 4763
472 4932
278 4552
304 4990
104 4953
272 4511
8 4604
127 4763
153 4562
1350 2347
975 1838
68 4828
26 4616
398 4536
1768 4184
453 4878
64 4615
358 4857
352 4513
119 4729
1212 3473
19 4600
475 4511
401 4932
245 4748
81 4962
371 4696
295 4896
143 4569
116 4874
311 4892
202 4695
1610 3981
2362 3744
462 4509
1020 2683
461 4663
24 4944
868 4967
304 4997
245 4693
372 4647
54 4838
457 4592
414 4706
408 4525
20 4852
110 3622
209 4652
459 4531
407 4591
81 4670
485 4956
463 4528
107 4893
491 4525
3642 3650
266 4542
3807 4877
379 4928
463 4716
442 4933
359 4635
325 4736
383 4832
27 4536
184 4517
172 4917
378 4866
1144 4165
27 4924
356 4822
2568 3683
359 4588
450 4655
179 4636
2170 4424
225 4923
151 4894
162 4825
455 4669
2293 4931
185 4660
2857 3029
1178 3998
404 4597
267 4882
192 4532
448 4835
284 1097
455 4858
121 4866
335 4808
1338 1357
60 4680
380 4599
479 4887
321 4829
350 4846
78 4654
400 4787
444 4962
166 4628
31 4835
461 4734
56 4877
2266 3183
253 4800
55 4978
230 4854
399 4699
167 4792
83 4732
10 4534
77 4594
438 4972
448 4668
289 4726
4 4928
291 4668
198 4735
452 4894
2298 3383
273 4749
452 4539
165 4712
288 4616
205 4814
261 2425
1825 4849
127 4522
348 4611
285 4701
301 4503
260 4875
287 4764
290 4723
64 4812
362 4903
423 4615
443 4570
545 4654
218 4591
50 4964
1072 4560
332 4529
375 4556
169 4954
3489 4663
195 4957
101 4669
20 4947
35 4564
29 4933
432 4657
224 3411
340 4644
119 4561
443 4744
74 4655
176 4758
238 4980
292 4570
551 1243
86 4663
125 4816
2445 2701
349 4797
231 4977
187 4862
431 4850
26 4949
474 4834
16 4534
201 4620
81 4937
429 4845
454 4928
17 4814
18 4805
231 4701
43 4733
456 4771
156 3950
1266 1473
27 4601
341 4815
1320 3570
752 1824
113 4527
116 4877
219 2957
339 4548
92 4708
297 4950
497 4537
6 4983
465 4866
274 4599
120 4894
36 4509
3645 4491
222 4968
3729 3878
416 4997
1235 2431
2 4629
378 4997
462 4917
246 4975
496 4958
127 4613
307 4780
83 4569
427 4650
2794 2973
1557 2032
724 3115
58 4800
624 2292
6 4802
849 3698
655 2663
477 4564
44 4794
397 4504
58 4562
29 4702
1754 2253
103 4961
293 808
319 4534
141 4515
350 4811
118 4536
456 4848
172 4782
226 4661
276 4697
146 911
167 4585
209 4692
327 4750
358 4728
1488 3972
201 4968
326 351
26 4610
243 4788
367 4880
342 4672
3 4588
235 4775
58 4917
19 4548
260 4954
493 4948
2731 4213
173 4728
438 4689
357 4697
219 4515
475 1765
51 3089
414 4768
73 4583
146 4625
444 4803
97 4965
409 4740
92 4813
83 4722
401 4678
365 4873
185 4546
437 4791
499 4909
300 4823
4245 4461
1020 3947
1583 3629
23 4969
112 4833
474 4629
356 4554
158 4686
238 393
427 4955
269 4751
3937 4110
176 4704
403 4912
2820 4120
115 4891
141 4582
227 4687
388 4956
1 4729
216 2978
5 4541
3278 4039
311 4677
214 4853
452 4605
118 4801
1929 4173
142 4635
60 4873
435 4868
240 4567
289 4659
181 4979
363 4575
139 4898
347 4908
412 4819
1532 3547
411 4597
144 4875
104 4633
380 4758
210 4886
131 4525
226 4680
94 4875
224 4870
55 2297
267 4615
348 4841
231 4764
220 4815
479 4908
8 4580
361 4585
361 4772
20 4529
24 4953
466 4723
224 4916
683 2977
25 4990
367 4867
275 4720
212 4638
438 4503
314 4775
349 4637
2276 4157
123 679
97 4694
396 4671
270 4776
1 4544
481 4532
98 4618
395 4755
789 3325
364 4721
192 4568
197 5000
3375 4562
112 4729
491 4741
481 4732
383 4956
106 4750
10 4572
485 4838
363 4507
432 4904
343 4838
6 4866
455 4946
13 4605
377 4701
230 4953
124 4619
23 4667
82 4869
332 4823
314 4734
246 3656
445 630
1466 4877
580 3097
37 4569
2726 3311
35 4833
450 4579
27 4989
27 4734
259 4762
194 4586
346 4808
54 4753
184 4992
84 4542
453 4567
158 4504
495 4826
303 4747
356 4958
394 4856
71 4530
485 4643
30 4646
85 4843
133 4931
1606 3084
4264 4862
263 4738
232 4979
44 4693
476 4528
280 4698
2690 3627
450 4776
1553 3746
496 3528
419 4695
124 4640
471 4800
187 4777
374 4628
444 4545
200 4538
1596 3963
423 4645
1114 2794
188 4649
250 4642
347 4581
159 4503
313 4689
3054 4503
2140 3914
497 4877
24 4670
371 4683
2 4868
84 4911
1838 4410
33 4813
257 4958
134 4615
234 4673
1298 1846
203 4760
143 2932
344 4716
255 4920
79 4577
447 4915
7 4575
418 4911
391 4768
646 2973
1485 4433
2271 2829
74 4902
217 4698
175 4714
478 4833
495 4587
329 4836
3320 3950
379 4501
359 4712
4439 4969
59 4785
225 4711
394 4755
103 4853
297 4976
471 4666
42 4891
494 4966
427 4842
268 4627
225 4931
1221 1435
500 4502
3277 3377
2667 3187
160 4560
17 4956
31 4961
137 4824
323 4720
3195 4776
14 4695
224 4839
2053 3017
48 4848
111 1275
27 4855
175 4612
182 1889
423 4576
386 4895
214 4715
182 4629
443 4793
288 4750
444 4889
374 4769
108 4697
174 4615
70 4865
429 4502
329 4608
138 4766
266 3351
269 4917
2056 3069
99 4789
1206 1272
386 4992
71 4638
410 4748
282 4980
449 4998
323 4924
16 4694
452 4874
129 4528
472 4825
56 4519
106 4709
71 4766
199 4587
235 4728
2961 3001
92 4946
333 4764
61 4655
457 4881
190 4762
404 4979
2683 3113
147 4684
76 4938
262 4908
361 4525
1854 3299
493 4608
344 4775
334 4693
16 4977
114 4954
203 4835
1119 3833
423 4982
3731 4872
387 4819
233 4964
484 4794
200 4887
1489 2972
396 4507
455 4540
292 4880
372 4505
1 4801
431 4557
438 4536
313 4535
2062 4174
96 4511
232 4616
302 4871
476 4681
323 4931
3264 4842
1159 2083
426 4655
485 4797
325 4761
384 4793
354 4530
240 4594
380 4832
326 4737
354 4196
221 4651
221 4676
280 4873
485 4895
338 4804
294 4968
105 4619
30 4792
3824 4369
130 4851
477 4838
475 4863
364 4600
61 4530
328 4906
356 4542
89 4511
326 4874
2403 3584
397 4661
289 4686
464 4913
122 4506
22 4653
176 4747
35 4698
330 4582
248 4763
40 4559
1806 3284
77 4514
465 4528
38 4805
499 4742
91 4611
403 4226
784 1907
1738 4383
147 4654
396 4795
460 4677
144 4749
1119 4368
58 4910
481 4737
2261 4453
365 4654
419 4504
18 4690
151 4576
310 4690
295 4828
495 4845
3472 4891
158 4993
244 4919
72 4934
111 4972
358 4526
920 3736
466 4843
40 4766
51 4666
19 4929
246 4636
405 4566
434 4882
593 1468
106 4982
739 4174
91 4694
9 4873
212 4973
130 4832
277 4670
18 4972
421 4987
433 4546
325 4818
85 4964
306 4700
282 4984
253 4816
365 4860
142 4621
245 4602
78 4774
261 4852
288 4910
1328 3297
360 4521
2515 3913
207 4814
11 4613
256 4642
496 4697
61 4826
174 4800
230 4617
26 4574
162 4785
310 4878
289 4706
477 4846
177 4508
231 4688
276 4615
403 4546
170 4760
461 4942
164 4591
81 4925
1101 3147
132 4570
128 4534
166 4567
226 4979
193 4533
361 4975
284 4978
697 2705
415 4529
445 4974
366 4914
496 4972
2944 4526
364 4602
191 4731
475 4733
199 4985
195 4670
183 4512
438 4718
1434 2420
261 4781
2066 4038
419 4793
489 4885
327 4939
402 4605
2502 3197
295 4825
330 4622
256 4865
2244 2583
74 4884
167 4811
41 4971
459 4651
302 4920
244 4793
440 4759
979 1656
98 4753
324 4680
446 4569
280 4978
426 4859
234 4635
203 4784
187 1478
1590 2427
2275 4214
377 4798
228 4623
144 4892
2000 3977
1831 3392
307 4752
1 4699
212 4923
487 4862
53 4619
128 4947
92 4553
177 4738
433 4924
4 4518
190 4926
7 4573
93 4953
323 4747
3657 4951
202 4960
13 4971
494 4935
273 2038
242 4783
307 4629
204 4755
599 1065
226 4790
255 4997
430 4938
188 4984
423 4729
114 4884
234 4580
344 4929
239 4761
480 4562
108 4716
275 4934
231 4892
397 4837
16 4792
331 4821
88 4727
940 1408
6 4697
224 4503
163 4925
292 4977
25 4617
24 4707
683 2697
337 4867
196 4876
478 4634
71 4549
488 4616
197 4799
57 4909
4054 4783
8 4944
47 4715
186 4973
125 4912
399 4762
93 4635
52 4708
281 4755
7 4992
499 4849
199 4728
108 4858
462 4939
178 4868
379 4576
76 4925
3 4535
350 4508
270 4779
297 4964
478 4642
1184 3646
2584 3963
396 4851
158 4937
129 4842
226 4634
39 4668
374 4579
405 4549
317 4978
1571 4332
274 4717
179 4878
167 4813
343 4653
130 4526
350 4939
374 4780
363 4799
911 3030
518 4145
155 4633
59 4729
235 4880
3356 4136
223 4786
1360 3769
33 4761
98 4797
112 4742
273 4963
180 4516
246 4847
121 4886
3246 4375
257 4877
490 4716
323 4888
208 4540
164 4558
14 4701
312 4799
134 4777
401 4543
448 4714
160 4945
234 4663
4038 4474
333 2941
1425 3627
414 4986
3843 4229
358 4993
734 3978
289 4518
343 4692
459 4859
13 4565
201 4985
250 4932
142 4691
63 4823
400 4532
311 4909
162 4524
434 4992
924 1829
448 4815
1078 4404
75 4631
136 4913
422 4520
360 4569
456 4682
38 3752
80 4791
444 4999
91 4896
434 4828
459 4821
4767 4980
494 4649
416 4973
381 4968
495 4723
463 4803
491 4901
311 4966
396 4877
305 4862
1979 2511
200 4964
207 4581
447 4865
298 4940
94 4830
257 4585
2766 4658
247 4607
350 4752
2298 4626
64 4815
130 4651
131 4555
1014 1797
139 4523
1244 2567
408 5000
20 4973
4014 4565
401 4714
235 4896
480 4568
275 4511
186 4596
293 4562
2731 4867
404 4543
172 4755
22 4760
495 4784
1200 1753
424 4662
37 4571
55 4861
298 4852
377 4961
384 4517
447 4976
246 4967
15 4665
464 4628
4233 4998
342 4981
82 4562
2504 3317
237 4697
305 4912
247 4582
489 4800
2361 4377
397 4731
2718 4546
3169 4276
1 4738
420 4637
373 4905
476 4993
108 4628
212 4963
538 840
155 216
97 481
261 4589
1242 2699
421 4728
267 4685
460 4771
53 4574
381 4862
72 4590
178 4710
37 4682
307 4979
480 4725
188 4514
847 2682
117 4891
160 4682
2585 4012
2294 4887
299 4507
455 4667
49 4549
47 4663
373 4544
295 5000
72 4517
408 4943
188 4762
464 4839
818 4780
372 4641
1762 4505
251 4885
94 979
163 4576
70 4586
379 4616
308 4675
331 4788
17 4926
29 4962
426 4601
69 4541
263 4700
425 4941
487 4699
106 4877
318 4909
249 4942
158 4978
249 4990
4760 4898
1029 4902
9 4630
255 4570
72 4888
288 4842
2096 2282
35 4510
380 4592
409 4909
279 4745
347 4516
413 4515
326 4677
430 4905
436 4650
277 4990
335 4664
194 4703
94 4629
2613 3883
115 4693
85 4691
300 4980
402 4847
455 4844
221 4569
332 4722
107 4714
316 4598
12 4949
253 4520
389 4788
652 4173
110 4767
667 2657
499 4721
352 4549
430 4916
332 4616
759 3229
340 4633
376 4963
157 4859
113 4664
198 4881
352 4804
401 4653
392 4520
423 4859
470 4682
433 4783
149 4579
2666 4254
196 4720
1962 4508
297 4597
445 4843
4222 4743
141 4636
417 4581
191 4909
778 4651
10 4763
279 4857
320 4535
299 4987
295 4701
1236 4114
4688 4706
158 860
280 4555
1682 2987
485 4873
449 4923
207 4645
99 2886
361 2739
117 4663
194 4878
141 4592
299 4672
2322 4032
287 4524
2264 2681
347 4790
52 4677
58 4817
2066 2267
398 4545
2469 3391
135 2238
311 2237
2935 3154
333 4820
401 4688
151 4787
69 4630
1118 4587
308 4731
201 689
238 4609
407 4902
43 4708
3 4933
423 4833
615 2334
165 4582
485 4632
137 4718
190 4554
165 4648
125 4949
380 4834
244 4849
2407 3809
238 4535
521 3315
2145 2366
2044 4238
367 4877
435 4568
227 4677
491 4621
122 4865
136 4645
152 4932
397 4925
294 4508
17 4765
401 4528
291 4588
154 4743
364 4715
2114 3762
153 4530
300 3585
472 4606
57 4615
417 4813
237 4901
377 4696
113 4933
319 956
421 4550
97 4930
11 4786
492 4816
166 4630
337 4786
332 4754
466 4753
395 4788
169 4537
1823 4876
1033 3899
488 4873
419 4717
458 4825
275 4856
189 4696
72 4556
282 4640
196 4757
2 4557
66 4972
11 4511
375 4679
296 4779
442 4860
463 4818
236 4897
360 4568
103 4714
111 4621
152 4556
434 4628
99 1883
348 4951
81 4848
256 4864
210 4563
227 4737
25 4578
296 4612
196 4701
312 4781
973 4402
2328 4281
1981 3911
349 4516
253 4904
298 4860
2892 2960
4 4777
436 4914
416 4768
472 4754
207 4621
306 4992
167 4843
2506 3793
145 1808
116 4885
79 4702
44 4762
213 4759
443 4997
78 4640
113 4979
431 4668
166 4946
135 4783
153 4967
2162 2285
233 4701
317 4864
52 4759
395 4960
1761 2926
302 4826
223 4758
212 4522
262 4784
231 4550
143 4686
132 4917
344 4783
489 4635
331 4971
78 4971
1864 4545
479 4659
252 4944
479 4667
78 4708
52 4787
360 1801
80 4842
12 4772
3819 4720
2780 3415
201 4581
153 4653
117 4982
310 4509
452 4855
359 4835
294 4725
104 4994
167 4682
399 4880
461 4589
411 4814
409 4974
149 4513
57 4800
47 4627
416 4944
126 4803
250 4893
581 713
257 4743
26 3193
143 4567
398 4510
8 4646
416 4693
404 4836
48 4912
448 4831
1657 2457
356 4982
326 4581
3437 4179
378 4561
2518 2519
245 4651
200 4751
3112 4147
388 4872
1191 3620
500 4824
441 4580
174 4745
175 4768
467 4583
1221 2488
1267 4991
68 4697
449 4585
136 4595
290 4629
1942 4617
321 4576
120 2847
267 4640
397 4675
554 2937
127 4372
225 4927
299 4758
246 4679
1002 1529
212 4506
165 4815
339 4568
114 3511
76 3121
479 4692
858 3285
112 4852
281 4932
399 4670
411 4850
210 4511
65 4842
472 4600
487 4725
344 4521
285 729
146 4506
14 4834
2522 4654
4 4754
491 4557
104 4876
120 4576
482 4579
391 4938
480 4997
386 4730
84 4634
721 2100
118 4995
141 4819
1772 4001
201 4811
6 4816
136 4612
2421 3410
255 4808
427 4961
83 3549
410 4613
2392 2922
440 4679
289 4888
2162 2463
168 4510
500 4772
14 4641
412 4869
421 4772
849 4281
273 2967
910 4632
52 4883
113 4852
155 4587
776 2508
287 4610
107 4987
197 4507
454 4920
94 4887
1055 2024
171 4708
30 4954
402 4630
144 4873
85 4780
159 4901
164 4861
226 4854
45 4856
2131 2602
227 4870
463 1371
165 4638
325 4533
404 4813
43 4902
399 4791
272 4603
118 4975
1964 2270
334 4927
434 4651
2292 3121
691 822
230 4716
92 4793
3492 3808
200 4665
174 4680
1910 2715
348 4621
831 1857
53 4613
477 4979
738 1409
65 4836
4 4560
207 4535
80 4788
13 4745
635 1519
406 3130
460 4659
102 4687
343 4616
294 4728
312 4926
33 4532
71 4806
451 4647
52 4768
290 4579
11 4933
39 4990
231 4701
131 4922
477 4738
90 4549
426 4527
257 4523
247 4553
227 4741
491 4846
33 4761
3499 4925
2556 3834
494 4583
169 4973
282 4623
89 4974
421 4596
296 4618
81 4568
267 4724
281 4869
167 4914
307 4990
365 4788
259 4604
1097 4943
376 4818
12 4984
50 4730
389 4639
96 4944
421 4707
190 4979
1359 1603
256 2101
81 2347
498 4639
403 4772
218 4780
478 4522
584 4158
68 4502
3989 4296
450 4527
162 4864
211 5000
350 4957
2784 4936
422 4528
378 4911
338 4517
110 4600
181 4641
454 4993
287 4877
2062 2355
43 4560
494 4506
131 4741
22 4888
494 4878
2939 3148
983 4833
54 4856
167 4988
245 4849
214 4944
1361 3222
253 4511
103 4529
358 4501
185 4967
408 4795
18 4621
140 4998
418 4531
101 4786
488 4991
3337 4602
270 4711
2859 2994
138 4615
190 4725
6 4777
255 4588
323 4600
41 4751
50 2473
464 4628
166 4849
420 4643
222 4941
536 1230
167 4964
487 4577
55 4625
19 4702
602 2755
405 4974
2669 2780
250 4842
24 4784
416 4970
111 4516
2463 3845
459 4541
308 4646
2593 4119
114 3677
492 4709
66 4599
309 4899
15 4794
447 4793
162 4999
258 4958
202 4558
37 4796
158 4886
81 4777
463 4535
317 4780
347 4663
65 4866
454 4802
283 4715
187 4666
497 4658
299 4610
1856 1960
384 4937
360 4749
214 4823
61 4695
3 4944
1 4804
95 4895
27 4904
493 4698
385 4811
362 4751
250 4763
1460 3265
456 4563
454 4636
434 4879
484 4889
276 4660
414 4824
67 4602
385 4690
435 4883
227 4989
311 4918
292 4846
167 4961
105 4707
3649 4062
4572 4679
2708 3113
250 4927
174 4697
44 4775
451 4655
62 4684
436 4750
377 4576
2718 2972
69 2028
243 4597
6 4916
432 4674
105 4603
2478 2741
353 4838
457 4632
3794 4146
26 3047
63 4717
60 4796
49 4859
249 4868
74 4677
282 4506
373 4870
2519 3083
47 690
1241 1715
8 4590
1126 2991
434 4768
16 4711
123 4568
878 2358
75 4942
132 4530
102 4913
2805 3828
450 4678
14 4984
429 4612
309 4678
187 4511
270 4534
262 4701
417 4745
106 4796
2337 3005
21 4841
28 4995
785 1861
349 4870
358 4911
495 4948
2429 4411
443 4755
207 4918
616 3145
456 4761
151 4869
464 4719
128 4701
3395 3614
323 4813
17 4552
174 4505
411 4679
46 4780
481 4670
362 4759
250 4966
367 4886
195 4606
307 4521
70 4559
332 4569
40 4963
51 4658
270 4719
70 4852
231 4708
442 4709
127 4747
141 4800
327 4807
44 3775
2834 4882
50 4652
45 4694
349 4963
224 4563
117 2433
430 4807
437 4530
37 4588
969 1009
206 4935
398 4579
62 4743
3702 4232
2175 2703
460 4532
989 2433
457 4668
485 4767
3506 4136
657 3818
53 4617
103 4532
365 4640
414 4764
47 4788
303 4801
372 4532
178 4547
201 4577
381 4985
316 4988
1195 3319
7 4650
403 4647
3468 4365
318 4501
1103 2019
1949 4767
330 4639
183 4944
2379 3626
160 4831
275 4709
238 4831
238 4815
453 4624
385 4657
2727 4754
1200 2767
462 4969
73 4738
310 4954
271 4818
429 4540
445 4852
198 4668
195 4972
23 4620
497 4595
90 3873
448 4964
338 4587
76 4851
400 4821
328 4899
91 4911
406 4969
1453 1956
281 4970
361 4724
245 4541
268 4827
119 4704
333 4844
418 4678
230 4769
317 4918
113 4993
2477 4577
326 4942
178 4749
55 4775
281 4938
277 4604
385 4639
1585 2226
1332 2026
107 4888
263 4997
318 4650
316 4848
331 4678
255 4871
31 4613
19 4812
469 4868
264 4892
109 3212
390 4866
2336 3029
456 4627
117 4635
246 4539
178 4912
446 4730
221 4558
98 4871
251 4817
445 4907
417 4880
151 4749
381 4606
554 3965
325 4612
453 4687
321 4510
179 4644
37 4722
461 4585
1496 4367
957 3359
2240 4892
2313 3682
171 4524
116 4733
405 4612
404 4520
137 5000
460 4664
283 4943
185 4541
18 4720
2422 3593
33 4882
154 4988
492 4538
1639 2010
333 4643
2554 3027
227 4779
424 4841
322 4607
169 4946
430 4544
531 2677
101 4814
331 4708
17 4896
415 4609
144 4847
2456 3338
662 3548
273 4720
279 4938
349 4731
1090 1393
433 4964
2848 4153
2678 4082
148 4585
469 4526
2327 4572
1908 4784
189 4997
46 4855
102 4845
161 4997
442 4949
499 4960
1880 3024
396 4972
1901 3950
388 4785
1829 4026
306 4547
2251 4115
85 4887
837 4349
253 4931
975 3549
75 4729
109 4662
374 4859
484 4836
351 4906
231 4899
447 4982
155 4584
310 4843
3206 3708
298 4920
1015 2693
226 4661
3231 3894
92 4701
395 4626
495 4609
266 4702
91 4805
300 4598
321 4801
469 4977
99 4879
350 4648
55 2706
338 4836
163 4742
210 4794
69 111
1105 1346
302 4832
1913 3720
1634 1876
461 4869
266 4861
489 4528
238 4519
45 4786
2045 3519
309 4526
254 4869
282 4634
275 4601
46 4535
310 4603
174 4842
343 4835
409 4858
134 4778
323 2103
108 4626
389 4654
3409 4593
3249 4501
437 4546
70 4794
412 4533
267 4571
2484 4103
384 4847
3355 4663
336 4927
265 4540
590 2992
135 4744
201 4701
167 749
355 4937
261 4764
278 4724
497 4708
75 4947
125 4940
96 4606
355 4896
414 4602
99 4623
403 4769
407 4551
452 4669
27 4719
111 4959
380 4746
12 4795
211 4694
184 4755
84 4916
375 4856
347 4568
438 4875
167 4828
436 4656
366 4799
255 4780
405 4654
2018 3310
134 4940
26 4707
381 4727
1453 3111
475 4628
1759 3332
329 4926
135 4755
459 4802
244 4997
262 4891
488 1781
305 4539
203 4592
435 4619
213 4585
275 4884
360 4751
466 4816
74 4915
72 4778
2021 2338
115 4783
146 4660
3576 4579
355 4809
316 4594
356 4976
90 4680
3264 4846
241 4632
288 4780
1584 1888
84 4901
94 4797
410 4668
500 4796
206 5000
69 4665
191 4799
189 4785
288 4957
102 4783
90 4616
135 4852
383 4743
240 4755
135 4821
186 4803
106 4959
430 4516
422 4803
1445 3444
3476 4221
318 4837
2330 3605
27 4848
171 4571
2641 4400
104 4527
217 4505
117 4962
337 4756
35 4771
87 4862
398 4896
166 4711
453 4659
1550 2471
313 4534
340 4851
218 4863
15 4500
468 4636
364 4592
242 4778
356 4689
214 4686
74 4563
213 4648
215 4712
355 4639
187 4647
36 4817
399 4928
415 4935
417 4715
426 4521
375 4940
318 4908
323 4896
493 4969
2417 4399
92 4776
3743 3945
167 4936
308 4941
35 4615
455 4957
175 4988
432 4782
288 4517
493 4891
377 4832
113 4687
1228 1984
290 4612
2793 4047
342 4681
3446 3681
362 4997
91 4660
485 4779
499 4495
184 4556
351 4862
41 4817
1292 1964
482 4966
325 1616
310 4855
482 4859
219 4535
33 4750
276 4652
438 1872
1550 3901
17 4732
2292 3537
300 4871
221 3753
127 4816
1019 2965
1721 4683
84 4657
33 4682
213 4564
484 4509
337 4896
352 4734
2 4508
294 4761
312 4833
1698 1857
412 4580
354 4794
386 4786
478 4634
175 4786
2542 4486
264 4615
165 4589
216 943
281 4877
500 4742
467 4726
404 4635
256 4687
467 4693
3706 4278
129 4759
296 4962
494 4974
1404 1501
608 2767
206 4984
221 4721
123 4793
60 4692
192 4749
261 4549
107 4768
1213 2455
3 4631
433 4617
19 4811
406 4824
427 4938
472 4635
364 4989
1768 4059
176 4520
65 4599
437 4879
261 4714
190 4781
101 4545
215 4680
410 4562
1139 1902
152 1633
128 4830
116 4530
84 4570
205 4885
24 4724
337 4769
169 4774
295 4887
38 4525
434 4702
233 4603
174 4800
49 4807
2 4859
452 4722
388 3834
472 4999
288 4628
1431 1624
1912 3680
36 4954
184 4861
224 4509
232 4975
2263 2609
247 4813
41 4756
281 4799
174 4566
62 4771
377 4689
141 4895
400 4729
247 4746
393 4915
3295 3586
543 1247
123 4962
16 4992
223 4802
1581 4669
97 4531
68 4948
62 4859
1326 1608
221 4666
19 4292
2886 3140
205 4852
1972 4610
1287 2525
1434 4277
442 3819
500 4550
174 4745
80 3719
162 4590
337 4904
27 4813
475 4531
42 4775
302 4804
443 4674
267 4664
358 4810
1143 4751
202 4705
141 4721
1924 3512
188 4583
52 4536
167 4623
174 2183
388 4624
482 4747
122 4947
157 4514
132 4684
462 4823
354 4563
2259 3110
146 4782
3826 4787
3941 3989
187 4765
293 4675
139 4561
183 4742
311 4706
387 4597
313 4768
334 4567
203 4526
375 4877
470 4516
446 4893
304 4762
124 4737
174 4526
10 4874
482 4787
426 4867
409 4970
453 4791
485 4568
73 4637
145 4609
75 4753
417 4925
5 4782
220 4606
222 4545
54 4511
264 4938
95 4849
154 4717
317 4942
85 4580
66 4986
133 4840
330 4631
233 4544
134 4664
135 4532
460 4714
229 4808
4299 4428
454 4611
378 4612
186 5000
126 4558
303 4683
388 4818
183 4505
126 4956
35 4585
345 4747
397 4565
32 4568
464 4824
387 4503
47 4606
347 4577
94 4818
299 4681
3264 4690
51 4549
106 4582
242 4909
343 4754
260 4703
373 4534
440 4919
326 4632
307 4992
486 4763
102 4737
324 4867
362 4522
334 4716
364 4897
368 4970
310 4864
129 4674
188 4861
467 4984
3160 3542
3525 4824
37 4779
205 930
170 4925
216 4845
273 749
67 4695
126 4985
214 4649
129 4680
1906 3072
218 4615
2249 2932
1290 3610
3178 4956
321 4935
3763 4937
125 4996
447 4753
152 4672
465 4942
287 4526
344 4690
244 4604
352 4904
399 4505
197 4966
235 4828
96 4704
317 4590
247 4797
3038 4175
4251 4629
1085 4734
164 4876
445 4981
2064 2952
267 4738
195 4773
3532 4420
255 4774
30 4617
467 4645
309 4871
229 4852
283 4938
135 4673
80 4532
375 4878
53 4506
206 4935
194 4550
322 4860
238 4830
373 2410
497 4949
156 4929
332 4710
57 4652
221 4511
437 4550
403 4785
1243 1546
201 4906
489 4689
222 4777
194 4528
151 4673
342 4874
398 4771
147 4765
349 4731
449 4527
346 4680
605 4512
414 4587
209 4785
184 4664
317 4673
1791 4972
260 4891
2432 3719
482 4937
102 4535
240 4961
215 4856
2491 4574
290 4924
82 4678
153 4646
498 4780
468 4527
384 4771
367 4896
192 4701
287 4602
1311 1451
470 4590
1810 4173
78 4711
3228 4499
297 4975
4 4899
153 4833
100 4584
428 4853
2428 4833
119 4991
177 4866
376 4909
1173 3751
1469 3195
183 4859
271 4862
105 4803
264 4619
1388 4362
334 4806
175 4950
150 4699
198 4561
467 4941
73 4769
420 4729
147 4831
54 4587
457 4743
1089 3096
68 4663
293 4825
263 4896
112 4596
95 4675
244 4876
113 4970
312 4989
331 4569
95 4992
264 4826
453 4815
140 4989
42 4649
382 4759
477 4916
223 4808
441 4808
300 4653
210 4816
1 4696
348 4796
328 4784
380 4640
2605 3040
353 4980
303 4406
920 1887
345 4568
1364 2138
3915 4907
443 4573
267 4738
82 4523
218 4746
279 4847
337 4928
95 4515
55 4520
239 4716
381 4769
28 4513
330 4581
212 4533
484 4996
385 3441
527 1338
112 4587
407 4507
307 4525
696 831
126 4917
353 4642
3543 3602
1531 2166
249 4756
274 3180
39 4542
105 4530
195 4583
1277 4932
432 4553
125 4607
327 4870
464 4589
363 4546
855 2781
324 4859
456 2287
1510 1621
395 4801
310 4697
122 4979
42 4995
486 4580
335 4847
1913 4897
464 4556
102 4628
238 4838
4 4932
43 4985
354 4881
434 4744
423 4561
2894 3143
170 4612
51 569
332 4873
1286 4073
374 4533
280 4501
15 4705
7 4576
152 4658
303 4967
60 4782
520 3324
108 4679
35 4663
71 4503
1302 3544
491 4627
153 4794
203 5000
1635 3729
221 4656
305 1381
354 4983
790 2768
490 4867
461 4961
145 2691
96 4895
490 4834
291 4903
277 4975
500 4937
434 4986
227 4982
488 4941
72 4643
152 4857
142 4716
491 4658
255 4883
375 4529
309 4707
477 4563
57 4516
3066 4455
349 4644
6 4941
297 4778
201 4691
270 4857
375 4702
428 2899
1431 4964
172 4671
376 4784
842 3235
90 4593
433 4941
75 4717
2144 2639
3242 3267
1677 2349
154 4742
142 4674
272 4884
78 4662
297 4668
277 4623
179 5000
139 4625
114 4744
123 4679
3133 3606
361 4669
319 4629
340 4669
465 4926
1583 3182
389 4753
3440 3690
5 4659
42 4781
403 4519
304 4949
312 4859
382 4520
70 4765
337 4796
262 4831
227 4868
497 4595
1622 4972
2115 2489
401 4791
500 4673
261 4528
300 4771
296 4845
401 4623
371 4661
319 1388
358 4614
340 4797
275 4610
1247 2409
339 4994
267 4562
246 4878
442 4670
269 4592
199 4586
1041 2109
416 4985
219 4871
418 4602
311 4929
175 4646
316 4899
461 4881
438 4548
358 4668
17 4915
256 4818
411 4888
95 4724
477 4817
773 1609
19 4905
460 4751
431 2742
346 4690
135 4895
296 4560
350 4789
198 4516
211 4826
434 4504
87 4774
499 4883
428 4801
132 4888
496 4561
490 4502
120 4721
37 4878
296 4692
3302 4014
2138 4998
1434 4268
64 4905
38 4933
77 4580
448 4629
235 4825
317 4552
459 4787
33 4966
326 4710
708 4230
271 4570
325 4709
99 4917
1713 3641
300 4988
4663 4840
439 4500
234 4801
311 4791
215 4765
4398 4738
355 4995
95 4923
47 4815
247 4710
101 4547
31 4547
411 4939
446 4817
296 4792
466 4594
969 4938
94 4808
367 4901
4101 4639
247 4806
18 4764
218 4841
297 4961
433 4812
179 4964
300 4962
400 4646
2819 3939
101 4660
13 3127
125 4872
49 4837
920 1749
494 4920
139 4941
173 4850
200 4709
688 4210
242 4909
74 4817
29 4741
126 4868
850 4818
489 4671
137 4576
368 4835
1167 3425
301 4546
393 4779
446 4779
372 4633
3476 4420
178 4957
3576 4482
381 4939
415 4927
492 4606
353 4573
106 4864
324 4517
320 4924
75 4797
255 4664
481 4925
1672 4600
358 4696
5 4860
330 4876
268 4617
268 4516
3202 3313
323 4580
461 4577
74 4966
148 4687
79 4650
426 4917
1111 3721
294 4638
1568 4845
46 4822
222 4632
4 4891
449 4637
473 4525
764 1255
59 4695
345 4789
379 4546
269 4698
74 4571
383 4717
335 4618
158 2912
218 4926
33 4987
88 4545
720 3002
306 4898
188 4532
361 4624
246 4502
185 4929
195 4738
317 4895
455 4687
460 4525
152 4850
338 4811
2383 3835
423 4758
322 4877
205 4825
315 4819
420 4900
3029 3445
86 677
131 4516
117 4697
365 4992
152 3247
241 4541
21 4722
2090 4002
90 4783
426 1845
396 4984
265 4568
2175 4502
214 4650
87 4767
220 4844
145 4561
718 2511
323 4940
29 4534
263 4922
22 4867
457 4559
298 4760
57 4931
568 2560
297 4809
411 4563
1925 4034
334 4846
480 4902
189 4649
1012 2408
400 4864
3037 4404
26 4691
105 4601
1081 4945
347 4923
334 4901
404 4982
667 2762
224 4591
368 4924
93 4658
1 4514
10 4877
1301 2320
567 2207
232 4506
441 4644
141 4629
97 4852
2616 4580
33 4754
431 4914
322 4798
415 4754
30 4959
41 4851
28 4724
12 4616
233 4912
77 4548
11 4973
375 4893
12 4750
257 2130
74 4937
5 4779
425 4716
230 4682
363 4869
205 4749
242 4501
224 4997
332 4722
200 4704
325 4759
230 4767
473 4633
900 2547
3706 3744
2418 4435
362 4527
79 4575
461 4807
2789 3742
3649 3993
140 4920
154 4519
406 4941
154 4546
314 4840
33 4502
193 4671
129 4720
465 4517
341 4599
417 4698
421 4907
192 4731
246 4879
277 4540
915 2536
166 4771
29 4905
104 4943
186 4648
411 2134
183 4622
630 4494
349 4742
142 4969
206 4679
196 4693
86 4860
899 4941
496 4519
16 4813
1545 1760
161 4888
19 4700
118 4984
297 4826
2147 3489
600 1633
393 4915
496 4678
406 4627
106 4973
93 4972
233 4723
191 4706
197 4890
165 4875
411 4901
372 4596
200 4992
377 4562
129 4747
309 4598
197 4896
332 4953
2637 2642
203 4516
242 4859
229 4931
413 4811
251 4521
439 4763
103 4573
254 781
281 1711
489 4679
85 4851
111 4604
239 4735
481 4896
406 4831
2770 2979
375 4761
315 4640
73 4693
481 4512
122 4966
826 2494
276 4716
250 4649
495 4769
407 4792
4304 4875
3158 4997
305 4666
114 4566
1593 4985
305 4751
296 4964
369 4872
24 4757
496 4764
165 4872
184 4974
54 4914
439 4596
384 4528
2042 4684
357 4877
770 1598
64 4932
347 4590
295 4695
407 4709
152 4904
338 4990
449 4780
446 4860
251 4722
251 4736
491 4926
180 4858
187 4622
419 4982
1776 4008
411 4658
173 4956
652 4965
494 4797
2323 2756
260 4832
70 1127
306 4832
407 4818
744 3520
351 4977
4211 4432
360 4532
148 4744
19 4705
397 4953
1173 2498
270 4929
2321 4631
408 4736
403 4804
97 4653
39 4959
108 4536
426 4835
579 1671
318 4971
480 4557
1216 4502
39 4807
2891 4232
405 4954
390 4954
280 4522
321 4632
323 4645
318 4815
210 4842
114 4935
2195 3256
142 4752
809 2793
271 4917
424 4841
201 4749
353 4639
319 4935
288 4531
229 4747
439 4757
1557 4631
192 4952
2001 2604
1031 1359
295 4884
217 4702
347 4724
18 4896
428 4893
257 4713
199 4578
23 4564
269 4783
352 4689
466 4652
402 4908
193 4802
186 4753
457 4730
268 4535
1526 3241
17 4882
419 4782
4264 4995
120 4661
34 4870
234 4818
83 4892
147 4609
3010 3956
249 4780
59 4758
16 4645
1160 3558
236 4771
461 4527
89 4728
389 4992
244 2313
288 1409
1530 2919
3340 4112
83 4820
311 4500
1934 3871
2653 3402
1111 2597
58 597
34 4562
145 4841
3999 4198
277 4923
1117 2931
237 4840
266 4995
429 4726
195 4732
177 4994
468 902
404 4512
97 4538
475 4942
138 4750
399 4677
325 4947
341 4185
149 4617
136 4834
256 4593
258 4769
395 4748
126 3783
254 4679
3512 4712
383 4769
277 4709
131 4689
186 4629
247 4692
947 4089
247 4805
83 4950
219 4935
425 4728
335 4719
408 4502
207 4840
199 4569
53 4775
14 4592
728 2021
349 4758
2486 4894
397 4679
247 4516
414 4789
139 4766
263 4924
290 4767
345 4640
865 1386
2 4597
90 4559
53 4947
200 1787
265 4645
93 4622
486 4764
31 4680
344 4943
135 4790
16 4831
120 1957
403 4744
2532 4555
27 4868
1835 4193
129 4772
282 4661
134 4660
171 4470
1492 4630
250 4788
355 4905
164 4956
2945 4878
410 4665
375 4713
285 4993
17 4570
278 4808
450 4680
72 4928
284 4945
294 3038
178 4695
213 4547
77 4544
293 4806
223 4856
489 4881
359 4801
311 4893
72 2459
194 4877
497 4854
38 4995
4083 4720
201 4506
249 4788
152 4739
161 4741
121 4718
309 4798
247 4881
239 4529
492 4938
175 4621
211 4872
1209 1792
339 3151
51 4897
182 4532
473 4893
163 5000
1084 3692
599 1704
265 4856
342 4738
130 4875
90 4810
242 4658
133 4589
428 4994
80 4896
498 3626
162 4716
267 4753
32 4866
181 4508
461 4826
664 3705
477 4780
359 4929
1990 2032
1018 1518
167 4803
4037 4074
192 4649
278 4892
1048 4085
143 4912
211 4649
329 4819
255 4777
110 4705
259 1136
219 4815
3966 4268
179 4601
329 4800
275 4918
19 4521
365 4677
150 923
122 4554
473 4904
62 260
407 4749
1088 3964
231 4796
326 4572
420 4832
23 4843
258 4574
21 4713
1133 3676
895 3032
24 4586
163 4532
242 4956
343 4765
802 2699
134 4712
126 4796
186 4966
1354 1922
529 665
14 4718
1983 2507
122 4727
441 4870
459 4622
151 4787
104 4781
386 4680
288 4803
1 4864
466 4939
382 424
100 4788
380 4888
341 4975
99 4960
150 4806
202 4799
3320 4372
494 4683
380 2179
463 4702
2522 4172
481 4814
96 4626
317 4638
207 4518
229 4908
468 4873
242 4821
251 4569
346 4680
257 4885
483 4623
19 4891
404 4500
387 4641
195 4634
226 4833
2 4799
270 4865
185 4894
248 4580
491 4568
173 4695
252 4789
3645 3848
48 4931
1154 2947
488 4837
265 4578
245 4898
414 4835
112 4855
137 4524
305 4770
149 4814
466 4533
4313 4850
459 4821
3909 4804
259 4619
157 4986
20 4459
347 4972
382 4958
193 4734
112 4666
931 2968
357 4936
2184 2642
181 4678
227 4518
4547 4630
268 4615
488 4516
4481 4931
155 4527
184 4753
164 4832
1802 4467
3034 4734
67 4698
319 4896
286 4634
463 4737
183 4534
647 1428
419 4805
439 4749
492 4533
1652 1900
99 4908
26 4866
28 94
551 3550
39 4945
138 4960
1550 2282
167 4955
173 4956
373 4521
484 4946
1343 2651
2465 4586
478 4723
333 4644
210 2425
132 4647
381 4815
242 4848
434 4650
209 4983
424 4751
1630 1918
320 4621
129 4886
358 4788
164 4678
173 4729
58 4827
863 2174
3614 4748
378 4832
290 4692
298 4783
220 4950
378 4866
580 1219
64 4765
242 4629
489 4851
396 4830
109 4726
63 4929
74 3929
431 4734
45 4850
88 4656
394 3403
40 4774
469 4919
21 4885
265 4761
263 4536
462 4644
2465 3108
103 4702
173 4971
3289 3395
229 4754
270 4987
552 2786
237 4823
3679 4150
413 2022
160 4564
307 4995
220 4735
298 4953
11 4858
23 4862
149 4902
242 4831
296 4777
1590 4461
166 4900
1005 2081
485 4622
222 4656
156 4654
229 4532
407 4584
3256 3632
734 4689
270 4576
1978 3790
91 4814
101 4826
184 4788
244 4623
209 4557
136 4801
447 4836
69 4525
146 4776
77 4778
48 4751
362 4940
3227 3926
2663 4309
2332 3635
305 4847
437 4758
209 4677
145 4954
484 4673
425 4628
1208 4488
371 4721
2483 2662
81 4630
467 4644
495 4965
372 4754
358 4724
496 4954
315 4616
436 4565
132 4885
161 4889
16 4967
209 4888
26 4626
151 4841
263 4923
133 4514
15 4821
1372 1584
300 4088
273 4540
229 4604
17 4710
477 4925
227 4766
2946 4501
370 4747
260 4663
68 4662
187 4799
346 4634
835 2472
8 4622
439 4926
243 4922
177 4647
2315 2767
456 4766
41 4819
310 1143
440 4560
155 4625
2392 4595
332 4750
136 4801
100 4668
322 4651
458 4841
360 4504
247 4567
153 4693
246 4664
218 4923
2769 3603
460 4840
335 4923
190 4808
242 2644
382 4681
484 4877
398 4946
359 4854
222 4730
312 4925
275 4895
276 4625
122 4978
82 4722
160 4629
325 4916
102 4794
2213 3171
215 2408
401 4588
250 4778
185 4875
27 4908
375 4577
410 4587
2917 3086
76 4540
386 4689
3895 4371
176 4694
451 4891
474 4755
286 4613
165 4710
335 4934
383 4806
94 4544
386 4736
389 4552
105 4520
404 4569
28 4683
418 4884
63 4540
250 4819
107 4874
2413 2927
263 4590
496 4959
5 4632
1327 4408
487 4505
254 4850
333 4707
175 4762
115 4695
1789 4517
287 4719
467 4516
365 4792
335 4684
425 4888
129 4987
143 4774
546 2601
103 4662
2523 3017
1561 4033
21 4988
308 4623
68 4642
284 4963
357 4568
107 4651
2541 4167
401 1670
48 4509
1421 3464
309 4972
402 4967
568 4819
1417 3449
308 4941
292 4688
1735 3853
9 4909
13 4772
479 4591
366 4926
357 4855
380 4899
858 2198
395 4594
210 4651
545 1384
2601 2825
484 4881
1733 4643
488 4606
156 4939
285 4837
439 4807
189 4810
82 4947
481 4954
329 4890
71 4752
112 4837
303 4513
447 4769
271 4710
421 4967
388 4532
75 4640
374 4724
132 4664
44 4617
88 4521
283 4817
6 4567
431 4756
407 4668
391 4653
2224 2904
215 4704
476 4560
117 4889
165 4713
119 4904
316 4921
191 4528
91 4591
1647 3278
605 665
3243 4053
254 4910
253 4553
461 4575
11 4757
450 4992
2131 2399
374 4668
4458 4845
470 2266
198 4987
369 4542
429 4616
12 4856
1646 3448
2491 3338
9 4959
277 4771
3019 3809
2063 2841
2393 4012
237 4843
41 4839
340 4849
65 4998
149 4512
305 4590
439 791
135 4517
112 4886
251 4715
73 4556
317 4646
314 4626
485 4573
405 4623
418 4708
275 4677
352 4976
435 4948
393 4635
110 1625
13 4587
136 2052
55 4670
364 4719
41 4851
385 1844
385 4677
2747 4853
120 4552
3190 3949
32 4975
1563 2826
1840 4435
179 4610
140 4902
129 4880
321 4942
165 4940
262 4631
107 4863
4432 4640
39 4611
801 4278
473 4643
398 1855
1432 2548
154 4668
301 4636
408 4861
148 4654
379 4656
113 4577
104 4614
482 4958
33 4681
4619 4658
179 4763
236 4739
368 4801
375 2582
98 4719
858 4910
804 4233
355 4841
149 4583
431 4612
426 4931
106 4948
574 3561
272 4729
401 4565
198 4592
9 4608
176 4584
3028 4763
340 4991
108 4576
404 4620
81 4824
96 4732
257 4924
433 4712
403 4981
1540 3459
4911
237 1156
238 4287
555 3924
4205 4389
3735 4306
68 4447
151 4478
99 3881
840 4468
316 4236
469 4309
15 4423
423 4445
242 4489
1743 3522
31 4349
437 4111
150 4341
127 4157
631 4363
468 3912
617 3906
390 1301
241 4042
407 1234
830 4021
692 4363
2358 2756
105 2157
568 4122
469 4158
1991 3760
753 4103
409 3891
746 4015
232 4231
887 4440
502 4490
453 4304
650 4377
853 4189
1012 2084
71 3905
184 4489
2298 4035
89 4355
779 3914
277 4191
387 3957
206 4463
750 4374
1583 2770
1643 2926
378 835
472 4385
388 4504
2039 2443
900 3882
1442 2964
69 1327
112 4090
254 3842
121 4278
998 3969
484 4492
552 4350
854 4387
531 3967
815 3923
1213 3049
146 2173
299 4021
806 4493
141 4289
557 4085
331 4069
1708 3999
453 3998
3316 3548
1282 3025
1421 4259
483 4172
650 4498
3038 4512
674 3894
2711 2731
117 4053
1884 4056
768 4245
2338 3451
392 3985
2138 2821
434 3864
238 535
27 4502
342 4167
648 4372
469 4288
832 3948
1062 2774
377 4196
2 4444
697 4500
855 4348
696 2526
198 1469
185 3908
743 4029
220 3851
384 4322
655 4426
3668 3951
383 4341
427 4491
793 4443
1923 3415
2155 2395
2469 3508
711 4116
203 4269
545 4240
82 4397
413 3998
761 4395
529 4425
855 4453
2287 3312
50 3950
179 3944
829 3872
609 4433
1171 2356
2422 3504
179 4375
1102 2030
381 4511
2363 4212
844 4198
290 3860
228 4037
812 4082
901 4215
2212 4114
437 4233
276 4026
218 4440
520 4035
1091 4338
121 4321
142 3938
219 4113
604 3998
671 3844
208 4087
382 3956
2765 3356
1184 1447
3323 3686
639 4102
355 4437
11 4519
253 4487
448 4200
2718 3627
769 4323
421 3891
529 3857
648 3927
544 3928
123 4249
759 4168
129 4318
892 4190
652 3881
293 4444
728 4306
652 4275
430 4064
307 4047
450 4131
385 4163
232 3849
1832 3725
633 4465
767 4464
993 2247
474 4350
384 4460
577 4251
188 3903
590 4406
1477 1637
190 3472
2025 4176
228 2589
166 4011
730 4036
693 4312
2647 3392
820 4029
26 4230
2020 2207
112 4040
587 3873
175 1952
852 3988
299 4211
507 3538
12 3674
555 4157
863 4093
220 3952
836 4124
193 4444
339 4499
506 4499
1386 3872
318 3887
3266 3872
672 4012
446 4488
571 3869
85 4026
1321 3113
348 4446
938 2015
438 4385
707 4048
1097 3452
703 4056
711 4510
151 4286
135 4431
3339 4110
749 4092
1062 2042
2393 3666
907 3929
736 4251
892 3872
970 4195
860 3922
29 3944
305 3977
201 4402
342 4215
490 3993
308 4117
145 3765
694 4492
3011 4102
499 3922
2267 2619
495 4237
662 4231
171 4067
273 4002
32 4498
910 3922
1055 2555
371 3932
243 4125
416 4103
963 3732
405 4186
726 4392
883 3865
115 4164
664 4446
432 4193
1035 2670
415 4500
647 4062
785 3950
262 4332
359 2851
48 3986
148 4258
2484 4099
1113 1382
367 4305
2389 3849
831 4356
338 4359
2286 3479
137 1027
247 3873
673 4034
135 4245
644 4358
433 4336
105 3939
1522 4268
772 4471
2128 3979
792 4060
631 4377
834 4403
32 4177
793 3981
255 4077
620 4288
423 4163
368 4212
2 4060
120 4333
353 4033
1216 4351
258 3941
359 4086
402 4107
337 4118
728 4013
201 3974
464 685
1809 1972
495 3901
11 4019
216 4211
489 4499
567 4107
42 4007
137 636
423 1366
802 3944
246 4282
49 4055
419 3843
614 4300
189 3963
761 4095
875 4340
295 642
518 4253
802 4194
2601 3309
343 4444
616 3848
98 4230
263 4039
384 4258
323 4065
693 4268
681 4099
548 4098
249 2773
611 4015
248 3869
246 2903
269 3930
647 4392
215 4281
148 4010
2654 3960
820 3891
503 4443
2295 4163
454 4271
980 1220
321 3995
34 4403
36 4473
1515 3123
1824 2885
329 4310
186 548
2345 3131
685 4371
143 4224
164 4302
4213 4415
296 4429
131 4255
878 3980
441 3839
803 4338
510 1727
827 3859
761 4156
845 3910
540 4521
457 4098
304 3864
716 3418
219 3907
800 1146
1411 2406
338 4488
140 4232
282 4415
393 3902
621 4202
512 4406
563 4046
245 3981
3314 3908
676 4029
449 4436
1387 2299
459 4393
343 4078
639 4397
612 4391
480 4319
525 3894
816 4054
1263 4512
491 1363
3963 4261
558 4101
89 4519
1943 2848
149 3853
415 3844
550 4445
766 4092
589 4264
650 4364
388 4166
42 3948
2931 4149
402 3846
845 4282
124 4433
23 328
455 4140
352 3989
482 4162
84 4391
740 4320
1067 3175
434 4445
255 3940
68 4051
419 3982
660 4057
171 4375
1367 3918
596 4257
116 4306
458 4189
543 2083
3689 3955
262 4449
686 4432
803 4161
791 4140
36 4476
174 4025
41 44
1000 4436
777 4010
355 3842
624 4400
510 4468
707 3964
560 4157
326 4257
1550 2222
239 4412
720 4437
1991 2763
497 516
1833 3008
86 3983
89 3986
1167 3012
811 4028
578 3902
562 3878
801 2864
2785 3274
950 4451
371 4309
91 4042
99 3869
774 4137
33 4119
609 4088
1559 3700
408 3862
360 3995
456 4172
761 3945
575 4226
137 3995
863 4158
460 572
899 4238
3083 3733
1077 2209
804 3975
372 4049
812 4488
2222 2534
281 2923
49 4376
112 4440
285 4407
1955 3252
828 4065
242 4143
452 4073
88 4356
272 4517
324 4455
699 4067
247 4304
691 4175
476 4382
731 4019
110 4375
824 4157
835 3985
489 3873
706 2755
739 4152
658 4093
777 4081
400 4008
2097 2648
80 4332
3058 4422
549 4487
597 4002
874 947
842 1960
560 4233
46 4466
2663 4227
730 4056
285 1159
525 4488
171 4123
1893 3759
1303 4324
473 4332
349 4100
2502 3325
89 529
307 4470
646 4217
316 4139
793 4403
152 4088
602 4384
233 4173
702 1885
128 3921
540 4102
1447 2980
207 4088
2072 4120
3387 4500
15 4343
833 3882
773 4062
817 4020
574 4022
729 4052
3245 3317
418 3885
836 4052
40 4046
835 4275
278 4237
2270 3437
407 4136
551 4236
635 4223
125 4046
155 4449
203 4395
110 4348
218 4422
757 4218
891 4517
510 4449
815 4123
1998 3588
1506 4408
136 3871
71 3971
21 4401
155 4007
454 4340
3012 4241
585 3961
617 2295
413 4215
675 4319
685 4022
698 4164
850 4431
1232 3146
2846 3245
1862 3850
798 4073
688 4434
275 4291
2886 4492
628 4082
2893 4462
37 4083
707 3982
557 1824
765 4148
299 4025
582 1861
29 4202
77 4040
469 4286
1339 1594
882 4288
503 4353
887 4467
623 2408
1601 3438
212 4345
513 4434
513 4116
32 3878
557 671
627 4061
107 4404
285 3886
207 4206
159 4459
768 4265
104 4318
2303 2304
443 3870
826 4275
801 4168
27 4063
3773 4280
3777 3895
227 3891
398 4452
291 4128
742 4521
890 4371
2261 4421
106 1899
726 4129
427 4192
499 2111
150 4048
885 4122
267 4345
602 4074
96 4294
474 2354
307 4064
281 4185
88 4257
471 4325
613 3295
763 4044
582 3922
126 3871
129 3943
636 4488
2108 3648
3202 4003
838 4101
2079 4382
208 3898
378 4373
1422 1942
1104 1505
685 4322
472 4493
2025 4016
1208 3306
772 4040
894 4413
1176 2875
71 4203
31 3962
2439 3146
779 2716
684 4388
223 4491
557 4008
428 4135
520 4471
427 3881
541 4111
4105 4181
742 3873
813 4236
567 4196
1 4330
447 4521
553 4118
1861 2400
1735 4132
138 4099
418 3945
419 4256
408 4308
578 4020
394 3917
314 4200
675 4313
257 4474
1672 2305
676 4482
660 3893
160 3848
896 3925
205 2284
476 4501
24 4093
632 4020
2742 3587
1024 1584
698 4320
260 4044
230 4404
404 4409
566 4504
2419 3241
982 1304
358 4441
148 4184
3163 3318
382 4448
3190 3287
766 3905
695 4060
855 4446
2936 3439
1395 2870
245 4476
869 3843
823 4486
230 4295
904 4373
1980 3890
27 3865
593 4402
1509 1675
421 3872
397 3990
497 3875
3373 3400
409 2074
1962 3365
4038 4091
118 1270
284 4021
614 4082
2057 3772
255 4032
5 4417
111 3981
180 3982
2529 2838
400 3981
1389 1781
601 4305
498 4495
1405 1763
811 4507
733 4080
170 4300
559 4379
460 4048
195 4332
176 4089
650 1520
2544 3940
3306 4239
2812 3329
2862 3615
1451 2842
502 1816
1130 3154
462 4088
400 4177
336 4199
183 4473
600 4280
673 3910
483 3951
827 3886
810 1793
214 4521
3912 4075
358 4174
1072 3606
1005 2086
733 4487
70 3886
91 3910
3951 4195
16 2365
705 4422
6 3253
3390 3614
365 3934
328 4255
783 4405
300 3996
148 4020
388 3893
616 4047
883 4132
1886 2159
300 4229
667 4091
2319 3755
818 4129
745 4325
875 4465
572 4460
536 4438
508 4049
702 1451
900 4519
745 4147
155 3972
477 4243
699 1236
317 4267
134 4363
235 4004
855 4446
1121 3081
144 3922
735 4351
71 4482
175 4302
194 3843
594 4506
754 4282
170 4128
724 4445
73 4499
826 4290
714 4465
35 1994
56 4151
317 4000
24 4065
24 4046
626 3919
639 4458
2702 3735
886 4013
2626 2751
351 3898
640 4410
79 4142
1754 4289
339 4251
3739 4355
664 4144
442 3814
623 2402
810 4356
595 3920
105 4268
775 4059
396 4137
3673 4133
1555 2584
562 3850
1880 3235
281 3869
2002 4294
208 4176
840 3960
316 4142
265 4370
880 4497
841 4516
185 4366
2227 2676
574 4024
156 4115
1899 2904
237 4080
132 4477
518 4408
844 3862
767 4388
511 4293
1738 3538
1268 2476
301 4310
630 4462
898 4273
888 4300
406 4105
103 3890
563 4318
285 4187
276 3874
409 4189
192 3512
144 4049
846 3975
21 4184
101 3902
644 1776
795 3911
640 3905
2246 3353
703 3942
1787 4068
853 3913
36 4007
1619 3231
520 4243
459 4104
801 4149
728 4295
270 4412
794 3438
17 4322
94 3961
720 4420
515 4294
1818 4409
425 4090
629 4344
435 4138
489 4250
900 4272
178 1870
223 4039
714 3911
347 4420
360 4057
320 4033
789 4316
565 4284
3377 4109
450 4481
452 4312
602 3875
1529 3796
339 381
186 4349
123 4203
603 4294
769 4400
2605 3972
221 4149
1242 1398
286 4004
66 3980
121 4254
723 4424
2633 2649
900 4441
407 3922
624 4347
149 4062
733 3684
210 4104
613 2848
624 3396
720 4301
529 4247
1886 4102
2901 3736
428 4112
419 4157
143 3885
691 4313
143 3879
403 4063
551 4148
529 3972
1878 4072
227 4434
612 3897
880 3804
561 3931
895 4507
864 4413
87 3934
675 964
1565 4483
840 4291
755 4398
3145 4487
1543 3148
252 4061
95 4352
828 2046
2000 3240
253 4355
1614 3100
611 3869
308 4493
723 4465
629 3184
114 3939
176 4450
297 4211
524 4440
459 4343
371 4225
2229 4008
273 3940
923 1539
165 4330
309 4130
503 3908
303 3957
538 4173
208 4099
33 4371
370 3998
686 3864
300 4114
6 4017
3067 4011
242 4085
1225 3106
747 4181
67 3868
917 1422
434 4193
47 4487
3099 3342
880 4432
15 3906
625 4429
2881 3037
338 4479
895 4404
227 3938
685 2796
1176 3216
380 4128
821 4168
524 3898
677 3881
655 2276
2683 4083
209 4321
1895 4105
706 3989
412 3910
4202 4476
2361 4045
466 4243
81 4433
302 4278
755 4014
212 754
1326 2936
3735 4117
718 4255
524 3120
445 4341
191 4230
135 3812
860 4140
708 4110
824 4358
41 4314
491 4289
217 4271
51 3853
202 4165
629 4168
236 4323
644 4212
714 2818
289 4401
5 3900
518 4362
354 3917
449 4485
735 3103
600 3963
792 3967
387 4141
2153 2723
283 4168
63 4227
911 3418
592 4162
222 3987
253 4337
1317 3212
354 4070
1649 1847
868 4413
1185 1205
541 4020
863 4002
1081 3796
2782 3654
70 3853
644 3941
300 4120
869 4310
1501 1901
79 3527
178 812
83 4196
378 4272
563 3866
544 4062
207 3957
421 4048
512 4502
4160 4459
117 4134
445 3859
1721 1973
1308 3960
2524 3578
2208 3113
378 4177
265 4283
929 3861
718 1062
587 3903
1652 2903
779 4464
578 4228
622 4426
567 3922
699 4047
302 4074
208 4190
283 4155
408 4474
53 4178
987 2484
788 3773
528 4420
105 4161
179 4024
237 4246
3253 3637
512 4155
998 3314
316 3230
472 727
517 4225
32 3987
570 3845
432 4510
512 3911
903 4205
212 3866
1428 3869
772 4348
132 4065
426 4038
2217 2510
215 4418
39 3947
204 4390
488 4136
3193 3421
1697 3667
872 4518
403 4466
668 4297
840 4361
630 4456
168 4507
510 4045
719 1505
293 4124
3082 3120
886 3862
165 4335
676 4100
927 2976
376 4105
51 4470
712 3930
551 4472
215 1022
7 4213
722 4049
458 2448
522 3890
269 4480
627 4143
137 1333
383 2242
647 3971
389 4360
308 4165
164 3917
2065 2080
618 4139
879 4410
1794 4392
327 3886
774 4337
3012 4345
2407 2788
433 4445
569 2811
2120 4125
386 4224
680 4122
27 4394
260 4050
710 867
42 2634
219 4090
538 4152
39 4252
3125 3314
1079 1746
2719 3897
539 4048
433 4427
590 4243
324 4013
890 3957
1032 2501
367 4064
738 4356
1725 3022
720 4002
2229 3213
2048 4271
232 4285
226 4068
1984 2113
221 3452
122 1346
655 4014
461 3864
547 3968
166 4086
86 4200
3302 4293
203 4213
602 4068
2110 3526
688 4516
701 4331
661 4302
639 3979
125 4264
1179 2605
647 3901
390 4067
892 3918
380 4498
21 4505
1182 3195
394 3898
3206 3334
137 4384
924 1924
897 4274
2803 2899
718 4275
340 3956
1672 4230
26 4486
249 4283
509 4316
711 4414
846 3849
46 4356
641 4090
25 4063
813 4343
1238 1862
3962 4290
197 4011
869 4278
680 3981
655 4377
753 4244
120 3945
181 4369
277 3957
391 4230
428 4093
302 4115
338 4275
201 4333
599 3874
63 4372
21 4096
720 4460
521 4006
453 3925
187 3979
302 4249
378 3837
446 3943
3171 3332
4209 4345
142 4478
139 3915
106 4137
462 4097
406 2888
35 4124
290 4501
3535 4427
1755 4120
815 1837
501 4307
236 4211
1566 2989
1315 3244
239 3873
1640 1860
387 4410
798 4267
898 4225
630 3946
471 4066
232 4203
352 4124
21 4155
3378 3843
881 4392
436 4291
132 4010
559 3741
816 4043
339 4340
1293 2916
676 4143
188 3901
886 4281
620 4283
1987 3047
204 4459
2635 4415
267 4502
601 2908
307 4265
757 4436
412 3026
1406 3649
407 4086
246 4168
1529 3402
653 4075
3307 4395
1568 3331
2676 3622
192 3986
295 3878
349 4422
763 3865
211 4324
893 4499
379 4370
33 4441
359 4446
41 3933
77 4254
305 4164
50 3101
9 4003
1861 2139
64 3957
851 4429
416 4187
338 2070
2170 2213
511 4469
377 2715
746 4492
1089 2557
26 4468
761 4372
869 4324
62 3995
676 2730
861 4486
2833 3592
324 3717
313 4017
51 4459
1854 2393
293 4087
736 3861
308 3859
472 4515
434 4053
102 4490
91 4375
659 4491
148 4457
1154 3337
357 4162
1 1160
470 3864
1377 3665
106 4399
1248 1860
694 3833
510 3948
1325 3524
1120 1941
3128 3799
3497 3797
702 4373
1489 4236
777 4025
199 3464
317 4142
805 4129
1377 3614
1289 3431
2114 3328
2780 4129
268 484
34 4189
424 4209
892 4324
390 4241
787 3937
256 4326
4094 4367
687 4280
218 4075
380 4119
582 4262
1284 1896
263 4001
563 1088
246 4433
140 4087
202 3960
388 4115
2399 3454
32 4392
640 4341
336 4515
515 4038
406 4460
210 4207
900 4046
230 4446
192 3993
249 4062
855 4142
220 4064
513 4300
816 2382
793 4262
644 4192
697 4218
456 4431
770 3940
878 4468
342 3853
1938 3562
6 4262
146 4295
2420 4243
1933 2341
3224 4302
879 4211
642 3922
1954 3016
59 3922
708 4051
99 4167
505 4017
815 4017
416 4121
689 3777
581 3979
321 3975
549 4429
188 4417
432 4494
609 4504
235 4421
823 4253
2257 2532
1610 2530
380 4337
1111 3877
711 4281
643 1912
1150 1568
1284 2323
1197 4251
569 4148
722 4372
546 2291
693 4068
433 3995
3719 4382
2202 3256
2613 4441
154 4219
44 3924
621 4369
1289 3419
330 747
222 3990
4 4334
170 3242
489 4475
606 4182
32 1958
205 4250
1680 4220
826 3873
208 4357
60 3921
713 3566
1858 1991
1192 3660
259 4431
283 696
1152 4369
109 3877
590 4258
185 4091
524 3936
812 4215
625 3934
348 1082
890 4206
826 4411
293 3920
1334 3650
568 4307
1382 3900
480 4290
768 4401
750 3341
456 4272
1933 1973
394 4385
685 4097
2118 3679
767 4335
2146 2383
2406 2425
85 3937
1622 4474
2454 4106
2548 3111
814 3977
439 2168
19 4044
529 4417
565 4407
683 3942
839 4379
277 4162
795 4288
386 4124
674 1889
1903 3367
847 4062
3341 3424
110 4516
3077 3178
24 4364
508 3696
492 4179
130 4100
1638 1838
408 4192
396 4466
252 4241
123 4455
94 4483
420 4303
16 4322
2811 3488
58 4478
1893 2049
2582 3184
319 1421
200 4122
732 4151
737 4460
102 3962
11 4217
3273 3750
167 3983
855 4488
240 4125
288 4422
2163 2934
45 3907
328 4048
13 3972
324 4149
426 4156
495 4161
479 3963
1629 2725
736 4519
12 4008
721 4248
135 4478
603 4321
2174 3808
1707 2151
1295 2933
848 4109
751 4421
136 4156
162 3951
667 4271
598 3866
99 4380
1193 4521
252 4473
444 4102
654 1183
690 4501
201 4095
346 3892
901 4364
274 4013
468 1611
380 4309
625 4261
414 3543
554 4236
2973 3549
1420 3393
617 4077
57 4004
84 4493
204 4041
352 4364
568 2633
167 3916
3980 4418
2250 2833
111 2695
432 4331
559 3896
673 4464
1620 3086
411 4506
1560 4235
370 4424
1030 2428
3079 3435
2148 2443
47 4004
588 4106
872 4053
409 4183
156 4028
508 4329
472 3989
1838 3207
95 4248
620 3894
850 3914
119 4408
277 598
800 3633
1393 4020
855 3932
14 4161
717 4165
618 4118
343 4174
558 3963
756 3898
137 4283
18 3869
1397 2927
774 4053
370 4291
360 4295
2999 3275
1288 2670
600 3863
19 4144
2677 3051
140 4483
140 4048
208 3894
600 3990
571 1515
704 4376
216 4329
51 4509
172 4277
521 4114
1222 4114
3786 3947
130 4053
2200 3068
163 3856
425 4420
547 619
414 4271
800 4412
656 4038
74 3867
323 4358
38 2217
766 4182
2611 3855
225 4004
33 4484
843 3912
2436 3269
636 4066
190 3886
868 3916
65 4157
467 3844
388 4202
485 4458
177 4075
893 4146
321 3846
341 4031
787 3918
861 4262
682 4066
551 3845
429 4042
834 4419
213 4139
382 4490
874 4214
1774 2802
125 4047
340 3991
709 3852
638 4030
2293 3761
751 4317
650 3154
854 4410
708 3845
677 4504
92 4515
495 4172
456 4046
10 3912
851 4230
307 4249
207 4507
456 4001
435 4463
844 4167
811 4397
275 3897
352 4078
504 2967
576 4358
715 4340
383 2489
9 4226
2014 2227
630 4071
540 4192
513 3961
641 4275
619 1207
1398 2393
450 4007
726 4335
88 3995
162 4038
711 4480
435 4229
204 4296
1407 2866
254 4011
829 4402
112 3352
125 4409
2230 4204
1429 3041
384 4384
551 3914
683 4155
312 3913
65 4521
448 4292
2343 2549
498 4248
366 3910
518 4078
149 4423
861 4426
561 1422
875 3936
3842 4252
336 3724
687 4488
215 4487
11 4034
304 4151
403 4302
681 4243
718 4164
2736 3600
1108 2829
3551 4130
243 4491
876 4290
1737 4001
606 4468
739 4102
280 4007
1523 2151
1047 4223
362 4381
2634 3642
2805 3508
1550 3664
205 4488
841 4280
155 4211
889 3038
3595 3972
618 4149
678 3962
2127 3744
587 4271
1452 3446
840 4009
1448 2326
2657 4248
270 4095
2288 3974
172 2753
141 3963
1054 3808
570 4052
702 4457
226 3869
4158 4316
456 2060
489 4245
473 3846
1961 3914
32 4404
175 3877
598 4040
114 4079
820 1765
219 4304
659 4425
3462 4128
288 844
446 4481
794 4045
436 4113
156 4473
860 4376
181 4355
611 3950
690 3942
22 4393
750 4018
813 4159
776 1157
68 4169
356 4152
48 4246
301 3850
858 4418
2834 4239
63 4392
1792 1870
45 4397
532 4497
486 4514
639 4163
702 862
401 4277
730 2439
247 4308
716 4018
620 3934
2642 3721
464 4457
471 2611
595 3927
151 3966
3343 3420
1024 2047
520 4293
195 4483
594 4515
168 4251
385 4240
3465 4151
629 4081
592 4290
470 3963
955 1542
1584 4116
418 3950
848 2018
337 4158
327 4165
687 4226
779 4244
231 4498
163 2324
407 4289
285 3991
507 4471
2668 3286
83 1099
731 2767
254 3912
2931 3757
287 3988
322 3855
387 4232
855 4400
198 2819
842 4201
13 4136
2492 4422
132 4502
413 4386
297 4257
3164 4201
7 560
2099 4069
429 4329
1732 3096
735 4070
860 4455
3478 3934
87 4092
380 4478
2844 4388
533 4071
95 4253
725 3353
297 3947
319 808
9 3967
571 4484
512 4066
670 4352
270 3936
618 3939
513 3759
3240 4507
903 3192
1472 2146
697 4398
485 2936
3911 3972
2207 3874
1132 3604
794 2840
523 4329
637 4129
218 4164
899 4125
1997 2536
1163 1382
623 4340
3224 4180
598 4432
171 1493
251 4516
802 3933
347 3967
191 4145
719 4186
245 649
957 2248
2279 4288
873 4502
1982 2015
498 4353
664 4236
1636 2175
375 4192
1850 3506
130 4122
591 2537
766 4185
566 4177
168 4270
336 4310
1741 2690
282 3955
583 4217
271 4287
349 4186
146 3020
89 4375
227 4385
769 4341
209 4230
790 4136
239 4312
918 2567
3413 3747
157 4078
575 1766
1156 4007
515 3933
568 4461
288 4416
2195 3718
555 4432
769 4069
3481 4089
767 1928
710 4223
1733 3854
45 4466
377 4002
569 4183
190 4079
528 1788
672 4052
88 4345
966 3532
207 4394
282 4221
689 4144
1911 2547
348 3998
741 3886
512 4225
20 4467
169 459
2654 3352
2194 4102
106 4102
379 3299
559 4461
159 342
509 4193
290 4123
747 4165
438 3910
1524 3070
748 4320
181 3993
262 3990
335 3950
2754 3944
41 4059
898 3863
82 1559
1646 4366
868 4454
800 4037
530 4361
1582 4472
672 3867
580 4224
135 4238
3101 3603
162 4422
2688 2699
347 3912
582 3022
519 3932
609 4437
3301 3696
875 3875
6 3854
1127 1588
612 4095
302 4494
644 4099
511 4266
385 4052
879 4283
2069 3021
388 4465
554 2178
643 4124
312 2340
33 4355
575 4242
327 1167
1399 2339
52 4363
513 3872
549 4051
2460 3631
51 4215
807 4319
556 4161
1257 3859
581 4513
820 4463
697 3957
731 4261
852 3980
628 3858
540 3848
378 4103
1142 3674
425 3866
717 3986
498 4516
2855 3198
851 4411
899 3927
266 4044
385 4316
680 4007
3378 4098
2122 3488
494 4283
1007 2861
526 4474
769 4052
468 4022
480 2343
117 4076
229 4005
626 4301
420 4480
491 4300
351 4486
2528 4138
91 4447
634 4386
860 4367
459 4252
3470 3910
577 4482
1960 4010
699 3859
57 4124
661 3951
820 4284
283 4143
358 2863
887 4050
416 4464
1087 3253
763 4085
294 4161
618 940
242 3971
332 3852
106 2151
221 726
671 4134
573 4033
85 4038
342 4434
1289 4361
2974 4493
249 4020
2031 3854
266 4514
191 4110
468 4027
543 4137
537 4253
223 3865
584 3910
833 4077
3418 3959
749 3980
95 4301
783 2579
548 3915
641 4479
1123 3206
467 3914
287 4363
335 1731
3084 3561
639 4277
2468 2961
26 4463
82 3875
208 4295
426 4182
669 4226
1647 4375
543 4158
1537 2299
493 3993
306 4074
799 3955
2544 3825
3483 3938
2815 2898
1753 3909
2384 4044
756 4425
1225 4277
788 4063
303 4469
899 4290
2625 4105
488 4082
268 4418
847 4286
62 4421
743 4320
754 4429
1154 1298
269 3974
227 4347
2394 3854
165 4084
312 4081
566 4270
2090 4044
439 4452
487 4048
3503 3876
732 4003
1732 2853
899 4276
889 4046
87 2102
80 4482
800 3589
818 4520
168 3464
488 4224
95 4250
1151 4160
438 4264
590 4023
1452 3071
903 3966
258 3870
593 4237
430 4219
728 4264
279 2439
1675 3003
973 2187
772 4167
41 4024
285 3887
332 4113
203 4093
27 3962
3651 4100
70 3810
153 3120
220 4006
640 3944
258 4213
563 4323
904 4029
583 3951
4092 4517
283 4388
743 1228
227 4204
457 3105
324 4421
2711 3936
244 4412
437 4084
1477 2364
2922 3962
723 4319
474 4077
520 4127
59 4385
106 4037
864 4277
827 4113
280 4220
667 3956
231 1341
857 3344
110 4180
414 4325
736 4166
284 4076
4264 4439
1993 4460
328 4140
149 3807
613 4133
3541 4089
703 4115
12 4020
310 4136
529 3865
775 4073
656 2538
425 3971
402 4166
829 975
2527 2610
466 4046
820 4400
2 4481
138 3891
250 4327
2116 2606
2332 2766
809 4200
763 4082
869 4261
2879 4142
2425 3545
77 3878
559 3876
793 4485
112 4368
2246 2922
178 4327
605 1550
390 4051
497 4430
1144 3011
45 4402
287 3943
470 4264
868 4117
190 3948
585 4222
191 4292
718 3995
576 3844
337 3911
215 4040
445 4435
115 4448
2 3952
122 4247
385 4030
451 2238
572 2828
169 4286
884 4011
619 4158
826 4203
95 4286
494 4408
550 4447
400 4369
90 3994
370 1547
263 4082
805 4476
595 4503
3831 4179
649 1955
738 4398
338 1078
92 4261
238 4307
227 4304
517 4143
898 4224
49 4338
155 3859
899 4225
176 4179
2181 4219
3263 3961
28 4438
345 4507
409 4187
885 4364
91 4251
1790 2269
740 4214
45 972
490 4430
634 4177
773 4339
213 4043
153 4155
694 4099
293 4512
264 4126
252 4042
2393 3559
842 4202
785 4143
400 1867
242 4227
716 2654
786 4055
286 2402
694 4322
272 3975
485 3941
303 3915
85 4187
286 4488
132 3890
817 3288
676 3998
264 436
1259 1758
763 4355
712 4025
114 4164
685 3968
1723 1946
2500 2641
871 4305
443 3992
821 4122
496 2564
223 3872
491 4049
260 4187
585 4194
40 4452
642 4072
473 4494
71 1130
2372 3584
371 4430
1011 2381
66 4086
18 3958
1710 4365
1968 3131
1841 2105
2497 3611
291 3984
239 4425
2021 3024
1388 2896
4061 4341
1643 2464
168 4246
1659 3406
683 4096
83 4085
1160 3407
604 3847
628 4476
14 4425
691 4139
2165 3713
704 2073
580 4416
353 4063
175 4274
603 4435
851 2145
614 4288
671 4421
486 4241
3467 4484
516 4100
617 3927
586 3869
81 4262
460 3999
727 4371
1030 1986
176 4048
2320 3057
593 3899
2293 3513
9 4366
2185 4337
819 3913
674 4018
974 3191
296 4036
1854 4270
1665 2890
3557 4437
795 3967
1483 3611
2843 3689
287 3929
2718 3298
713 4163
765 4258
424 4378
552 4189
319 688
46 4016
2158 3657
388 3866
348 4334
189 4208
1488 1562
349 4227
141 2896
3470 4289
723 4018
1886 3839
152 4241
348 4341
861 3899
389 4102
602 4040
484 4076
1657 3089
606 4046
502 4326
54 4470
420 4402
559 4156
184 4454
1343 1767
1953 3578
438 4494
902 3922
3723 4136
869 3847
76 1046
1164 4093
241 4313
972 2340
479 4506
107 4173
750 4262
207 4163
234 3930
825 4387
596 3880
21 3999
852 3198
247 3884
1022 3424
474 4043
772 4455
684 4226
531 4512
637 4155
496 4497
506 4270
391 511
505 4311
252 1645
894 3892
398 4308
600 4209
588 3963
287 4094
757 4514
515 4434
594 4142
825 4319
268 3893
741 3988
314 4393
387 4070
752 4039
2892 4198
296 4321
51 3881
174 1355
563 4293
507 4132
742 3974
264 4229
281 3926
501 3885
35 963
677 4123
69 4161
502 4332
517 4024
599 4345
539 4513
1322 1420
3114 4213
736 4120
467 4418
656 4325
83 3986
294 4067
850 4377
886 4257
289 4160
2012 4396
312 3920
58 4448
315 4039
2555 4490
202 4493
894 4136
285 4181
378 4443
677 4029
2869 3353
296 4377
48 308
174 4103
637 2301
536 1984
3466 3802
3019 4087
190 4374
973 2092
257 4115
619 3327
100 3402
3663 4418
758 4186
958 2362
633 4501
110 4496
157 4073
1225 1704
339 4093
302 3869
844 4436
716 4360
528 3901
770 4106
419 4277
80 4228
380 1840
608 4414
523 4240
2451 3031
901 3990
868 4015
1570 3791
210 4503
245 4315
507 3911
1534 2002
116 4238
661 4051
643 4351
281 4299
348 3978
868 4470
732 2624
216 3911
429 4372
804 2788
314 4307
544 3889
1296 2779
823 4304
204 2695
2238 3394
1604 2976
515 3970
289 4412
820 3983
583 3988
208 2254
197 4121
794 4108
360 4375
82 1516
513 4329
166 2485
190 4292
619 3971
468 4230
595 4381
2224 2296
445 2738
828 4129
502 3946
172 4207
510 4333
35 3853
830 4345
33 4118
375 4279
2562 3411
96 4122
270 4325
113 4180
901 4393
734 4264
419 3936
11 4142
638 3030
825 4159
1558 3045
3304 4222
1141 2474
654 1153
412 3851
657 4201
101 3987
577 4191
744 4501
4106 4186
665 3976
355 4242
29 1837
91 4434
651 4157
881 4480
1627 1857
2353 4514
286 4072
1227 2538
735 4489
1708 2145
3807 3872
388 3783
400 2391
1402 4515
2404 3362
93 4294
2190 2802
51 3713
105 632
475 3885
357 3974
858 4061
41 1850
402 4327
431 1033
1116 3277
792 3904
115 3868
376 4408
735 4312
2823 3399
713 4214
427 4151
2260 3553
331 4096
832 4138
412 4403
780 4076
633 4434
1274 3344
2367 3943
5 1194
425 3917
1507 2521
762 3905
327 3926
115 3998
1047 4225
1680 2897
338 4104
296 4016
370 4099
725 4390
2001 3915
1209 3372
10 4053
238 3887
757 4051
1234 1926
366 4342
2504 3315
395 3888
442 4411
185 4173
2823 3149
780 3875
660 3847
659 3955
105 4213
1588 2350
760 4035
1869 3906
1565 4263
558 618
1983 3855
61 3943
25 4398
2819 3696
285 4048
395 4028
697 3259
638 4083
819 4433
655 4438
1265 1724
640 4024
314 3852
3440 4147
334 4339
299 4033
820 3090
641 860
1364 2206
1461 3426
1352 3964
770 3897
869 4112
55 3941
355 2142
471 4038
500 4108
93 4166
500 4283
757 3885
518 4420
266 4096
646 4469
2525 2912
830 4307
1054 3962
1725 2260
712 3930
2799 4103
172 4234
158 4008
225 4402
673 2119
115 3920
734 4450
6 1101
763 4221
824 4296
381 2356
289 3258
1219 2219
636 4181
951 2658
787 3063
3475 3634
772 4130
1578 1924
734 3968
663 4036
393 3896
702 4241
90 4085
294 4410
465 3910
564 3903
2381 4311
780 1753
1700 2497
869 4426
210 3867
133 4096
8 3908
191 4495
2024 4133
611 4171
292 4424
601 4141
345 3580
847 3988
383 4505
3566 4183
1689 2635
662 2709
161 4261
258 4076
627 4120
864 3861
2233 2372
895 4474
570 4287
75 4367
813 4014
1402 3695
1369 3627
689 4045
2315 2362
600 4169
476 1021
298 3957
331 4062
150 1034
3096 3722
251 3949
1019 3598
878 4520
487 4394
627 1578
742 4069
298 3995
935 4356
419 4046
7 4479
217 4150
325 4334
378 4417
219 4191
207 4000
3638 3679
299 4308
1075 2123
108 706
384 4375
180 4305
1973 2958
274 4349
205 4216
498 3892
1710 3172
333 4236
529 4162
153 4499
1464 2113
2706 3241
730 4518
2071 2664
2457 3408
859 4417
423 3868
158 3958
1179 2047
418 3952
2287 2822
178 4045
534 3987
21 3865
335 3882
643 4255
191 4022
3070 3150
622 4025
779 3895
1521 3113
820 4369
271 4140
335 2606
617 3884
145 4008
169 4397
1536 4445
762 4186
111 2722
737 4349
2410 4264
587 4331
415 4418
504 4519
496 4095
673 4375
236 4199
831 4219
326 4311
1637 3334
612 4274
394 3922
815 2381
321 3854
847 3911
290 3957
526 4142
462 4303
267 3910
627 3936
840 4461
2389 3093
32 4372
369 4276
792 3843
632 4335
340 3887
714 3977
463 3904
657 4493
295 4021
329 4331
582 4362
107 4263
288 4289
2961 3500
327 3954
15 3915
419 4267
1919 2789
1235 4041
712 4071
698 4002
49 4004
490 4142
323 3875
1296 4297
332 4097
485 3918
935 2846
562 4045
563 904
55 2528
588 4175
28 4044
455 4124
468 4145
778 4193
235 4146
2562 4470
567 4209
1273 3277
3509 3752
246 4261
741 4371
1357 2929
690 3920
489 4225
462 1398
2374 4029
77 4108
37 4104
336 4300
3 3879
433 3897
312 4335
600 4520
2260 3769
503 3868
171 2712
2007 3982
1302 2653
273 3894
410 4091
885 1182
821 4002
664 4249
367 4085
771 3985
476 3932
84 4221
477 3879
1265 1691
248 3912
57 4028
1119 4273
287 3567
2014 2696
387 3946
958 2216
494 4219
26 2689
597 4472
190 3858
68 3874
389 1557
164 4424
1480 4272
125 4464
124 4463
2375 3388
2624 4503
735 2385
1720 3822
720 751
1964 2041
713 4375
2838 3109
226 2914
109 4420
323 4191
524 3943
247 4276
2972 3304
232 2076
185 4254
2477 2858
3007 4012
720 4306
643 3965
729 3617
797 4351
51 3895
529 4329
319 4066
563 3942
416 3916
214 4027
804 4193
639 4395
2834 3627
1354 2273
228 4399
87 4124
730 3866
90 4335
518 2275
361 3848
383 4496
594 3995
638 4320
439 4167
725 4111
36 3693
220 4200
4096 4244
692 4305
597 4361
833 2871
1199 3758
230 4078
229 2350
1176 2430
355 4482
677 4329
3028 3231
664 3902
396 3902
391 4469
553 4125
660 4214
3833 4424
749 4452
111 3666
113 4130
877 3856
1187 3824
482 4078
779 4217
744 3871
779 4062
464 1790
1778 2109
2115 4287
728 4103
433 645
592 3908
798 4000
894 4087
310 4043
55 3909
211 4237
253 3881
275 4339
1393 2313
107 3911
708 4365
341 4242
2036 3626
1737 2797
363 4154
1235 1377
610 3997
1277 4215
434 3846
125 4091
816 4108
557 4194
68 4245
119 4201
759 2048
31 3919
468 4417
448 4493
427 4444
87 4044
286 2749
160 4202
521 4395
566 3969
55 4054
595 4422
3048 3702
595 4211
2953 3945
366 3096
1866 4300
433 4286
899 4148
1496 4513
3778 4499
315 4269
885 4434
738 4395
716 4024
594 3952
679 4487
793 4407
2787 3482
17 4272
835 4125
267 4019
252 4475
591 4004
896 4037
36 4408
586 4476
630 3912
415 4275
487 4105
599 4221
486 4105
1010 2597
637 4454
409 3931
408 3850
756 4187
184 4386
150 4394
580 3887
166 4482
788 4328
754 3883
684 4434
525 4513
550 4519
1211 1390
2011 2763
2767 2803
666 3902
261 4131
134 1544
476 4198
187 4362
559 4173
822 4358
170 4256
470 4144
2300 3837
98 3985
921 3002
789 4234
170 4054
373 4357
36 4467
361 3901
44 3842
883 3858
13 3874
310 4384
146 1261
845 3855
811 4383
572 4252
1539 3413
92 376
128 4282
88 342
903 4112
376 4137
893 3973
810 3774
543 3859
465 4442
424 4163
104 4208
2718 4321
1439 3422
245 4429
838 4473
567 3925
1777 1864
238 4435
1411 3595
134 4303
363 4228
572 4367
3330 3416
521 4390
843 4204
547 4258
3623 3825
871 4420
637 4024
703 4224
706 4409
2765 3397
687 4200
1281 2434
3248 3809
248 4036
836 3866
21 4122
251 4199
708 4510
168 3971
725 4070
137 4237
781 4173
42 4296
401 4044
653 4146
893 3977
735 4012
913 2041
101 4304
112 4192
523 4082
219 4236
666 3968
561 3875
161 4272
78 4128
5 4399
403 4334
434 842
515 3997
1277 3612
15 3897
838 3881
972 3963
566 4140
141 4324
328 1806
1584 2963
351 4127
47 4438
537 4253
760 3881
353 4063
1395 1750
582 4412
405 4341
1213 4312
260 4346
2035 2073
898 4124
2812 4208
943 3935
96 3953
940 2543
209 4052
366 3905
2779 2809
1782 2586
331 4521
1214 1560
718 4508
428 4367
988 3590
3718 4294
288 3992
1312 1461
1 4049
704 4331
130 4348
817 4166
313 4483
589 2506
473 3989
46 4098
893 1027
689 4435
524 3859
384 4383
127 4338
743 4003
1 4381
259 4490
430 3954
699 3994
3104 4020
313 3796
761 3888
554 3992
972 2158
483 4208
3777 4331
1899 2493
859 4288
617 4393
3222 4233
488 3941
546 4280
279 4273
43 4304
1036 4254
875 4482
47 4298
113 4321
454 4043
594 3871
116 4253
149 4202
51 4150
72 2664
561 4327
174 4267
221 4317
436 4154
474 3844
895 4158
209 3954
642 4246
727 4481
431 4355
14 2709
199 4190
321 3934
364 3900
828 1336
904 4234
242 3986
241 4001
449 4081
406 4296
267 4326
750 4506
369 4186
298 3968
2062 2996
448 3975
690 3453
3407 4095
3270 4022
748 4144
1011 1551
634 3900
325 3939
826 4398
31 4173
905 3266
612 4051
221 3945
632 4406
3051 3251
548 3985
277 4383
67 4495
79 4152
895 2129
241 4080
822 4475
266 3940
579 4515
373 3957
1795 3548
721 4224
871 4072
389 4182
800 4063
1749 2650
503 4424
781 4147
172 3994
1909 2431
1949 3598
2832 2922
307 4191
1397 4180
601 3950
74 4488
3938 4205
330 3806
99 4099
2053 3816
8 4242
326 3370
1937 4052
517 4115
253 4506
2476 4299
78 4046
895 4318
1887 2439
1081 1985
489 3909
855 4193
496 4319
799 3980
852 4162
808 4188
2610 3040
156 3849
534 3402
564 3855
431 3899
662 1985
110 4338
297 3986
669 4113
216 4455
34 3868
411 3962
415 4159
552 4397
747 4474
494 4063
581 3869
3435 3841
242 3981
683 3614
588 4104
888 3760
239 4443
505 4442
290 4290
583 4369
257 4431
589 4240
284 4373
358 3559
350 4396
185 4454
106 4132
65 4193
148 3873
2044 2766
165 4399
610 4043
489 2048
756 4051
340 4269
1190 2712
1057 3025
781 4356
770 4296
16 4358
759 876
1200 1550
485 4464
746 3988
634 4419
128 2622
1146 4230
613 1105
607 4081
21 4441
749 4131
681 4520
312 4146
3434 4008
349 4511
454 2594
34 3882
1413 4128
259 4328
394 4288
75 3953
976 4121
449 3865
145 4015
273 4074
91 4270
451 4067
544 3932
832 4377
878 4146
801 4296
744 4335
559 4128
663 4268
850 4173
425 4461
761 4427
681 4268
2258 3606
1680 2712
344 4181
573 4465
51 3865
73 3998
69 4187
725 3973
84 3966
405 4457
927 2366
2926 3624
474 4323
699 4077
857 3885
330 4010
854 2638
45 3942
2232 3807
164 4195
374 4116
29 4409
312 4253
2433 2678
32 4039
23 4390
527 4123
578 4229
784 3453
793 4428
58 954
467 4498
854 4003
319 4027
837 4473
627 3905
400 4363
296 4079
623 4119
659 4105
889 4446
815 4352
3644 4198
382 3972
132 4159
1004 2224
526 3887
1542 3456
544 4252
351 4086
836 4094
2723 4365
869 3867
356 3003
62 4369
2522 4370
261 3830
191 4339
5 4001
828 3880
2913 4194
302 2348
164 2141
413 4247
396 3983
2838 3576
566 4358
695 4149
93 4080
240 1811
29 4033
349 3885
903 4082
430 4459
1935 4456
896 3881
280 3790
386 3519
1332 3538
708 2886
549 4405
1605 3643
1576 4029
646 1139
751 4116
388 4444
74 3154
660 3885
336 3954
2908 4213
8 4505
250 1174
284 3697
401 4215
267 4182
784 4310
108 3864
229 4273
382 4151
285 4238
558 4402
11 3889
421 4227
368 4017
124 4053
320 4384
258 4244
245 4066
449 4020
223 4161
678 4308
837 3640
860 4317
1562 4112
497 4204
364 4314
167 2477
585 3845
488 4429
1277 4144
2064 2871
490 3924
623 4288
3224 3662
612 4148
72 3994
708 4047
327 4136
903 3868
721 4242
102 4051
662 3909
562 4289
187 4028
378 4432
2383 2809
3066 4067
101 4358
554 4329
2885 4340
715 3887
463 4085
451 4352
887 4334
442 4019
217 4138
96 4259
3023 3815
204 4176
258 3854
698 3944
665 4072
407 2572
558 4083
24 1262
93 4342
164 4210
594 4070
3584 4406
875 4205
437 4228
371 3956
197 2658
327 4032
495 3966
2744 3460
685 4231
298 3937
279 4157
711 4117
26 4488
698 3924
705 4481
197 4220
74 1400
411 4456
433 3925
111 4405
542 4474
428 4440
104 3867
818 4109
839 3880
96 4262
163 4409
728 4005
1688 3494
188 935
1067 2378
113 4393
479 4415
321 3876
75 4278
369 4120
367 4393
737 4255
1865 3607
788 4137
862 4274
498 4003
140 4200
19 3995
736 4380
68 2576
566 4131
1238 2846
573 4224
867 4116
747 4131
733 4079
1534 2177
298 3537
294 3182
1256 1722
194 4355
427 4311
779 3905
631 4413
744 4511
697 4260
842 2930
590 3965
3611 4224
405 4131
709 4463
486 4459
423 4220
477 4045
270 3878
737 4124
439 4065
556 4226
1068 4231
781 4313
340 2282
514 4163
779 3950
1191 1333
8 3076
826 2446
609 3861
507 4521
357 4324
227 4287
302 3879
297 4018
419 4135
2247 2869
2068 3975
56 3948
189 3618
128 2881
605 4286
11 4150
366 4083
310 4159
1334 2685
238 4040
204 3902
584 4415
123 1528
595 4103
613 4094
678 4514
227 4462
1231 3977
660 3663
534 3968
404 4189
4030 4115
818 4231
666 4021
2149 4407
156 3454
516 4352
469 4395
21 1601
80 4492
9 4035
633 4112
49 3871
875 3937
57 3388
663 4494
198 4134
471 3862
214 4263
472 4470
557 4403
220 356
162 3972
448 4411
2807 3170
29 4288
227 4438
590 4481
550 1603
519 4510
884 4036
414 4466
109 3187
113 4075
510 4453
534 4129
20 3962
125 4364
701 3988
292 4391
257 2881
365 4311
830 4118
167 4184
2694 4466
330 4451
704 813
469 4364
339 4187
1149 4483
504 2073
745 4411
523 3976
764 4385
471 3964
313 4148
633 4073
805 3956
218 4363
569 4111
780 1212
642 4312
108 4183
813 4325
519 4388
1353 4104
201 1348
559 4332
632 4383
151 4172
882 4013
896 4501
849 3846
24 4447
3588 3817
818 4083
1996 3008
316 4414
739 4230
625 4479
775 4099
675 4276
829 4432
360 4273
574 3872
1844 2280
20 3884
844 3878
205 3942
2574 4046
255 3986
695 2929
406 4435
827 3912
485 4037
2920 3489
1357 1436
13 3941
171 4069
632 4459
710 3955
35 4148
66 4416
638 2718
789 1509
829 4446
736 4452
1184 1782
150 4297
60 4242
586 4053
480 4056
499 2908
838 4095
2774 4175
568 3898
121 4475
92 4090
232 4124
735 3976
265 3991
3518 3586
265 4457
432 3982
745 4128
785 3396
910 1831
662 4285
117 3980
907 2660
522 4485
3126 4184
2449 2824
238 4192
1948 2001
750 4221
631 4392
3383 3610
159 4364
1489 2051
2116 4004
46 4221
535 4030
183 4242
104 4072
161 4429
20 4442
286 3901
2032 3848
617 4228
897 3854
1679 2489
663 4263
594 833
826 3867
668 3939
2302 2390
100 4333
107 3786
20 4175
2241 4295
682 3973
2843 4112
186 4228
189 4130
1445 2996
532 4511
108 3842
332 3916
2020 4198
512 4144
797 4376
8 4204
139 2936
669 1268
302 4152
521 4157
17 4359
116 4248
1472 3072
77 4129
2004 3008
704 4337
371 4278
102 3923
783 2226
1198 2857
526 4378
1558 1564
685 4501
111 4052
1267 2028
3163 3458
1166 2267
507 4161
328 4020
556 4426
50 2229
462 4372
321 2373
302 4510
588 3879
28 3955
534 4306
834 4048
551 4097
867 4161
197 4276
451 4369
1186 3416
343 4375
2366 4287
94 4175
2731 4296
579 4278
522 4358
687 4301
902 4472
725 4337
1748 3274
350 4063
4027 4481
200 4275
877 4077
2 4406
437 2556
1875 4226
510 4426
349 4040
229 4381
267 4189
416 4372
692 4426
540 4288
111 4503
418 4408
1915 2188
598 4263
770 4274
784 4268
1751 2454
562 4145
699 3907
328 4361
855 4148
729 4440
872 4060
586 3882
1447 1938
347 4055
656 4326
279 4327
778 4300
523 4031
145 3683
292 4518
342 4251
657 4187
63 4041
3236 3795
1119 2742
659 1415
724 4454
79 4097
104 4002
1452 4064
441 3905
472 4484
185 4388
1864 2235
326 4111
767 4154
4429 4481
185 4246
367 4197
437 4175
604 4430
828 4425
427 4260
622 4079
76 4415
891 4462
1338 4095
76 4395
46 3961
810 3999
577 4248
175 3979
841 4411
865 2716
168 4026
528 3926
856 4212
725 3983
414 4259
541 4359
1411 3865
503 4450
423 1181
904 4105
94 3094
685 4322
349 4027
193 2775
523 4149
1270 3852
530 4336
231 3861
527 3983
1993 4032
25 4337
629 4027
139 4445
362 4021
472 4248
706 4348
17 2983
1934 4030
349 4504
2539 2578
498 2028
3425 4060
307 3915
555 1497
639 4296
3467 3732
1585 2002
2164 4412
485 4262
305 4221
518 3884
505 589
13 4045
829 4212
86 3937
23 4443
634 4027
192 4255
844 4517
212 3844
3091 3148
316 4204
731 3881
576 4251
1083 3219
113 500
785 4073
459 3941
895 4415
605 3927
275 3992
88 1791
1321 1969
1738 2165
884 4438
527 3534
359 4188
725 3999
361 4222
327 4408
673 1722
471 3880
1870 3811
732 1927
528 4378
326 4167
1965 3054
2524 4300
830 3263
370 4367
165 3872
2425 4074
298 3919
812 3867
566 3907
274 4040
79 3892
471 4059
540 4519
745 4288
4055 4290
715 2856
639 2557
484 4103
477 4256
558 4149
5 4453
245 3952
364 3963
814 4400
458 4372
844 4194
1154 3966
215 3974
55 3973
1470 4112
714 4158
774 4092
211 4251
286 3846
834 4331
792 2822
2470 3173
570 2898
100 4431
321 4000
173 4359
994 1000
137 3969
526 4299
37 4323
298 4485
346 3974
607 4298
458 4386
487 4039
2345 2544
605 4437
849 4517
400 3925
203 3993
33 2098
885 4393
223 4269
360 4019
631 3893
437 4506
778 4279
1337 2038
608 3922
1230 1598
425 4429
875 1473
419 4236
532 4344
1689 2758
369 4221
329 4388
35 4403
703 4189
1759 2088
758 3846
2353 3796
350 4396
99 4022
143 3861
265 4034
1379 2862
2960 3136
29 4239
809 4351
477 4113
715 4044
346 3914
222 2884
565 4168
1452 3311
475 4379
540 4220
608 4164
164 4433
803 4392
465 2290
1050 1464
375 4010
131 4110
835 3994
109 4414
124 3947
2360 4125
533 3906
111 3913
126 2391
7 4506
2423 4125
3154 3406
202 4224
41 3879
291 3918
152 2701
472 1758
1557 1979
770 4077
3149 3631
813 3877
1759 3473
804 3940
256 4259
879 4403
334 4200
888 1822
248 4094
616 4101
15 3990
777 4159
239 3890
857 4141
282 2360
154 4444
517 3906
172 4133
420 4306
579 4310
339 3877
479 4333
61 4235
619 4342
1802 3092
374 4341
757 4186
641 3996
159 4302
640 4253
3919 4042
779 4491
754 4354
597 4493
2631 4052
3814 3977
62 4315
1385 2643
415 4255
698 4298
870 4417
676 4188
311 4485
613 4106
1242 1543
904 4024
544 4385
1106 3304
111 4093
180 1388
194 4168
902 3865
233 1460
64 3918
1286 3333
570 4287
650 4414
809 2524
508 3843
97 4339
101 4447
287 4190
2082 2341
903 4072
673 4180
185 2810
401 4409
373 4316
1098 2040
293 4098
163 4276
143 4463
1623 2298
784 4176
157 4173
1133 1511
2265 4373
265 4015
113 4075
631 4272
1473 4370
273 3813
818 3953
384 1942
606 4328
1027 1140
215 4041
73 4508
499 4117
471 4303
379 2344
707 1953
316 4420
424 4513
237 4204
2522 4029
631 3942
1758 3092
827 4338
697 4359
802 4148
653 4173
1830 3954
782 4130
35 1481
1046 3562
60 4024
308 4096
3293 4171
612 4154
672 4190
393 4396
40 3191
349 3991
716 3922
553 4223
702 4171
1135 4192
67 4446
450 4395
564 3918
18 3945
833 3027
216 4020
480 4290
250 4337
538 4080
568 4003
3775 4269
508 4266
446 4422
876 4504
391 4520
584 3864
80 4164
456 2316
821 4348
3783 4117
173 4434
400 3963
563 4519
517 4279
334 3110
772 4322
275 4518
608 4507
832 3989
529 4420
803 3976
57 4112
329 4002
622 4473
1793 2755
275 4078
840 4435
808 4267
1063 1693
414 4521
1108 3571
192 4130
797 4127
344 4389
395 4154
2040 3385
4138 4195
67 775
273 4017
520 2255
29 4256
867 4464
14 3861
385 4366
303 3995
465 2268
590 4349
1226 3769
773 4188
1258 4386
267 1274
476 3902
935 4173
83 4290
149 4083
1061 3131
215 4233
3 4090
151 4057
405 4076
898 1162
352 4321
209 4450
3 3804
557 4478
331 4455
136 4282
456 4467
85 4348
554 2939
1088 1181
1562 3211
181 3514
60 4475
624 4476
728 4278
3595 3713
1481 2809
699 4119
87 4082
142 4097
175 4156
87 4436
668 4424
307 4481
619 4135
900 4428
2076 2806
302 3973
895 4492
308 4381
935 4446
101 4482
899 4339
117 3850
894 4062
951 1735
1868 2157
5 4345
1362 3640
44 4359
624 4417
679 4015
385 4333
670 3966
564 4403
731 4103
997 4037
684 4205
68 4252
689 1380
892 4177
713 3918
609 3880
56 4408
826 4519
726 4154
223 4085
809 3923
523 4410
848 4405
847 4500
475 4485
563 4439
418 3456
285 4002
41 4282
372 4506
653 4241
669 4207
514 3864
325 2328
266 3965
322 4279
977 3096
3109 3924
459 2993
688 3939
2762 3880
618 4460
302 3931
1136 3662
557 3988
773 4377
1673 2205
793 3946
695 2815
257 4040
532 4264
576 4295
1918 4072
16 4241
629 3856
82 3888
2405 4142
651 4013
1317 2832
168 4258
295 4406
353 4477
675 4006
399 4479
66 2334
878 4127
893 4433
59 3973
3405 3854
591 4105
649 3983
138 2835
561 3070
278 4275
250 4405
728 4241
236 3976
383 4065
717 4155
3085 3809
1634 4423
47 3861
445 3871
240 4030
1280 4162
348 3891
9 4083
2973 4492
156 4400
191 4223
249 4505
283 4242
770 4084
3754 4201
641 4200
2699 3450
2114 2366
811 1291
684 4318
814 4236
779 4344
247 4400
693 4136
411 3892
439 4175
171 4223
759 4434
760 3985
137 4404
542 2631
263 4013
187 4352
403 4222
617 4512
78 4345
291 4156
692 4085
913 1491
81 4060
761 4496
237 3975
451 3950
717 4340
832 4493
680 3892
149 4208
957 2368
58 4194
3068 3638
615 4203
833 3851
1285 2893
400 3868
1864 2848
131 4331
277 1608
303 4171
729 3850
335 3958
191 3957
288 4463
263 2483
1166 1878
862 4066
1269 3344
275 4140
801 3902
117 3879
148 4083
714 4425
288 4438
155 2217
446 4213
926 3902
880 3130
664 4175
236 2895
824 4085
476 3844
709 3842
113 4452
347 1074
1476 3198
687 4029
226 4003
814 4270
409 4004
940 3712
1448 2901
915 1051
609 4519
560 3938
318 4184
86 4413
217 4368
351 4500
187 4263
784 4403
452 3930
160 4336
1103 1334
524 1995
250 3847
740 4018
747 4466
513 4263
676 4508
297 4243
2586 3291
784 4314
359 3859
234 731
2557 3990
767 4051
38 4504
488 4485
357 3887
172 4257
323 4171
401 1213
190 4093
238 4038
673 4255
461 4451
53 3874
450 3919
332 1162
953 2539
992 3953
1197 3263
525 4202
717 4180
702 1832
879 4512
207 590
1761 2369
598 4419
607 4429
614 4268
372 4178
1435 4307
511 2174
185 4479
750 4426
3447 4286
767 4061
259 4204
165 4208
477 4433
738 3893
615 4082
368 4280
276 4121
206 4138
224 4134
296 764
514 3476
1475 2953
836 4233
80 4225
216 4157
51 1255
525 4230
41 4510
2200 4377
375 4053
3 4201
641 4401
121 3999
347 4029
216 4112
445 4159
498 4269
462 3942
834 4306
1744 2641
508 4114
77 4059
508 4235
358 4254
340 4111
981 1647
131 3881
732 4038
181 4503
63 4410
316 4497
307 4322
272 3911
1095 2163
299 4376
477 4277
775 4460
822 4054
1345 2612
144 4503
398 4134
262 3790
630 4337
386 4348
233 4269
2416 4046
638 3998
603 4368
177 3265
678 2559
612 4245
650 4232
726 785
3311 3533
1930 2311
733 4439
621 4479
738 4053
188 4338
899 3475
86 4251
768 3869
869 4063
8 3851
2948 4419
882 4207
2304 3719
311 3988
526 1085
2593 3853
843 3946
168 3875
295 1354
68 4295
543 3887
755 4108
836 4298
700 3913
2212 2753
873 4347
754 3991
3925 4348
52 4008
658 2746
714 4305
323 3883
1007 1337
922 1929
902 4019
2 4271
476 4126
640 4327
2255 2468
473 3884
818 3887
791 4158
832 4236
697 4207
752 4123
50 4142
2767 3898
850 3940
702 4215
518 4456
1170 1732
548 1049
761 4248
895 4452
33 1923
1439 1707
344 2930
368 4382
466 4418
413 4045
32 4336
786 975
168 4408
837 4397
440 4357
700 4465
1479 3146
528 4314
377 3768
224 3914
814 4400
488 3999
243 4414
48 4309
377 3865
183 3855
667 4456
746 4314
664 4093
45 4422
171 4361
118 4482
841 4262
311 4093
620 3878
181 1750
572 1117
176 4114
1964 4453
1120 1128
3384 3962
568 4464
886 4160
639 3849
732 4216
636 4483
