2399 2940
2500 3427
2503 3801
2399 2899
2399 3474
3365 206
2380 513
2399 3677
2399 3798
2503 3853
2399 3087
2202 687
2503 3539
2503 3829
2500 3469
2500 3318
2399 2741
2399 3551
2399 3202
2399 4119
2451 1460
2399 3186
2399 2943
2399 2866
2194 110
2399 3468
2503 3577
2451 1062
2500 3694
2602 854
2399 3675
2500 3336
2399 1999
2567 188
2399 3141
2399 3495
2500 3602
2399 3603
2399 2264
2500 3438
2500 3393
2503 3871
2399 2720
2399 3983
2399 3048
2477 3053
2399 3548
2399 3149
2435 731
2503 4008
2500 3615
2500 3448
2399 3305
2399 2046
2477 799
2399 3361
2399 4009
2399 3378
2500 3532
2483 3446
2500 3462
2399 3580
2399 3054
2399 4078
2399 2935
2399 3689
2399 3327
2500 3569
2399 3230
2500 2019
2503 3857
2500 3464
2399 3797
2399 2894
2503 3753
2399 3419
2399 3227
2503 3937
2500 3590
836 12
2500 3574
2451 1082
2503 3855
3090 1036
2500 3732
2399 3361
2399 3632
2483 3520
2503 3899
2548 271
2399 3313
2399 3503
2399 3510
2500 3331
2399 3227
1776 507
2399 3188
2503 3684
2399 3183
2399 3620
2500 3616
2503 3791
2399 3307
2399 3967
2399 3037
2399 3166
2399 3258
2503 3967
2258 453
2261 1343
2258 984
2503 3908
2500 3603
2503 3851
2399 2849
2396 512
2477 742
2399 2944
2500 3599
2500 3672
2399 3184
2399 3126
2399 3947
2500 3499
2451 1105
2702 800
2399 1691
2503 3998
2503 3914
2503 3923
2399 3373
2500 3756
2399 2903
2399 3386
2399 3537
2503 3850
2399 2474
2399 3310
2399 3003
2500 3229
2483 3295
2488 1685
2635 326
2500 3643
2395 503
2503 3843
2483 3449
2503 3799
2399 3297
2500 3417
2503 3811
2398 1851
2500 3685
2399 3258
2399 3240
2398 2039
2399 4018
2483 3401
2403 1497
2399 3151
2500 1490
2624 347
2399 3287
2399 3212
2399 3282
2110 116
2399 3134
2399 3728
2399 3073
2399 3207
2500 3598
2399 3206
2503 3626
2399 3366
2399 2922
2503 3714
2399 3748
2423 530
2339 1066
2500 3689
2500 3752
2062 382
2396 801
2399 3461
2500 3610
2399 4056
2548 302
2399 2866
2399 3602
2399 2998
2451 1633
2399 3665
2451 1706
2399 3096
2399 3706
2258 255
2258 972
2399 3077
2500 3810
2399 3433
2500 3656
2399 3211
2548 587
2500 3782
2435 102
2451 1908
2399 3461
2500 3678
2399 3286
2503 3658
2435 1163
2500 3538
2396 1490
2602 492
2500 3737
2399 3368
2423 268
1453 81
2399 3324
2591 996
2503 3820
2399 3559
2503 3947
2451 1517
2399 3563
2399 3480
2399 3400
2399 3781
2500 3459
2503 3849
2483 3396
2258 581
2451 1334
2258 349
2503 4013
2503 3885
2399 3716
2399 3050
2451 1742
2399 3161
2399 3124
2399 3151
2500 3665
2399 3188
2503 3514
2399 2265
2483 3500
2399 2906
2399 3678
2399 3647
2399 2657
2399 3204
2399 3538
2399 3155
2399 3059
2399 3304
3434 109
2153 132
2488 1913
2399 3585
2398 1843
2399 3589
2399 2388
2399 2857
2632 641
2399 2839
2399 3391
2399 2739
2261 826
2399 3129
2399 3398
2399 3692
2399 3343
2503 3823
2399 3400
2399 2998
2399 3984
2500 3337
2503 3815
2500 3620
2399 1659
2396 1070
2399 3041
2399 3152
2215 912
2399 3697
2399 3690
2399 3183
2399 3020
2399 3461
2399 3167
2399 3324
2339 635
2500 3801
2399 3391
2626 803
2399 3755
2503 3925
2399 3374
2399 2958
2399 3210
2399 3574
2399 3028
2399 3319
2399 3054
2399 1615
2483 3326
2477 534
2399 3013
2500 3517
2399 3045
2399 3409
2399 3098
2602 966
2399 3419
2638 121
2503 3803
2399 3549
2399 3221
2399 1536
2451 1334
2399 3144
2488 1907
2399 2884
2403 1639
2500 3698
2626 877
2399 3441
2399 3381
2399 3513
2399 4007
2602 366
2399 3155
2056 520
2503 3831
2399 3268
2399 3202
2399 2914
2399 3212
2500 3763
2503 3635
2403 505
2451 1559
2451 1026
2399 3182
2399 3307
2624 231
2602 1072
2399 2919
2435 1109
2399 3801
2396 1844
2548 616
2500 3424
2399 3739
2399 3065
2435 1427
2451 557
2503 3936
2399 3667
2399 3260
2500 3452
2399 3326
2396 1525
2399 3203
2399 2890
2404 253
2399 3009
2500 3631
2399 3280
2483 3441
2399 3542
2399 2929
2702 297
2399 2530
2483 3406
2500 3467
2399 2233
2399 3467
2399 2273
2399 3213
2435 968
2423 643
2399 3601
2503 3908
2399 3563
2399 2817
2435 1625
2399 2131
2399 3430
2500 3668
2500 3356
2435 881
2339 750
2548 623
2399 3974
2483 3499
2503 3992
2399 3591
2399 2824
2451 1256
2399 247
2399 3845
2500 3529
2503 3737
2399 3470
2399 2979
2399 1628
2500 3535
2451 2125
2399 3544
2399 2970
2399 2931
2500 3782
2500 1435
2399 3801
2500 3534
2187 1288
2488 2572
2399 3153
2500 3686
2503 4017
2451 1429
2477 784
2398 2091
2500 3763
2399 3004
2399 2919
2399 3040
2483 3427
2399 3051
2339 1230
2503 3706
2399 3326
2503 3897
2399 3309
2399 1971
2399 3379
2632 439
2503 3895
2503 3629
2503 3766
2500 3613
2399 3054
2435 1180
2503 3557
2503 3838
2503 3940
2483 3378
2399 2533
2500 3762
2488 1961
2187 270
2483 3322
2451 2408
2398 1313
2483 3279
2399 3734
2399 3830
2503 3952
2503 3776
2399 3122
2399 2917
2503 3841
2399 3463
2503 3972
2399 3335
2451 1015
2399 3479
2451 1094
2500 3726
2398 2319
2399 3980
2202 46
2399 3060
2399 2925
1908 131
2483 3374
2483 3351
2399 1649
2399 2984
2399 3511
2399 2260
2399 3723
2500 3607
2399 3230
2399 3607
2399 3968
2399 3337
2399 3578
2591 496
2399 3501
2488 2069
2500 3583
2399 3425
2399 3451
2500 3579
2451 1898
2483 3429
2399 2978
2500 3538
2488 2149
2503 3836
2500 3695
2399 3323
2702 292
2451 955
2483 3390
2399 3532
2399 3970
2503 4058
2399 3804
2399 3271
2399 3255
2398 1676
2483 3390
2503 3807
2500 3414
2483 3426
2451 1689
2503 3910
2435 1687
2399 3487
2483 3419
2602 869
2399 3148
2396 822
2399 3194
2399 3022
2490 794
2399 3866
2503 3737
2602 518
2451 809
2423 780
2500 3786
2399 2660
2500 3449
2503 3879
2399 3167
2399 2210
2399 3357
2399 3509
2451 1283
2399 3472
2500 3666
2503 3684
2399 3314
2399 3102
2254 1334
2399 3352
2500 3743
2398 1787
2483 3266
2602 298
2399 3040
2399 3367
2399 3433
2399 3853
2399 3699
3365 282
3913 19
2399 2435
2399 3217
2399 1774
2399 3359
2399 3222
2399 3225
2531 583
3201 256
2399 3270
2399 3535
2632 461
2451 1550
2600 143
2500 3678
2500 3534
2451 2386
2702 534
2399 3540
2399 3299
2399 3305
2451 2668
2503 3725
2399 3202
2399 3466
2399 3189
2396 1581
2399 3120
2632 502
2503 3755
2399 3207
2500 1257
2399 3283
2399 3323
2399 3111
2399 2805
2396 514
2399 2237
2399 3535
2399 3640
2399 3644
2399 3278
2500 3676
2399 3353
2451 1745
2500 3692
2399 2954
2399 3175
2396 1521
1776 896
2451 1613
2399 3179
2399 3275
2500 3703
2399 3458
2399 3138
2399 3350
2399 3346
2503 3607
2500 1302
2399 3225
2399 3403
2500 3688
2395 172
2488 1748
2399 3026
2399 3010
2399 3289
2399 3218
2399 4088
2451 1093
2399 4051
2500 3658
2399 4039
2503 3919
3082 386
2399 2945
2396 1623
2399 3715
2399 3368
2399 3522
2399 3953
2399 3694
2399 3446
2399 2954
2483 876
2399 3029
2451 2226
2503 3836
2399 3524
2500 3409
2500 3527
2399 2910
2483 3484
2399 3573
2503 3881
2399 3591
2451 1353
2500 3462
2399 3256
2503 3901
2339 1294
2477 2976
2399 3717
2503 3991
2399 3002
2258 569
2399 3560
2435 1440
2500 3627
2399 3640
3173 39
2399 3188
2602 767
2451 1998
2503 3939
2399 3474
2531 411
2500 3420
2451 1525
2396 854
2500 3363
2399 2510
2399 3205
2483 3438
2451 2195
2399 3366
2396 864
2399 3876
2399 3288
2483 3476
2371 56
2399 3160
2500 3621
2396 1021
2399 3373
2399 3166
2500 3538
2483 3327
2399 2487
2399 3351
2399 3624
2503 3799
2395 303
2399 3088
2399 3165
2399 3412
2399 1896
2500 3535
2500 3386
2399 3266
2503 4036
2399 3174
2399 3477
2500 3512
2399 3215
2483 3442
2477 2988
2500 3424
3201 142
2399 3355
2399 3613
2451 1158
2135 61
2339 1297
2399 3037
2399 3139
2399 3476
2451 2048
2399 3219
2399 2743
2399 3339
2399 3099
2399 3406
2503 3972
2399 2855
2399 3553
2399 2993
2503 3824
2399 2935
2258 554
2503 3985
2396 1368
2451 1787
2399 3397
2451 2184
2399 2775
2503 3869
2399 3530
2418 81
2399 3415
2503 3805
2399 2696
2399 3065
2483 3515
2399 3148
2503 3953
2503 3788
2399 2777
2399 3219
2396 1651
2399 3124
2399 3243
2702 407
2396 837
2399 3340
2399 3243
2399 3128
2399 3183
2436 1823
2500 3758
2399 3663
2503 3828
2483 3308
2451 1057
2399 3668
2399 2979
2399 3517
2399 3227
2435 1259
2404 202
2399 2901
3317 675
2500 3652
2500 3344
2399 2926
2399 2827
2418 204
2500 3694
2500 1596
2399 3224
2399 3398
2483 3440
2399 3226
2399 3391
2488 2105
2399 3209
2399 3107
2399 3689
2399 3200
2500 1500
2399 3091
2398 1411
2258 364
2451 2154
2399 2967
2483 1083
2399 3449
2399 3158
2399 3203
2399 3142
2503 3846
2435 1090
2399 3240
2451 1351
2399 3135
2398 1615
2602 412
2399 3386
2399 3792
2632 401
2399 3509
2399 4107
2396 1667
2399 3315
2500 3541
2488 2018
2261 978
2057 351
2702 784
2399 3125
2399 3751
2451 2161
2399 3140
2399 3561
2399 3136
2399 3669
2398 1837
2399 2948
2500 3026
2503 3855
2399 3398
2398 1671
2399 3953
2380 607
2399 3800
2451 779
2348 73
2483 3444
2500 3781
2399 2979
2500 3430
2399 3565
2399 3522
2399 3348
2258 160
2258 741
2451 2570
2500 3205
2451 1872
2503 3864
2399 3220
2488 2063
2399 3423
2399 3109
2399 3592
2399 3342
2399 2967
2399 3030
2399 3043
2399 3478
2399 3182
2399 4019
2521 681
2399 3105
2483 3338
2399 3704
2451 1348
2702 487
3223 249
2396 1280
2503 3918
2399 3561
2503 3773
2399 3712
2399 3220
2399 2885
2399 3694
2258 1048
2399 3255
2399 3297
2399 3107
2398 1595
2399 3276
2399 3183
2488 1970
2500 3422
2399 3622
2399 3274
2399 3213
2483 3500
2500 3542
2399 3400
2399 3248
2153 155
2399 3512
2399 3558
2435 1186
2399 3334
2399 3045
2399 3255
2261 812
2398 1591
2399 3341
2399 3388
2503 3934
2399 3259
2399 2010
2399 3576
2500 3507
2399 3211
2399 3375
2396 1515
2399 3351
2477 554
2380 901
2451 1182
2705 752
2682 377
2399 2647
2500 3593
2500 3495
2399 3207
2399 3276
2399 3366
2398 2029
2399 3351
2399 3727
2399 3269
2403 1553
2399 2892
2399 3695
2399 3590
2399 3768
2500 3705
2503 3987
2399 3268
2399 3472
2500 3325
2399 3217
2500 3704
2483 3380
2399 3872
2399 2908
2399 3581
2500 3771
2503 3767
2399 3454
2503 3894
2500 3814
2399 3700
2500 3537
2399 1931
2399 2907
2399 3368
2399 3244
2399 4057
2399 3336
2399 3755
2423 234
2399 3395
2503 3844
2399 3545
2399 2795
2451 2107
2399 3298
2500 3636
2399 3629
2399 3044
2500 3526
2451 1529
2398 2069
2399 3283
2399 3703
2399 3525
2399 2796
2500 3460
2503 3929
2500 3691
2500 3045
2451 454
2399 3020
2399 3506
2399 3243
2399 2805
2531 444
2399 3301
2399 3404
2399 3346
2399 2934
2399 3378
2399 3805
2399 3477
2399 2940
2451 2452
2500 3413
2399 3397
2396 701
2399 3860
2503 3745
2500 1505
2500 3469
2399 3811
2399 3384
2399 2036
2399 3592
2451 1955
2399 4088
2399 3436
2399 3583
2395 822
2399 3165
2399 3094
2399 3168
2399 2755
2399 3148
2483 3494
2399 3637
2399 3421
2399 2242
2399 3268
2399 3523
2399 3531
2399 2809
2066 21
2399 3339
2399 3763
2399 3262
2500 3469
2500 3448
2451 1380
2503 3885
2488 1701
2399 3236
2483 3483
2399 3322
2399 3450
2399 2627
3110 229
2500 3640
2483 3321
2483 3460
2399 2960
2503 3801
2399 3527
2451 2357
2339 235
2624 120
2500 3614
2399 3076
2258 997
2403 1380
2399 3126
2488 2577
2399 3112
2399 3442
2626 646
2399 2949
2399 3493
2261 622
2261 935
2500 3402
2399 3261
2500 3684
2451 1605
2399 2968
2396 1159
2399 323
2399 3336
2503 3629
2451 980
2488 1686
2503 4008
2399 3535
2399 3403
2399 3236
2399 3295
2451 2256
1906 142
2503 3853
2451 631
2399 3291
2399 3801
2399 2945
2399 3239
2399 3996
2483 3419
2399 3202
2500 2906
2399 3422
2398 2121
2399 3388
2399 3665
3201 176
2500 3630
492 36
2399 3462
2399 3527
2702 345
2399 3278
2477 366
2396 1161
2399 3616
2399 3567
2399 3193
2399 4023
2500 3521
2403 69
2399 3945
2398 2327
2435 1697
2503 3614
2399 3027
2399 2971
2399 3125
2398 1639
2451 1540
2057 311
2483 3393
2399 3088
2500 3797
2399 2905
2399 3475
2399 3821
2399 3066
2500 3775
2399 3237
1877 166
2399 3136
2399 2972
2399 3230
2399 3569
2399 3663
3154 302
2399 3970
2399 3320
2399 3188
2399 2107
2399 3264
2398 1548
2399 3088
2500 3645
2399 1283
2451 2012
2503 4062
2483 3273
2399 3573
2399 2802
3082 441
2399 3314
2399 3114
2396 1603
2399 3289
2483 804
2399 3428
2399 3276
2399 3614
2399 3404
2399 3252
2451 2179
2258 218
2380 833
2399 3124
3090 730
2399 3282
2399 3155
2396 830
2399 3309
2399 3599
2500 3763
2399 3580
2548 246
2451 2318
2451 1384
2399 2739
2399 3402
2399 3645
2503 3741
2399 3217
2503 3841
2500 3680
2399 2919
2399 3209
2483 3386
2399 2893
2399 3413
2399 3042
2399 2872
2399 3035
2500 3749
2399 3630
2503 3842
2399 2792
2399 3712
2399 2905
2451 361
2451 1435
2500 3593
2521 1099
3299 248
2399 2412
2399 3225
2399 3194
2399 3235
2500 3556
2399 3510
2451 592
2500 3644
2399 3287
1776 66
2258 626
2500 3660
2451 1870
2702 496
2500 3443
2503 3871
2500 3435
2399 3708
2399 3766
2258 202
1776 296
2435 1664
2399 3625
2500 3689
2399 3059
2451 2171
2399 3138
2503 3795
2403 1381
2500 3694
2602 820
2500 3546
1013 25
2258 1209
2503 3893
2591 973
2398 1402
2399 3967
2076 190
2399 3035
2399 3677
2399 2988
2503 4040
2451 2024
2399 3293
2451 2046
2500 3569
2488 1782
2500 3628
2500 2915
2258 734
2258 987
2399 3652
2399 3329
2503 3743
2399 3489
2399 3487
2399 3253
2399 3176
2399 3193
2399 3796
2399 3547
2399 3424
2500 3508
2451 1689
2483 3525
2399 3236
2399 2895
2500 3722
2399 3711
2399 3011
2503 3879
2399 3063
2068 484
2399 3294
2399 3527
2399 3574
2399 3485
2399 2961
2399 3384
2399 2861
2399 3271
2399 2251
2399 3211
2399 3530
2399 2968
2399 3323
1972 95
2399 3263
2503 3952
2435 1189
2399 3748
2399 2963
2399 3128
2395 646
2500 2905
2500 1288
2399 3110
2399 3210
2399 3328
1716 267
2399 3260
2399 3023
2399 3538
2399 3819
2399 3027
2399 3174
2399 3289
2399 3291
2399 3176
2399 3483
2399 2221
2399 3041
2500 3745
2500 3585
2399 3464
3154 446
2399 3309
2488 1955
2503 3593
2503 3894
2399 2854
2399 3010
2399 3021
2398 1651
2399 3242
2399 3591
2477 2999
2396 1060
2399 3576
2500 3420
2399 3251
2399 2849
2399 3052
2399 3502
2399 3127
2399 3431
2399 4011
2399 3311
2477 3006
2399 3334
2500 3597
2500 3719
2399 2792
2500 3601
2451 1268
2500 1284
2399 3819
2399 3220
2399 3463
2503 3987
2399 3318
2399 3036
2477 839
2503 4005
2399 3534
2396 746
1836 250
2399 2391
2399 3367
2500 3446
2503 3855
3201 267
2399 3275
2399 3491
2500 3734
2399 3064
2399 3149
2500 3439
2451 1042
2399 1886
2399 3629
1553 36
2399 3532
2399 3373
2399 3310
2503 3980
2399 3898
2503 3845
2500 3554
2399 3238
2403 814
2423 318
2399 2869
2500 3439
2600 264
2399 2098
2418 45
2396 1653
2399 1721
2500 3702
2399 3197
2435 579
2399 3394
2500 3666
2602 598
2503 3936
2399 3259
2451 451
2399 3132
2503 3845
2451 2045
2483 3369
2483 3376
2399 3003
2500 3693
2399 2256
2399 2995
2399 3792
2500 3450
2503 3910
2399 3148
2399 3622
2702 377
2399 3231
2399 3288
2258 321
2399 3307
2399 3383
2503 3846
2483 3465
3201 207
2500 3342
2435 1593
2399 3366
2399 3060
2399 2274
2399 3273
2399 3415
2503 3829
2451 1982
2399 3353
2483 3382
2399 3361
2398 1820
2399 3200
2399 3744
2500 3531
2503 3756
2451 1785
2503 3887
2399 3821
2399 3891
2451 1272
2503 3857
2399 3318
2500 3695
2451 1672
2500 3413
2500 3659
2399 3171
2483 3106
2451 1239
2399 3605
2399 2033
2258 733
2399 3115
2399 3781
2503 3864
2399 3549
2399 3209
2503 3845
2500 3629
2500 3654
2500 3322
2435 1402
2399 3301
2399 3697
2399 3460
2399 3348
2500 3283
2399 3123
2399 3169
3201 222
3090 794
2399 3166
2488 2650
2399 3288
2399 3219
1973 744
2500 3554
2500 3611
2399 2945
2261 1336
2399 2897
2483 575
2399 2983
2399 2841
2399 3456
2503 3586
2399 3957
2399 3810
2399 3057
2503 3824
2483 3468
2399 3028
2399 3447
2399 3416
2399 3518
2451 1957
2399 2785
2399 2956
2483 627
2500 3400
2399 3403
2399 3270
2503 3826
2261 1287
2521 1388
2399 3552
2399 2875
2399 3468
2202 918
2261 1142
2500 3563
2396 1548
2261 1061
2503 3917
2490 859
2451 1164
2399 2953
2399 4019
2451 1810
2399 3311
1249 90
2399 2972
2399 3122
2371 84
2500 3651
2399 3835
2399 2338
2399 3342
2399 3368
2435 1310
2503 3899
2399 2005
2380 262
3796 20
2500 3566
2399 3163
2500 3365
2503 3787
2451 2340
2477 919
2500 3743
2399 2574
2399 3395
2399 2995
1326 85
2399 3487
2399 3951
633 12
2503 3798
2399 3351
2399 3560
2399 3280
2477 3032
2451 1552
2399 3466
2202 1523
2500 3712
2399 3144
2399 3309
2399 3527
2488 1995
2258 433
2503 3989
2399 3512
2602 795
2399 2721
2500 3569
2399 3440
2702 616
2483 3330
2398 1816
2399 3482
1776 711
2339 564
2399 3624
2435 1656
2399 3351
2399 3485
2398 2250
2451 911
2399 3469
2500 3613
2399 3320
2500 3737
2399 2991
2483 3379
2490 724
2423 352
2968 770
2399 3817
2399 3470
2399 1992
2399 3721
2500 3547
2500 3638
2399 2920
2399 3525
2500 3512
2500 3521
2399 3122
2399 2112
2399 3427
2423 179
2500 3719
2399 4098
2399 2134
2399 3244
2399 3378
2399 3456
2399 4031
2399 3602
2451 2403
2399 3235
2399 3124
2399 3380
2958 671
2399 1702
2451 1040
2503 3940
2246 346
2399 2987
2399 3219
2399 2804
2084 152
2451 2517
2399 2956
2396 1533
2399 2479
2451 1946
2483 3450
2500 3469
2602 433
2399 2707
2399 3236
2399 3108
2548 232
2399 2863
2503 4042
2500 3515
2483 3513
2500 3306
2399 3222
2396 1390
2261 846
2451 978
2500 3553
2500 3710
2399 3035
2399 3144
2399 2499
2399 3231
2399 3244
2399 3136
2399 3543
2399 3455
1961 39
2399 3225
2451 2493
2435 908
2500 3511
2399 3017
2477 2975
2399 3242
2435 1208
2483 3412
2399 2392
2521 1453
2451 2043
3796 147
2399 3038
2602 417
2399 3545
2500 1117
2399 3213
2399 3208
2261 1273
2399 3623
2399 3398
1973 320
2399 3128
2399 3624
2399 3676
2399 3434
2500 3530
2116 1163
2451 2277
2500 3662
2500 3497
2215 106
2399 3115
2404 329
2500 3623
2500 2947
2399 2932
2399 2871
2399 3050
2399 3074
2399 3212
2399 2962
2399 3333
2399 3333
2380 547
2399 3060
2500 3473
2500 3626
2399 3375
2399 3099
2399 4058
2399 3684
2451 752
2399 3108
2399 3979
2399 3267
2399 3054
2500 2768
2399 3286
2500 3808
2399 1600
2399 3045
2399 3147
2399 3221
2399 3993
2451 1209
2483 3450
2399 2866
2503 3564
2396 1647
2399 3322
2399 3147
2399 3598
2399 3017
2451 1667
2500 3781
2399 3017
2399 3019
2399 3309
2500 3598
2399 3315
2399 1510
2399 3385
2451 1432
2399 2843
2380 875
2500 3475
2399 3075
2500 3289
2399 2811
2396 1789
2399 2430
2399 3268
2399 2868
2451 1900
3090 813
2503 3599
2503 3871
2503 3606
2399 3291
2399 3428
2399 3361
2399 3157
2418 240
2500 3637
2418 305
2399 3774
2503 3921
2503 3748
2500 3699
2503 3711
2399 3572
2399 2811
2399 3103
2399 3101
2399 2827
2399 4065
2399 2972
2019 269
2399 3099
2451 678
2399 2834
2399 2766
2399 4053
2399 3554
2399 3300
2399 3216
2399 3641
2399 3456
2399 3505
2483 3422
2399 3400
2626 604
2500 3525
2399 3297
2399 2897
2399 2631
2435 1409
2399 3627
1979 136
2396 793
2958 431
2399 3409
2451 1640
2503 3904
2500 3540
2399 4022
2451 797
2477 312
2399 3256
2399 3462
2399 2751
2399 3330
2500 3709
2399 3736
2503 3603
2399 3361
2399 3234
2399 3255
2451 1772
2399 3007
2396 1712
2500 3548
2451 1383
2399 3194
2145 114
2399 3252
2399 3013
2399 1974
2399 1196
2483 3283
2503 3988
2399 2579
2500 3708
2399 3446
2261 711
2702 352
2399 3301
2483 3441
2435 869
2399 4111
2500 3557
2399 3175
2399 3100
2399 2851
2399 3260
2261 721
2399 2132
2635 220
2399 3124
2399 3607
2503 3818
2503 3900
2399 2921
2500 3695
2399 3567
2399 3514
3082 375
2399 3797
2500 3650
2399 3148
2503 3893
2451 1351
2399 3227
2399 2598
2396 658
2503 3904
2339 1327
2399 3622
2399 3099
2399 2857
2503 3958
2635 230
2399 3822
2399 2546
2399 2051
2399 3209
2399 3771
2500 3739
2500 3468
2503 3839
2399 3196
2399 2947
2399 3404
2503 3895
2399 2998
2399 3495
2399 3697
2399 3046
2399 3343
2488 1930
2451 2688
2399 3688
2399 1962
2399 3195
2702 323
2398 1523
2503 3777
2084 135
2399 3544
2500 3523
2399 3027
2261 800
2396 1280
2399 2167
2600 132
2500 3611
2399 3483
2399 2683
2399 3167
2396 566
2399 3434
2399 3084
2399 3170
2503 3871
2500 3596
2399 2360
2399 3260
2339 1225
2500 3740
2423 820
2477 750
2503 3842
2399 3159
2451 2357
2483 3479
2399 3369
2483 3296
2399 3222
2435 1238
2399 3732
2399 3383
3317 622
2500 3649
2399 4108
2503 4000
1716 75
2399 2526
2399 3176
2399 3071
2399 2918
2483 3443
2500 3488
2451 1029
2399 1840
2399 3174
2423 918
2500 3635
2399 3011
2068 969
2620 1169
2258 1100
2399 3525
2396 1817
2399 3631
2500 3397
2503 3894
2399 3821
2500 3662
2602 845
2503 3796
2503 3813
2399 3120
2399 2711
2503 3917
2483 3390
2399 2776
2399 2900
2521 1141
2399 3976
2399 3484
2399 3673
2399 1904
2500 3602
2399 3094
2399 3168
2399 3389
2500 3669
2399 3973
2399 3288
2399 3086
2399 2965
2399 1385
2702 547
2399 3056
2399 3189
2399 3610
2399 2834
2503 3579
2451 1143
2503 3875
2483 3347
2399 2937
2399 3321
2483 3402
2399 3267
2399 3020
2500 3444
2483 3346
2500 3339
2503 3832
2399 3250
2626 825
2399 3498
2488 2603
2483 3394
2500 3379
2503 3851
2483 3430
2399 3158
2500 3717
2503 4003
2399 3405
2451 2675
2399 2473
2380 676
2503 3857
2399 3206
2399 3026
2398 2230
2399 2991
2242 26
2483 3419
2399 3078
2399 3811
2399 3313
2451 2134
2500 3638
2500 3464
2500 3403
2399 3163
2399 3668
2399 3423
2602 796
2399 3111
2503 3903
2483 3462
2727 891
2399 2823
2503 3783
2503 3849
2418 403
2399 3599
2399 3319
2500 3718
2399 3584
2503 3732
2399 3617
2399 1862
2500 3771
2399 3027
2399 3638
2399 1913
2261 1248
2399 3008
2500 3532
2399 3042
2503 3709
2399 3620
2500 3597
2258 972
2500 3668
2399 3398
2500 2035
2477 2997
2435 1047
2399 3400
2399 3050
2399 3314
2477 910
2503 3842
2483 3295
2602 345
2399 3675
2399 3345
2399 4031
2423 700
2399 2994
2399 3522
2399 3185
2399 3756
2399 3368
2591 1155
2399 3270
2399 2840
2399 3259
2399 3147
2500 3785
2500 3815
2399 3405
2483 3333
2500 3475
2503 3989
2399 3271
2261 963
2399 3153
2500 3551
2398 1520
2399 3132
2399 3504
2399 2831
2399 3303
2399 2991
2503 3722
2261 1212
2399 3762
2435 1373
2129 599
2500 3712
2399 3539
2399 3029
2500 3562
2503 3849
2396 950
2477 3117
2258 364
2702 461
2451 1357
2483 3454
2399 2869
2399 3657
2451 2030
2399 3380
2399 2868
2399 2941
2451 1893
2399 3116
2399 3544
2395 398
2503 3879
2396 826
2399 3215
2483 3327
2399 3845
2500 3290
2399 2627
2399 3569
2399 3512
2399 3276
2261 854
2399 3195
2399 3089
2380 789
2399 1831
2503 3785
2399 3642
2399 3198
2399 3373
2399 3265
2399 3983
2399 3512
2399 2459
2399 3587
2068 411
2399 3603
2500 2712
2500 3752
2451 647
2451 1251
2399 3121
2500 3198
2503 3974
2399 3184
2399 3467
2477 67
2399 3354
2483 3291
2399 3152
2548 482
2399 3568
2399 2927
2399 2955
2483 945
2399 2108
2194 1179
2503 3808
3090 1005
2399 3450
2399 3164
2399 3475
2483 3322
2699 129
2399 3115
2503 3555
2403 1432
2399 3407
2399 3080
2399 4027
2399 4052
2399 2756
2451 1604
2399 3035
2500 3558
2500 3388
2451 1481
2399 3319
2503 3729
2500 3609
2399 4009
2503 3812
2451 780
2451 1860
2399 2950
2399 1903
2451 2003
2548 555
2399 3125
2500 3734
2399 3321
2399 3405
2399 3729
2503 3895
2500 3756
2399 3021
2567 148
2396 1906
2399 3755
2477 3125
2500 3315
2500 3744
2503 3851
2500 3481
2399 3359
2500 3532
2399 3131
2399 3327
2488 1996
2500 3437
2500 3770
2399 2748
2435 918
2399 3445
2435 1459
2399 3289
2423 742
2399 3303
2399 2798
2602 276
2500 3473
1906 152
2399 2972
2399 3657
2399 3707
2399 3261
2451 1802
2396 1771
2399 3479
2399 3266
2503 700
2503 3879
2399 3495
2399 2903
2399 3050
2399 2498
2399 3074
2500 3667
2702 304
2399 3417
487 23
2399 3421
2423 927
1553 68
2399 3284
2399 3007
2399 3220
2399 3490
2399 3096
2399 3858
2399 3462
2503 3866
2483 3543
2500 2843
2399 3298
2399 3633
2399 3470
2399 1937
2399 2989
2399 3009
2399 1590
2399 3605
2399 3238
2548 505
2399 2507
2399 2834
2503 3957
2451 1518
2399 3298
2500 3590
2500 3461
2396 1317
2399 3010
2399 3147
2500 3670
2399 2994
2399 3558
2503 3955
2500 3626
2503 3939
2399 3208
2483 3461
2503 3884
2503 3785
2500 3688
2399 3080
2503 3972
2399 3285
2503 3812
2399 3975
2399 427
2396 2012
2399 3223
2435 1025
2399 3474
2399 3818
2702 386
2399 3253
2399 3540
2500 3696
2399 3362
2399 3138
2632 586
2503 3816
2399 3295
2727 645
2399 3776
2399 3536
2500 3685
2399 1630
2521 1104
2500 3593
2503 3921
2116 993
2500 3655
2399 3101
2399 3353
2399 2902
2399 3359
2399 3864
2399 3681
2451 1695
2399 3020
2399 3441
2399 3179
2399 3231
3173 46
2503 3903
2399 3234
2399 3127
2503 3867
2602 528
2635 129
2399 3276
2399 3146
2399 3135
2399 3244
2503 3716
2435 1201
2399 2817
2399 3402
2399 3965
2399 2844
2399 3394
2423 345
2500 3645
2258 789
2435 1084
2399 2755
2056 271
2500 3615
2399 3560
2380 670
2399 3447
2423 286
2399 3420
2500 3620
2483 3406
2500 3505
2632 602
2399 3544
2435 1247
2399 2899
2399 2976
2399 3703
2399 2841
2399 3603
2500 3541
2399 1625
2399 2999
2399 3436
3201 224
2503 3844
2477 2982
2399 3155
2399 2170
2399 3657
2399 3235
1776 386
2399 3499
2399 3723
2451 2570
2399 3260
2399 3684
2399 3336
2503 3837
2500 3470
2396 998
2399 2872
2399 3682
2503 3886
2477 3074
2500 3510
2399 3130
2399 4039
2399 3710
2399 3209
2399 3761
2399 3731
2500 3423
2261 1335
2451 1236
2399 3244
2399 3318
2399 3472
2399 3232
2399 3226
2500 3704
2399 3179
2503 3867
2399 3250
2348 162
2500 3606
2399 3345
3501 254
2399 3500
2258 504
2399 3631
2399 3548
2399 4114
2380 704
2403 1156
2483 3488
2399 3192
2624 359
2399 3639
2399 3078
1776 664
2399 3369
2399 3223
2399 3720
2635 364
2451 607
2258 899
2399 3137
2399 3409
2399 2738
2399 3576
2503 3903
2261 1513
2399 3484
2500 3601
2399 2464
2399 2185
2399 3227
2399 1974
2500 3591
2399 3109
2451 1959
2399 3612
2399 2469
2399 3448
2488 1728
2399 3268
2483 3336
2399 2907
2399 3004
2399 2724
2503 3898
2399 3726
2399 3215
2399 2869
2483 3506
2399 3218
2399 3476
2399 3658
2451 2513
2399 3352
2503 4001
2396 1238
2451 1505
2399 1969
2500 3509
2398 1807
2399 3310
2399 2783
2503 3785
2503 3812
2500 3486
2399 3448
2399 3135
2399 3265
2399 3475
2399 3628
2500 3603
2399 4090
2500 3392
2399 3480
2399 3240
2399 3508
2500 3402
2503 3667
2258 392
2451 1096
2500 3699
2399 3670
2451 2259
2399 3543
2399 3338
2500 3458
2399 3622
2258 563
2403 1447
2399 2939
2702 489
2399 3107
2399 3240
2418 368
2399 3342
1776 858
2399 3153
2399 2964
2399 2747
2068 1244
2399 3104
2399 2919
2399 3403
2399 3274
2399 2766
2057 357
2399 3497
2500 3539
2500 3822
2399 3268
2399 3340
2399 3783
2399 3300
2399 3164
2500 3590
2500 3521
2500 3709
2399 3107
2702 566
2500 3723
2626 1115
2500 3595
2503 3863
2503 3825
2399 2692
2483 3427
2261 1456
2399 3997
2500 3705
2399 3131
2399 3427
2626 932
2500 3629
2399 3211
2399 3125
2399 3580
2500 3229
2399 3368
2503 4014
2503 3888
2399 3858
2399 1963
2399 3743
2423 323
2399 3128
2399 2611
2399 3319
2399 3531
2483 3406
2503 3782
2500 3395
2500 3688
2702 533
2503 3891
2399 3779
2399 3035
2500 3787
2399 3501
2399 2876
2503 3931
2500 3569
2399 2665
2399 2926
2602 620
2399 3103
2483 3529
2483 3331
2483 393
2503 3991
2399 3300
2396 1289
2398 2247
2399 3497
2399 2265
2500 3684
2399 2931
2399 3401
2399 3572
2483 3457
2399 3060
2503 3780
2399 3236
2399 3467
2399 3525
2503 3813
2258 246
2399 3187
2500 3602
2477 441
2451 1903
2399 2908
2399 3329
2399 3450
2399 3112
2399 3376
2399 3273
2702 163
2399 2946
2503 3659
2246 1224
2451 2129
2451 1070
2399 3166
2500 3488
2483 3398
2399 3299
2380 659
2399 2971
2399 3721
2503 3935
2435 1802
2399 2578
2399 2977
2399 3157
2477 671
2399 3557
4160 20
2435 1208
2500 3451
2399 3319
2654 480
2399 3176
2399 3713
2399 3322
2399 3131
2399 3123
2399 3468
2395 530
2399 3300
2399 3863
2399 3722
1836 316
2503 3948
2399 3222
2380 583
2399 3003
2399 3370
2399 3647
2399 3550
2399 1873
2503 3946
2451 1554
2399 3475
2500 3322
2399 3261
2399 3608
2399 3649
2399 2989
2399 3555
2500 3605
2399 2761
2399 1688
2399 2839
2399 3467
2399 3402
2399 3890
2399 3064
2399 2310
2399 3371
2399 3213
2483 3295
2399 3251
2399 3460
2396 1016
2399 3306
2399 3092
2399 3980
2399 3476
1053 18
2399 2833
2503 3814
2500 3717
2246 1076
2477 2995
2399 3352
2500 3641
2702 456
2503 3909
2258 968
2451 2472
2451 525
2399 2856
2399 3296
2399 3135
2399 3452
2399 3111
2451 1485
2399 2706
2399 3629
2602 642
2632 269
2500 3360
2483 3373
2503 3990
2399 3364
2399 3548
2503 3959
2399 3069
3090 858
2500 3735
2500 3449
2399 3152
2399 3508
2503 3965
2399 3749
2399 3227
2399 3996
2399 2897
2503 4043
2451 2103
2503 3829
2399 3272
2503 3870
2399 2920
2503 668
2399 3371
2399 3128
2399 3432
2435 988
2451 1733
2399 2987
2399 3500
2435 1488
2483 3471
2399 3838
2399 3616
2500 3554
2500 3659
2396 1579
2399 3175
2503 3902
2399 3259
2399 3293
2399 1949
2503 3901
2626 1047
2626 941
2399 3257
1526 149
2399 3427
2399 3603
2399 3284
2503 3836
2399 3535
2500 3418
2399 3343
2399 3246
2258 241
2500 3644
2399 3195
2399 3009
2483 3324
2258 688
2398 1152
2261 1175
2399 3279
2399 3092
3090 822
2399 3214
2483 3306
2398 1408
2389 306
2399 4074
2399 3711
2399 2914
2483 3454
2399 3235
2500 3464
2503 3931
2399 3597
2500 3729
2483 3448
2399 3204
2399 3015
2399 3382
2503 3752
2399 2966
2399 3479
2399 4017
2451 2170
2503 3906
2399 3034
2261 811
2399 3465
2399 3459
2399 3189
2503 3607
2399 3258
2399 3007
2626 973
2399 2762
2483 3313
2399 3740
2399 3197
2503 3909
2399 2825
2403 1083
2399 3131
2483 3395
2110 11
2500 3626
2399 3369
2503 3896
2399 3412
2399 2930
2500 3677
2500 1048
2500 3577
2399 2951
2399 4009
2246 1044
2399 3040
2116 1024
2477 495
2500 3590
2399 3787
2500 2557
2399 3388
3110 108
2399 3871
2503 3689
2399 2999
2399 3799
3072 15
2339 1157
2399 3177
2399 3961
2399 3393
2435 1261
2483 3398
2399 3147
2399 3311
2500 3656
2399 2998
2500 2753
2399 3510
2399 3399
2399 1998
2548 597
2399 3668
2399 3207
2500 3430
2399 3320
2503 3862
2261 1076
2399 3460
2451 1217
2500 3349
2399 3115
2500 3536
2399 3008
2477 645
2399 2833
2399 3248
2399 3561
2399 2840
2399 3175
2500 3505
2483 3437
2399 3330
2503 3927
2503 3544
2399 2843
2399 3454
2503 3816
2399 3581
2395 114
2483 3344
2451 2423
2435 676
2483 3382
2399 2642
2399 3368
2286 446
2399 3451
2399 3465
2399 3179
2399 3980
2399 3505
2500 3431
2399 3305
2399 3663
2396 827
2483 3388
2399 3370
2261 781
2500 3787
2399 2743
2403 1355
2521 1154
2399 3404
2451 1853
2503 3807
2483 3399
2399 3580
2399 3318
2399 3499
2399 3348
2399 3747
2500 3525
2399 2837
2500 3491
2503 3822
2399 3448
2399 3169
2399 3130
2500 3743
2399 2736
2399 3591
2399 3238
2399 3544
2399 3257
2503 3733
2399 2792
2399 3181
2399 2949
2483 3424
2202 581
2399 3557
2399 3273
2399 3439
2451 2218
2399 4002
2451 1707
2500 3653
2399 3334
2626 950
2503 3604
2261 1170
2399 2564
2399 3281
2399 2368
2483 593
2396 1024
2399 4090
2396 1016
2399 2973
2399 3977
2399 3008
2503 3892
2500 3520
2399 2918
2399 3392
2399 3518
2399 3180
2399 3453
2399 3611
2399 3611
2399 3156
2399 2468
2399 3399
2500 3654
1776 770
1776 92
2399 3639
2500 3547
2399 3958
2399 3176
2500 3420
2500 3771
2399 3345
2503 3832
2435 1226
2399 3298
2313 808
2503 3917
2399 2815
2602 814
2399 2891
2500 3308
2483 3464
2500 3618
2483 3461
2503 3980
2451 2187
2399 3303
2399 2954
2399 3279
2483 3331
2451 1799
2503 4052
2503 3601
3134 169
2399 2989
2399 3184
2399 3389
2488 555
398 9
2503 3594
2500 3469
2503 3842
2436 1218
2483 434
2503 3755
2399 2027
2399 1260
2451 1969
2500 3606
2399 3669
2483 3401
2399 3497
2399 3566
2399 3215
3154 397
2451 1114
2399 2933
2548 520
2483 3422
2477 708
2503 3751
2399 3434
2399 3753
2503 3778
2477 3089
2399 3287
2418 176
2399 3357
2396 1134
2399 3053
2399 3274
2503 3908
2399 3567
2399 3979
2396 873
2084 256
2399 2374
2399 3006
2399 3002
2477 805
2503 3982
2399 3369
2503 3903
2503 3830
2500 3582
2399 3118
3154 366
2396 969
2399 3393
2483 3414
2451 1743
2399 3443
2380 608
2477 3091
2399 3139
2399 1872
2399 1672
2483 3467
2258 1284
2399 2835
2399 3303
2399 2534
2399 3587
2500 3634
2396 673
2399 3151
2399 3246
2399 3139
2399 3456
2500 3423
2399 3267
2451 2146
2399 3083
2399 3188
2399 3033
2399 3492
2399 2821
2500 3550
2399 3544
2500 3574
2958 540
2399 3732
2396 1718
2399 3036
2399 3441
2399 2652
2399 3398
2399 3070
2399 3090
3090 751
2399 3695
2399 3224
2399 3013
2396 1367
2500 3454
2503 3721
2500 3390
2399 3045
2399 3350
2399 3318
2399 3388
2399 3100
2503 3758
2399 3708
2399 2934
2399 3518
2399 3358
2399 4060
2399 3084
2399 2489
2399 3228
2503 3784
2483 3425
2500 3733
2451 975
2423 913
2399 3039
2399 3821
2399 2473
2399 3380
2396 1569
2399 3128
2399 2242
2500 3713
2399 3196
2398 1558
2403 1150
1716 119
2500 3487
2399 3248
2399 3369
2500 3421
2399 3543
2399 2551
2399 3520
2399 1873
2399 3381
2500 3656
2399 3459
2503 3935
2503 3607
2399 3366
1637 170
4007 51
2399 1764
2503 3914
2399 3278
2399 3282
2399 2017
2399 3064
2451 1787
2483 3410
2399 3598
2380 698
2399 3181
2399 3336
2500 3335
2399 2961
2624 191
2399 3607
2503 3748
2399 3195
2503 3868
2503 3837
2399 3821
2399 3448
2548 596
2399 3682
2399 3183
2500 3459
2399 3248
2477 3003
2399 3299
2399 2888
2488 2763
2500 3302
2500 3703
2483 3300
2399 3696
2503 3685
2451 2071
2503 3891
2435 1127
1776 710
2503 3799
2399 3267
2399 3160
2632 410
2399 3493
2399 3439
2500 3540
2503 3878
2403 1488
2399 3306
2399 2910
2399 3554
2399 3284
2399 3343
2500 3704
2500 3688
2399 3296
2500 3592
2396 1415
2399 3114
2399 3496
2399 2026
2451 903
2500 3298
2399 4098
2403 1546
2396 1445
3299 129
2399 3131
2399 2724
2483 3417
2500 3658
2399 3294
2503 3852
2451 2228
2399 3458
2500 3718
2399 3833
2261 1362
2399 3912
2483 3361
2477 3112
2399 3313
2399 3100
2399 3177
2399 3564
2591 311
2705 138
2399 3728
2500 3635
2399 3305
2626 834
2399 2953
2500 3580
2521 1053
2488 1857
2500 3750
2500 3703
2399 3192
2399 3440
2399 2971
2399 3595
2399 2936
2399 3677
2399 3098
3317 843
2399 3288
2258 1202
2399 3040
2399 2014
2503 3806
2702 891
2399 3272
2399 2735
2399 3140
2503 3871
2500 3517
2398 2128
2500 3613
2399 3140
2403 1545
2500 3506
2503 3939
2500 3561
2399 2803
2483 3463
2399 3226
2380 869
2451 1625
2500 3574
2451 2477
2500 3612
2399 3220
2500 3472
2500 3407
2399 3217
2396 656
2399 2325
2399 3172
630 6
3317 436
2500 3294
2500 3709
2399 3215
2202 634
2500 3410
1873 14
2451 2346
2503 3794
2399 3341
2404 204
2399 3166
2399 2931
2399 3599
2399 3327
2399 3353
2500 3362
2500 3341
2500 3726
2399 3021
2727 283
2399 3667
2435 929
2399 352
2399 2824
2399 4117
2399 3970
2399 1732
2399 3094
2500 3674
2399 3260
2215 81
2399 3212
2500 3781
2396 689
2503 3529
2602 423
2399 3499
2399 2947
2483 996
2503 3811
2399 3576
2399 3678
2399 3340
2399 3284
2399 3173
2503 3741
2399 3362
2451 2357
2399 3609
2258 655
2399 3312
2399 3495
2403 1448
2483 3439
2399 3787
2399 3026
2503 3893
2503 3745
2399 3689
2261 1577
2500 3737
2399 3044
2385 49
2435 932
2399 2515
2500 3772
1716 260
2395 540
2399 3695
2477 810
2399 2409
2500 3446
2503 3910
2399 2005
2399 3579
2258 970
2399 3377
2399 2927
2399 3201
2500 3733
2483 3352
2500 3438
2399 3301
2399 3832
2477 3083
2399 3323
2500 3611
2483 3440
2503 3703
2399 2880
2261 893
2399 3357
2500 3353
2503 3912
2503 3828
2399 3407
2398 1505
2399 3181
2435 1202
2202 582
2057 272
2483 3443
2702 653
2500 3636
2399 2625
2399 3010
2503 3594
2399 3041
2503 3521
2399 3214
2399 3145
2399 3342
2399 3270
2399 3694
2396 926
2399 2888
2399 3060
2451 1265
2399 3286
2483 3360
2399 4005
2399 2972
2503 3850
620 26
2500 3571
2399 3810
2451 1373
2500 3471
2483 3391
2399 3670
2399 3527
2399 3073
2399 3267
2399 3124
2399 3372
2399 3256
2399 3087
2399 3425
2396 938
2258 269
2399 3096
2602 659
2396 588
2258 401
2396 990
2500 3595
2399 2786
2399 3103
2399 3438
2399 3000
2399 2847
2399 3631
2399 3804
2399 3465
2153 235
2367 223
2483 3460
2483 3407
2399 3437
2399 3460
2483 3315
2399 3204
2500 3561
1357 130
2503 3940
2500 3493
2399 3079
2399 3507
2503 3890
2399 3292
2503 3907
2503 3816
2399 3765
2399 3029
2500 3722
2399 3311
2399 3726
2399 3341
2399 4004
2399 2990
2399 2868
2488 316
2399 3703
2483 3367
2398 1211
2483 3393
2399 3451
2399 3621
2500 3451
2399 1854
2399 3571
2503 3804
2399 3180
2399 3066
2399 1325
2500 3578
2399 3057
2399 3755
2403 1358
2451 2403
2399 3246
2503 3770
2503 3746
2500 3584
2503 3878
2399 3031
2503 3746
2500 3788
2399 3848
3299 165
2399 2797
2503 3682
2500 3711
2399 2973
2435 706
2258 438
2399 2944
2399 3286
2399 2407
2399 3353
2477 841
2399 3354
2483 3452
2399 3681
3090 772
2500 3746
2399 2312
2399 3110
2500 3549
2399 2561
2503 3873
2399 2848
2399 3319
2399 3355
2500 3628
2399 3060
2399 3592
2399 3175
2399 3237
2399 3462
2404 242
1716 308
2435 959
2399 3172
2399 2955
2503 3912
2399 3521
2399 2861
2503 3818
2399 2446
2399 2518
2451 2374
2399 3778
2116 1015
2399 3213
2399 3624
2399 3318
2380 484
2398 2161
2399 2880
2399 3284
2399 3085
2399 3261
2399 3012
2399 3052
2399 3480
2399 3268
2399 3196
2500 3673
2399 3457
2399 3512
2258 538
2503 3796
2399 3414
2399 3137
2451 1420
2399 3295
2399 3008
2451 901
2477 595
2399 3329
2483 3499
2500 3760
2399 3152
2399 3390
2399 3412
2503 4030
2500 2790
2399 3419
2399 3155
2399 3418
2451 2299
2399 3846
2399 2520
2483 3463
2399 2860
2396 821
2403 901
2399 3222
2399 3854
2399 3244
2399 2740
2399 3758
2399 3565
2435 1319
2399 3646
2500 3363
2399 3664
2503 3859
2500 3653
2399 3379
2500 3419
2503 3979
2503 3881
2503 3828
2436 1058
2399 3367
2399 3233
2483 3417
2399 3613
2399 3268
2451 1461
2399 3012
2258 512
1776 725
2399 3161
2399 3804
2500 3592
2399 2995
2500 3405
2399 2920
2503 3949
2500 3629
2399 3156
2399 3158
2399 3201
2399 3484
2418 249
2399 3322
2399 3307
2488 1770
2398 2157
2399 2851
2399 3377
2399 3310
2435 736
2399 3299
2451 1895
2399 3295
2500 3692
2500 3738
2399 3184
2500 3719
2399 3459
2500 3488
2503 3886
2258 419
2399 3409
2503 4011
2399 3114
2399 3519
2399 2919
2399 3052
2399 3461
2500 3705
2399 3215
2399 3217
2399 3578
2626 629
2399 3348
2602 737
2503 3904
2399 3487
2503 3828
2399 2987
2500 3663
2399 3467
2503 3817
2503 3743
2435 1454
2399 3002
2399 1388
2477 516
2451 1529
2503 3878
2261 764
2503 3994
2399 3326
2399 3495
2500 3083
2500 3633
2500 3619
2500 3429
2399 3564
2399 2418
2399 3610
2620 1162
2503 3718
2399 4144
2503 3892
2399 2915
2500 3720
2399 2995
2500 3775
2399 3388
2399 2834
2258 196
2399 3339
2399 2688
2451 1483
1198 64
2202 1179
2398 1906
2451 1274
2399 3304
2399 3367
2500 3376
2399 3532
2500 3556
2258 383
2399 3393
2399 3259
2399 3469
2399 3500
2399 3375
2339 678
2488 2107
2632 628
2503 3978
2500 3657
2057 1014
2399 3564
2399 3319
2399 3272
2423 506
2399 3149
2483 3488
2399 3193
2399 2976
2399 3413
2399 3669
2399 3045
2503 3779
2399 2853
2503 3748
2399 3159
2503 3850
2399 2261
2500 3592
2500 3501
2503 3837
2399 2184
2399 3492
2399 3310
2399 3340
2503 3504
2399 3457
2399 3127
2399 3024
2399 3523
2380 321
2500 3521
2399 3027
2500 3617
3201 289
2451 1626
2399 3780
2399 3304
2399 2838
2399 3246
2399 3581
2116 1137
2399 3160
2500 3639
2399 3451
3201 400
2483 3443
2246 435
2500 3464
2451 977
2500 2789
2483 3369
2399 3036
2451 1359
2399 2905
2153 579
2500 3736
2500 3706
2705 632
2483 3457
2399 3148
2399 3917
2399 3750
2399 3017
2399 2485
2399 3974
2483 3316
2399 3352
2503 3964
2503 3908
2399 2945
2399 3232
2399 3033
2399 3430
2399 3658
2399 3579
2483 3366
2399 3316
2399 3040
2500 3670
2702 403
2399 3400
2084 362
2399 3408
2500 3345
2435 216
2396 1003
2399 3133
2399 2899
2084 216
2399 3173
2477 519
2399 1771
2435 1508
2399 3471
1906 150
2399 3824
2483 3279
2483 3314
2396 1508
2396 1523
2399 3174
2483 3328
2702 439
2500 3370
2503 3817
2399 3265
2500 3378
2399 4023
2399 2939
2399 3031
2399 3631
2451 2495
2500 3746
2399 3017
2399 3372
2399 1456
2246 1283
2503 3850
2399 2860
2399 3156
2399 3864
2399 3258
2500 3579
2399 3299
2399 2906
2399 3513
2399 3832
2503 3895
2483 3530
2500 3454
2488 2063
2451 2482
2399 3203
2399 2977
2399 1921
2399 3608
2500 2985
2503 3780
2500 3431
2399 3765
2399 2348
2399 3674
2500 3697
2399 3576
2500 3711
2503 3996
2483 3347
2399 3099
2399 3947
2500 3440
2399 3246
2380 941
2500 3749
2399 3322
2503 3916
2399 3223
2399 2668
2483 3461
2399 3421
2503 3860
2500 3598
2399 3076
2399 3424
2602 848
2399 1854
2399 3821
2399 3992
2399 3270
2399 3392
2399 3367
2399 3428
2399 3256
2399 3285
2500 3809
1836 150
2399 3478
2399 3093
2399 2761
2500 3491
2399 3526
2477 3065
2258 691
2395 402
2399 3358
2399 2940
2403 1527
2500 3336
2399 4051
2399 3018
2399 3268
2451 796
2399 3289
2483 3420
2399 2900
2395 413
2483 3450
2503 3924
2399 3156
2483 531
2503 3866
2399 3154
2396 1166
2399 3258
2399 3648
2500 3424
1836 187
2399 3198
2602 483
2500 3409
2451 1774
2399 3570
2399 2046
2500 3579
2399 2995
2399 2688
2399 3255
2399 3484
2503 3837
2503 3615
2500 3372
2399 1582
2399 3446
2399 3063
2626 945
2399 2951
2451 1902
2399 2953
2500 3449
2399 3251
2399 3110
2399 3256
2399 3256
2500 3604
2503 3917
2399 3048
2483 3344
2602 804
2705 143
2399 3350
2500 3602
2215 202
2399 3358
2403 1596
2500 3366
2258 880
2399 3098
2399 3213
2436 1439
2261 1153
2399 1974
2399 3476
2399 3321
2399 2902
2399 3159
2399 2617
2503 3741
2500 3743
2435 1368
2399 3174
2399 3226
2451 1877
2399 3255
2451 1555
2399 3051
2399 3501
2503 3984
2399 3518
2396 1193
2399 3617
2451 1569
2399 3193
2500 3774
2399 4072
2702 622
2399 3266
2483 3286
2503 3611
2399 3293
2202 1369
2399 3541
2435 1069
2399 2345
2399 3348
2399 1518
2399 3223
1716 285
2503 3558
2521 1289
2399 2959
2451 1811
2399 3373
2399 3034
1776 718
2399 3068
2399 3624
2500 3616
2500 3571
2483 827
2500 3647
2500 3425
2500 3575
2399 2916
2399 3422
2483 3362
2503 3765
2399 2606
2399 3363
2399 3472
2399 3358
2500 3349
2399 2974
2399 3729
2503 3529
2399 3726
2500 3634
2624 174
2500 3506
2399 3309
2399 3354
2503 3850
2396 916
2451 2422
2500 3631
2399 2795
2399 3655
2451 1668
2399 4025
2500 3695
2503 3875
2399 2636
2258 499
2399 3027
2488 1904
2398 1998
2451 1900
2399 3211
2503 3923
2626 654
2503 3621
2399 3020
2399 2995
2399 3045
2451 2272
2483 3435
2399 1906
2399 2803
2261 788
2258 599
2500 3571
2399 2915
2258 403
2503 3578
2246 1038
2399 3512
2339 147
2399 3531
2399 3534
2451 1610
2399 2570
2451 1779
2399 3128
2399 3733
2396 690
2399 3200
2399 3514
2399 3493
2399 2963
2399 3145
2399 3376
2399 2221
2503 3922
2399 3877
2399 3061
2399 3007
2399 3189
2500 3502
2399 3465
2399 3825
2399 3348
2399 4040
2399 3543
2503 3765
2399 3552
2483 3295
2477 641
2548 557
2246 1042
2500 2764
2396 1687
2399 2813
2399 3598
2500 3625
2399 2999
2399 3254
2500 3697
2435 656
2503 4023
2635 235
2399 3255
2500 3360
2500 3463
2399 3569
2399 3748
2500 3669
2451 1540
2261 1462
2500 3538
2399 177
2399 3088
2399 2964
2399 3685
2804 17
2399 2832
2399 2879
2500 3001
2521 1442
2399 2815
2399 2829
2399 3386
2399 3147
2500 3746
2399 3308
2500 3588
2399 3399
2451 1375
2261 651
2399 3399
2399 2998
2399 4124
2398 1288
2399 3116
2399 3045
2503 3909
2399 3348
2500 3687
2399 3197
2503 3839
2399 3182
2399 2227
2500 3580
2503 3890
2258 940
2399 3693
2399 3246
2500 3566
2153 381
2451 1440
2215 920
2399 3303
2500 3617
2500 3495
2500 3467
2399 2171
2399 2945
2399 3604
2435 700
2399 3584
2399 3485
2435 1203
2435 1261
2399 3793
2632 646
2399 3089
2399 2983
2399 3054
3674 47
2500 3756
2395 1324
2399 3319
2399 3223
2500 3723
2399 2942
2399 3169
2258 355
2399 2966
2399 3172
2500 3481
2396 1188
2399 3824
2399 2240
2451 1916
2399 3181
2399 3049
2500 3531
2503 3854
2399 2797
2451 2348
2399 3993
2399 3385
2399 3641
2380 884
2451 2225
2399 3128
2500 3426
2399 3304
2451 1594
2500 3429
2399 3401
2399 3181
2500 3680
2399 3098
2500 3517
2399 3529
2483 3270
2399 2950
2399 3738
2399 3323
2399 3355
2399 3293
2635 308
2016 807
2261 1057
2399 3352
2399 2883
2399 3713
2399 3426
2399 3544
2399 3056
2503 3564
2399 3148
2399 3254
2500 3492
2399 3283
2399 1385
2399 4080
2399 2449
2396 655
2399 3410
2500 3322
2399 3423
2483 3345
2500 3392
2399 3252
2503 3655
2602 273
2399 3627
2254 1265
2399 3263
2503 3884
2399 3678
2399 3369
2500 3658
2503 3836
2399 3558
2399 3662
2500 3701
2500 3630
2500 3668
2503 3980
2702 575
3072 84
2503 3812
2399 3239
2399 3128
2399 3571
2500 3417
2399 2980
2503 3881
2451 1766
2399 2984
2399 3443
2399 1777
2503 4038
2503 3798
2399 3543
2399 3273
2399 3280
2399 3351
2500 3524
2399 3744
2399 1732
2399 3361
2451 1172
2399 3039
2399 3040
2477 2985
2403 1267
2399 2972
2396 1822
2399 3704
2399 3390
2399 3716
2500 3497
2399 2916
2477 3120
2399 3234
2399 3096
2399 3622
2399 3005
2500 3546
2500 3590
2399 3768
2399 3602
2624 171
2399 3404
2399 2070
2399 3472
2399 3251
2503 3769
2399 3076
2500 3691
2503 3838
2396 1995
2254 1398
2503 3576
2500 3587
2399 3741
2503 3907
2399 3665
2339 377
3365 59
2451 2272
2500 3633
2451 1661
2483 3404
2399 3411
2399 3219
2602 572
2503 3688
2399 3251
2632 659
2503 3891
2500 3768
2635 133
2451 1573
2399 3457
2399 3144
2398 2044
2399 3625
2500 3674
2503 3857
2602 248
2548 462
2399 3011
2399 3557
2500 3629
2399 3151
2399 3257
2399 3224
2399 3183
2399 3496
3365 276
2451 2121
2503 3805
1453 91
2702 700
2399 3990
2399 3220
2451 1845
2399 3297
2483 3328
2399 3131
2600 229
2399 4103
2399 3069
2503 3526
2500 3393
2396 1337
2399 3644
2503 3905
1776 825
2500 3722
2435 996
2399 3809
2451 1454
2500 3470
2399 3470
2399 3337
2483 3485
2396 1312
2548 508
2451 1892
2503 3959
2399 3323
2503 3566
2399 3330
2399 3199
2503 3878
2399 3942
2399 3190
2399 2815
2399 2939
2057 322
2399 3299
2503 3887
2500 3710
2399 3493
2399 3531
2620 1180
2399 3233
2483 3396
2503 3685
2503 3788
2399 3378
2451 1527
2500 3786
2483 3518
2399 3703
2399 3157
2500 3654
2483 3355
2500 3636
2399 3203
2399 3760
2451 2110
2500 3470
2322 9
2451 2219
2396 1780
2399 3233
2435 821
2399 1454
2399 3260
2503 3638
2399 3625
2399 3944
2398 1494
2399 3779
2398 2230
3365 312
2399 3044
2500 3450
2380 326
2451 1876
2500 1481
2399 3214
2503 3925
2451 1301
2399 3581
2396 1786
2451 2115
2399 3111
2399 3218
2399 3106
2399 3438
1972 307
2399 2461
2500 3631
2500 3603
2396 1088
2399 3160
2399 2598
2399 2556
2399 2852
2500 3567
2399 2309
2399 3326
2187 956
2500 3377
2399 3317
2396 1172
2399 3174
2399 3257
2399 2936
2503 3608
2070 97
2399 3522
1836 332
2503 3841
2016 814
2399 3171
2483 3383
2399 3398
2399 3010
2451 1028
2500 3359
2727 243
2399 3383
2399 3436
2483 3391
2399 3155
2399 3142
2435 1745
2503 3912
2500 3614
2500 3486
2503 3949
2451 1105
2399 3803
2503 3693
2451 1699
2500 3658
2399 3517
2500 3797
2500 3425
2258 780
2399 3833
2395 668
2399 3468
2399 2356
2258 789
2500 3688
2451 2222
2399 3666
2399 4054
2500 3521
2399 3355
2399 3314
2084 646
2500 3486
2399 2946
2500 3781
2500 2851
2503 3927
2068 337
2258 537
2396 1110
2503 3703
2503 3777
2399 3263
2503 3505
2399 2856
2068 1048
2451 2232
2187 1025
2399 3272
2399 3283
2477 3079
2488 1747
2399 3073
2488 2118
2626 660
2399 1394
2399 3008
2702 779
2399 3077
2503 3773
2399 2887
2451 2402
2399 3140
2399 3596
2503 3767
2477 3052
2399 2904
2399 3221
2451 1043
2399 3291
2399 3415
2399 3467
2500 3580
2567 111
2399 3166
2399 3590
2399 3412
2399 3127
2399 3402
2451 1770
2399 3517
2500 3352
2477 766
2399 3037
2451 813
2503 3833
2399 2947
2500 3541
2500 3510
2500 3600
2399 3251
2399 3321
2399 2983
2483 3285
2399 3289
2399 3226
2702 719
2258 1019
2399 2835
2500 3388
2500 3695
2399 3416
2477 3017
2399 3299
2503 3815
2399 3585
2399 1761
2399 3540
2503 3633
2399 3332
2399 3618
2399 2445
2399 2995
2399 3428
2399 3192
2500 3370
2399 3078
2399 3114
2702 291
2396 596
2084 429
2531 429
2399 3453
2500 3384
2399 3383
2500 3589
2399 3088
2399 3931
2399 3078
2261 766
2399 3240
2399 2543
2399 3166
2399 3270
2399 3361
2786 202
2399 3558
2626 963
2399 3558
2399 3959
2153 228
2399 3750
2399 2937
2500 3574
2399 3193
2399 3140
2399 3198
2451 1526
2403 1337
2451 2780
2399 1205
2399 2824
2503 3887
3317 432
2399 3675
2403 1206
2399 3901
2399 3384
2451 1662
2399 3133
2399 3073
2399 3302
2399 3300
2399 3087
2399 3644
2399 3514
2399 2815
2399 3792
2016 718
2503 3943
2258 689
2500 3347
2399 3097
2399 3338
2399 2973
2399 3358
2399 3529
2503 3866
2399 3304
2435 798
2399 3339
2399 2984
2500 3542
2503 3997
2399 3201
3674 44
2399 3103
2399 2989
2399 3330
2626 790
2500 3654
2600 234
2503 3947
2477 2989
2435 1117
2399 3574
2396 518
2399 3688
2399 3126
2500 3582
2398 1870
2488 2736
2500 3690
2399 3289
2399 3234
2399 2991
2477 843
2399 3279
2396 1460
2399 2934
2483 3277
2399 3057
2399 2898
2399 3529
2503 3991
2403 1302
2399 3612
2500 3585
2399 3481
2399 3843
2399 2950
2380 527
2399 3563
923 77
2399 4004
2399 3135
2399 1742
3365 462
2261 950
1776 643
2483 3321
2451 2121
2503 3735
2503 3833
2399 3519
2500 3682
2500 3543
2399 3261
2399 3586
2488 1829
2399 3344
2261 1268
2399 3509
2399 3309
2399 3147
2399 3816
2399 3402
2399 3309
2399 3484
2399 3460
2500 3713
2488 1861
2399 2352
2399 2864
2810 121
2399 3635
2399 3379
2451 1923
923 102
2548 521
2396 1277
2399 3575
2399 3354
2500 3660
2258 990
2632 563
2399 4033
2399 3093
2500 3758
2483 1149
3317 786
2399 3584
2399 3193
2399 3284
2399 3154
461 2
2399 1618
2399 3741
2500 3634
2483 3394
2399 3803
2500 3751
2399 3354
2399 3485
2477 514
2399 3752
2399 2346
2367 234
2399 2513
2399 2955
2399 3202
2399 3278
2399 3610
2215 113
2503 3799
2399 2947
2395 530
2062 440
2399 3461
2488 2178
2399 3275
2500 3636
2380 105
2500 3501
2632 567
2451 1113
2399 2031
2423 847
2399 3260
2399 3621
2399 3828
2399 3489
2399 3186
2399 2437
2503 3817
2418 195
2500 3477
2339 598
2500 2872
2500 3782
1053 5
2399 3623
2500 3607
2399 3495
2399 3079
2261 1021
2399 3014
2399 2310
2399 3784
2399 3595
2399 3063
2399 3269
2435 1290
2451 1432
2399 3179
2399 3063
2503 3884
1776 608
3163 794
2399 3643
2435 1297
2399 3697
2399 3438
2399 2898
2423 914
2399 3345
2399 3018
2399 3076
2500 3408
2399 2914
2399 3402
1776 478
2399 3167
2396 1711
2477 431
2399 3631
2500 3444
2503 3866
2702 653
2399 3429
2451 1178
2488 2032
2483 3425
2488 1687
2399 3332
2503 3799
2399 3523
2399 4050
2503 3825
2483 3482
2503 3735
2632 231
2261 506
2451 1073
2451 2111
2418 106
2399 3221
2503 3877
2399 3777
2399 2273
2602 727
2399 3286
2399 2870
2399 3413
2399 3253
2399 3198
2399 3945
2399 3483
2399 4099
2399 4078
3110 128
1776 264
2258 191
2423 281
2483 3449
2399 3207
2399 2951
2399 1758
2399 2278
2500 3614
2503 3890
2399 3628
2399 3617
2503 3882
2399 4101
2403 1277
2503 3937
2399 3422
2399 3221
1906 185
2399 2921
2451 1770
2399 3399
2399 1827
2483 3371
2399 3079
2399 3432
2399 3245
2399 2458
2398 1800
2500 3515
2451 2338
2483 3414
2399 2865
2399 3610
2399 3287
2395 250
2477 3023
2399 3484
2435 1629
2399 3816
2403 1610
2500 3476
2399 3658
2261 1537
2399 3321
2399 3185
2399 3497
2500 3591
2399 3322
2399 3598
