4631
287 4962
120 4513
77 4547
473 4941
209 4789
334 4630
287 4825
406 4554
147 4902
82 4699
365 4626
154 4554
429 4525
88 4892
16 1601
169 4963
405 4520
300 4849
294 4772
307 4613
2255 2754
463 4561
287 4567
268 4973
358 4535
487 4550
127 4719
39 4721
2891 4054
185 4653
233 4913
32 4758
445 4662
306 4947
191 620
117 4972
1718 3961
427 4985
463 4523
268 4791
353 4798
440 4845
50 4907
359 4655
715 957
83 4884
220 4759
443 2842
3139 4919
301 4759
184 4792
170 4862
282 4989
306 4597
448 4648
217 4782
145 4528
188 4795
466 4990
1544 2228
352 4696
470 4682
439 4555
122 4665
1089 2104
379 4928
36 4959
341 4633
271 4806
476 4876
163 4540
248 4704
92 4602
20 1164
190 4755
1486 4193
260 4591
196 4848
229 4754
238 456
129 4801
439 4743
22 4587
907 2475
302 4838
3417 4577
347 4887
71 4750
448 4705
309 4819
933 1210
187 1021
40 4717
391 4940
80 4725
255 4663
618 810
375 4935
141 4794
306 4866
400 4925
612 3228
429 4869
2031 3903
4709 4753
230 4553
444 4797
180 4607
236 4738
3089 3207
135 4917
340 4752
22 4788
398 4877
12 4669
60 4996
433 4902
437 4878
385 4552
299 3575
488 4802
435 4703
131 4813
152 4737
412 4653
1401 2546
468 4638
460 4622
59 4810
151 4773
308 4748
460 4671
304 4774
454 4918
288 4573
26 4687
84 4758
240 4783
1175 2592
21 4913
167 4771
268 4500
368 4676
1908 1958
3074 3800
408 4748
137 4951
293 4764
1280 3103
36 4772
483 4535
393 4975
594 1306
104 3746
494 4924
446 4633
130 4937
289 4258
2074 4840
3341 3849
180 4807
116 4672
1433 3340
158 4886
351 4619
25 4574
223 4646
102 4768
116 4884
2963 4389
320 4816
478 4892
9 4821
140 4556
212 4648
2084 4734
1817 3890
160 930
336 4648
395 4568
196 4853
253 4924
59 4558
487 4649
426 4996
216 330
370 4604
448 4774
315 4694
184 4997
1386 3825
988 3168
1360 4573
276 2884
341 4554
119 4909
9 4955
429 4815
311 4694
1412 3728
497 4803
112 4920
2066 4724
225 4797
308 4766
232 4958
1611 4694
719 4479
96 4963
273 4906
1560 4268
297 4817
367 4686
33 4780
201 4723
377 4749
228 4931
315 4992
83 4916
182 4888
356 4516
4048 4962
49 4892
54 4594
422 4881
471 4992
72 4839
85 4572
104 4504
306 4560
406 4688
382 4866
468 4811
491 4625
265 4849
386 4662
48 4978
497 4776
1472 3892
324 4669
433 4827
171 4790
139 4731
127 4753
226 4989
317 4556
48 4573
836 3860
430 4603
410 4705
490 4537
56 4673
299 4995
288 4737
300 4586
126 4984
215 4887
254 4673
130 4897
88 4539
189 4548
429 4794
388 4934
340 4206
620 636
57 4799
7 4975
2981 3784
1750 2726
409 4676
285 4174
329 4618
262 4583
51 4957
94 4639
402 4751
840 2208
95 4705
2561 3048
2935 4495
196 4650
486 4579
237 4936
122 4502
297 4609
495 2709
188 4930
64 4980
396 4740
53 4720
2591 2650
419 4585
93 4953
2490 4425
341 4566
186 4966
323 4794
4053 4252
3195 3319
318 4750
388 4976
262 4974
187 4524
360 4511
353 4760
240 4857
402 4936
1164 2247
18 4538
499 4671
917 2247
342 4866
194 4876
42 4927
138 4865
355 4526
3193 3225
141 4708
33 4869
2971 3088
333 4703
2305 4181
33 4507
1069 1536
81 4547
60 4522
72 4931
122 4831
336 4669
671 972
368 4998
426 4884
15 4734
138 4591
60 4732
3897 3921
114 4634
52 4766
482 4706
137 4614
243 4673
162 4721
103 4787
409 4988
376 4915
397 4713
356 4828
377 4653
191 4826
391 4707
294 4511
486 4662
387 4910
198 4779
250 4666
308 4797
370 4827
421 4798
153 4747
355 4785
564 1171
291 4787
416 4814
331 4757
174 4995
2192 4915
230 4969
283 4763
664 1600
190 4629
2884 2917
488 4675
402 4642
403 4681
222 4600
412 4717
61 4516
1390 2351
561 3619
2066 2611
284 3619
171 4913
75 4760
240 4814
398 4914
125 4913
349 4584
263 4772
168 4792
579 2153
1932 4470
108 4641
166 4529
345 4934
118 4667
11 4556
146 4666
51 4543
522 2619
55 4622
269 4613
485 4536
3959 4716
487 4725
210 4734
56 4641
36 4846
54 4832
5 4883
454 4986
202 4706
11 4666
93 4713
216 4743
2602 3131
348 4798
401 4928
381 4646
196 4754
1013 1909
138 4751
387 4556
164 4786
939 4385
379 4921
145 4922
199 4628
678 3935
1526 3483
223 4533
1179 3138
135 4731
118 4666
17 4975
7 4504
420 580
304 4533
451 4609
133 4727
19 4785
25 4793
9 4918
400 4886
238 4756
370 4677
261 4831
357 4842
670 1327
7 4726
423 4878
494 4860
428 4667
246 4932
219 4536
344 4881
254 4970
86 4559
279 4864
199 4727
329 4768
111 4854
211 4753
211 4610
239 4937
3006 3110
403 4972
444 4835
467 4846
41 4583
346 4570
195 4943
269 4811
2483 2660
262 4898
17 4671
262 4323
2030 4063
451 1523
23 4926
1531 2044
398 4678
3257 3289
249 4999
323 4583
184 4842
215 4764
88 4825
113 4511
235 4726
106 4692
480 4768
470 4670
482 4595
225 4928
99 4988
60 1420
274 4762
208 4558
4083 4800
406 4968
291 4803
195 4758
1013 2665
856 3177
16 4629
500 4869
48 4921
446 4560
424 4944
101 4798
314 4539
259 4655
336 4500
862 3383
270 4812
415 4510
129 4740
141 4964
180 4966
679 3074
319 4660
232 4975
1088 4392
317 4771
91 4883
2070 3504
242 4646
292 4619
375 4790
383 4709
294 4817
293 4934
1613 3007
135 4604
82 4934
378 4594
332 686
98 4517
417 4819
173 4703
2552 3648
47 4987
129 4622
464 4790
139 4502
141 4575
155 4896
380 4760
16 4533
236 4642
422 4925
143 4624
348 4768
70 4664
389 4732
488 4629
226 4650
473 4667
126 4578
348 4536
190 4618
494 4582
483 4954
20 4872
3329 4446
226 4520
394 4730
372 4875
20 4774
235 4602
153 4802
175 4557
265 4976
370 4734
262 4971
74 4678
220 4702
100 4542
28 4828
1563 3431
251 4750
228 2526
260 4670
217 4640
282 4679
2066 4238
1180 1471
3386 4218
351 4501
481 4682
449 4819
370 4641
24 4788
3189 4508
1938 4805
150 4883
209 4626
1710 4788
1041 1208
379 4724
50 4573
105 4624
109 4741
115 4763
255 4658
2635 4154
186 4849
412 4974
479 4994
76 4750
834 3707
420 4210
67 4879
3569 4115
2281 3399
300 4888
439 4882
86 4841
394 4636
139 4927
277 4818
420 4547
160 4990
139 4699
851 1493
88 4520
498 4545
20 4600
1454 2152
476 4614
168 4892
496 4698
487 4876
413 4709
74 4758
349 4880
2129 4810
57 4690
370 4598
459 4641
295 4706
116 4760
80 4756
1266 4333
236 4524
186 4776
488 4737
77 4977
462 4698
300 4689
180 4881
200 4598
330 4545
337 4640
240 4656
437 4671
455 4824
194 4891
142 4522
63 4952
311 4827
274 4835
186 4721
490 4984
480 4850
474 4591
443 4772
2267 4920
411 4527
595 1941
300 4653
1451 4086
421 4949
419 4907
710 1225
243 4618
206 4918
429 4505
19 4572
143 4926
70 4511
171 4586
479 4651
4361 4835
92 4647
226 4775
211 4910
123 4932
444 4513
1109 2778
252 4966
38 4567
445 4888
288 4601
471 4547
205 4605
462 4754
259 4901
333 4707
372 4797
455 4525
426 4783
144 4576
44 4545
153 4897
142 4671
76 4844
438 4644
111 4653
101 4526
346 4765
167 4613
391 4946
180 4581
426 4589
388 4798
285 4901
185 4949
73 4605
266 4579
311 2197
412 4784
379 4652
226 4515
308 4772
279 4632
41 4852
234 4870
498 4624
1150 4708
473 4942
427 4627
197 4904
322 4912
172 4957
294 4502
528 4221
50 4526
88 4927
124 1739
369 4959
38 4501
394 4762
305 4829
1553 2987
22 4514
8 4590
35 4822
2931 3542
110 4960
14 4566
483 4858
151 4814
3728 4958
234 4632
207 4741
220 3136
31 4607
250 4859
27 4800
251 4614
765 2472
2481 3686
159 4553
400 4595
133 170
44 4520
455 4834
143 4826
154 4972
481 4646
488 4661
193 4522
5 4644
260 4695
1 4941
3019 4531
43 4708
352 4898
1622 3823
417 4643
121 4879
64 4675
445 1863
462 4674
2416 2989
412 4583
496 4818
767 1820
47 4621
3 4551
360 4661
127 4909
422 4599
3127 3244
446 4910
224 4744
121 4773
233 4584
3897 4188
381 4978
1897 2788
86 4790
236 4521
151 4736
707 3928
313 4607
237 4514
384 4744
714 956
3073 4717
353 4969
134 4761
3005 3239
332 4851
303 4738
261 2834
282 4847
2040 2967
350 4594
197 4543
336 4799
125 4635
606 949
494 4625
136 4553
676 1116
449 4658
3385 3876
69 4649
168 4948
335 4945
73 4962
126 4839
397 4503
1095 2511
393 4518
145 4916
2435 3486
2162 4531
3679 4090
2107 4093
172 4892
1855 2821
2823 2922
205 4504
87 4949
236 4766
412 4555
485 4927
85 4885
79 4599
367 4825
45 4745
24 4973
146 4731
284 4883
479 4646
345 4605
115 4909
140 4932
416 4938
289 4902
424 4530
220 4603
290 4623
428 4640
2267 3778
56 4816
3908 3923
183 4645
145 4887
4238 4699
138 4788
54 3723
108 4890
587 1394
92 4710
295 4684
281 4695
341 4629
1979 4260
167 4760
251 4826
61 4855
21 4536
185 4814
358 4785
348 4714
461 4508
193 4833
1877 4173
420 4713
482 4696
240 4970
93 4555
1063 2124
384 4648
365 4536
280 4539
238 4779
332 4638
191 4879
2664 2825
401 4686
3610 4302
270 4631
17 4530
449 4775
26 4756
434 4785
244 4848
3916 4076
46 4760
325 1229
425 4943
312 4698
478 4530
242 4841
165 4851
1017 1589
417 4865
31 4799
4007 4325
1732 4934
178 4615
16 4536
130 4530
246 4899
336 4872
174 4816
344 4566
456 4837
351 4925
259 4547
285 4569
319 4741
500 4786
357 4901
158 4606
404 4678
1157 3105
400 4885
106 4700
2702 4738
255 4677
261 4579
388 4541
117 4754
64 1998
4389 4717
87 4802
425 4585
161 4766
485 4898
111 4777
360 4910
380 4537
432 4874
350 4506
412 4619
269 4744
238 4616
452 4884
73 4763
238 548
383 4799
120 4500
299 4949
327 4769
127 4871
54 4887
444 4545
119 4900
103 4887
426 4818
4 4773
334 4837
3038 3420
468 4660
1437 2367
129 4876
418 4761
493 4922
129 4900
200 3547
6 4887
6 4648
19 4914
303 4623
2217 2235
1026 1063
469 4749
20 4946
342 4779
703 4804
383 955
371 4870
87 4718
302 4562
280 4788
1828 2077
308 4645
74 4969
375 4803
321 4618
122 4723
380 1283
290 4925
107 4609
320 4932
303 4594
293 4522
299 4728
212 4541
195 4691
242 4518
260 4943
272 4547
1169 2722
1018 3240
421 4873
351 4983
2699 4555
470 4891
63 4833
396 4706
404 4899
216 4654
374 4634
919 1172
262 4951
418 4551
49 4836
186 4565
110 4820
66 4535
101 4878
190 4582
160 4935
27 4663
48 4677
35 4688
340 4888
166 4968
52 4829
462 4873
465 4822
262 4915
75 4833
379 4952
35 4696
168 4661
257 4798
408 4940
25 4531
3816 3971
364 4982
267 4930
170 4615
261 4723
259 4521
488 4561
447 4900
4842 4941
144 4978
35 4873
1401 2886
188 4715
274 4707
316 4610
169 4893
377 4724
464 4594
379 4586
366 4985
226 4865
457 4584
401 4889
286 4974
437 4755
410 4715
117 953
240 4535
318 4765
401 740
370 4734
206 4936
17 4982
13 4698
99 4680
936 2743
223 4529
421 4898
716 4779
2896 3227
240 4591
121 4845
2567 3153
354 4884
326 4630
17 4510
219 4638
340 4526
417 4773
357 4578
393 4644
346 4737
183 4555
4112 4354
251 4845
1035 4072
619 4868
363 4762
138 4781
157 4531
54 4757
63 4770
425 4619
55 4605
97 4686
131 4912
179 4761
468 4719
180 1495
289 4938
2106 4987
37 4838
94 4550
393 4967
22 4584
487 4564
471 4642
347 4997
367 4798
140 4611
87 4867
64 4710
184 4179
54 4907
158 4747
392 4634
5 4993
472 4744
474 4921
166 4605
1418 2035
55 4848
485 4704
323 4642
306 4788
470 4601
177 4723
483 4801
375 4836
487 4919
442 4693
57 4744
2978 3437
760 3948
145 4735
58 4639
267 4711
352 4542
396 4752
157 4503
1836 2946
33 4766
455 4909
295 4793
769 965
280 4908
179 4781
101 4781
202 4544
253 4556
119 4666
121 4546
292 4953
366 4781
257 4525
45 4691
396 4512
65 4551
424 4791
124 4798
182 4545
317 4666
206 4677
91 4558
48 4697
54 4772
446 4791
60 4610
1328 4203
244 4933
452 4758
194 4963
1554 1941
177 4878
1018 1497
247 4943
361 4515
371 4559
386 4672
295 2986
708 3152
307 4985
1962 3451
300 4756
285 4594
309 4629
89 4571
141 4877
387 4856
160 4586
2 4621
358 4515
59 4607
239 4980
302 4557
362 4551
304 4506
140 4679
421 4586
214 4692
36 4549
385 4829
269 4527
37 4661
194 4611
494 5000
369 4739
497 4728
3173 4903
497 4866
34 4515
270 4633
445 4835
464 4879
410 4880
244 4508
2654 4750
270 4640
1658 3330
3 4981
6 4556
294 4804
290 4735
512 873
1565 1903
64 4876
318 4676
440 4671
8 4832
325 4601
467 4797
399 4513
11 4889
453 4998
4199 4408
148 4889
21 4852
494 4544
290 4724
393 4961
386 4947
147 4558
43 4826
320 4787
164 4830
134 4517
182 4867
224 4726
19 4565
121 4966
1780 4565
1747 3564
340 4643
85 4922
306 4903
269 4565
375 4981
1094 1453
176 4736
7 4781
337 4669
705 2489
73 4896
356 4869
121 4702
47 4857
478 4870
173 4516
443 4650
155 4584
345 4769
248 4667
346 4983
94 4928
219 4827
59 4647
27 4542
30 4858
137 4663
467 4989
298 4976
408 4673
358 4927
354 4554
432 4845
179 4963
863 4893
152 4544
969 2545
309 4661
108 4713
142 4720
155 4783
354 4715
94 4984
2840 3757
210 4550
347 4794
236 4944
38 4614
203 4555
379 4999
1217 3459
461 4749
38 4885
35 4684
395 4749
174 4813
449 4776
1024 2538
603 1388
93 4961
416 4566
3 4588
262 4834
2418 3969
147 4509
345 4375
275 4680
76 4511
401 4568
2273 2513
427 4606
2098 2869
160 4918
443 4911
487 4762
445 4794
381 4609
360 4679
282 4837
474 4902
415 4902
106 4067
290 4824
167 1500
92 4521
1390 4563
313 4632
227 4593
1689 2265
757 3248
335 4707
194 4654
390 4746
490 4858
375 4983
157 4733
227 4720
490 4983
1418 4494
311 4966
331 4796
259 4784
199 4980
2743 4277
185 4975
498 4612
449 4643
100 4911
405 4558
298 4556
431 4621
94 4922
169 4911
339 4626
245 4542
399 4596
6 2555
459 4599
180 4573
89 4728
80 4656
482 4607
385 4692
1950 4046
328 4504
2758 4815
473 3158
371 4668
106 4514
1642 2556
2015 4940
2135 4032
193 4928
318 4922
290 4684
373 4654
206 4142
381 4768
24 4582
239 4964
147 4745
422 4966
231 4900
1848 3634
213 4839
304 4556
181 4819
450 4803
342 4775
83 4511
650 1760
3424 3498
203 4723
394 4556
1 4685
60 4547
410 4633
1606 3257
3318 4445
138 4853
309 4763
91 4754
423 4527
417 4848
188 4534
422 4530
2150 3850
230 4537
305 4706
455 4649
261 4851
4572 4939
605 1402
1598 2451
210 4942
939 3025
2216 3719
159 4598
290 4790
465 4952
100 4584
2339 3719
2286 2381
342 4774
51 4634
427 4679
446 4814
483 4695
88 4923
308 4762
237 4680
484 4528
4233 4500
425 4980
1104 2104
301 4742
170 4515
284 4919
498 4993
199 4804
143 4889
4400 4951
299 4904
47 4903
459 4593
469 4881
371 4514
400 4549
86 4645
4 4712
493 4888
178 4919
151 4699
34 4684
118 4769
288 4615
369 2637
271 862
1550 3910
131 4989
194 4950
182 4770
145 4882
37 4950
421 4949
119 4620
389 4557
455 3692
13 4828
3181 4026
183 4974
238 4549
181 4951
28 4575
689 2182
720 1406
2881 3320
387 4976
203 4573
411 4949
188 4854
393 4564
144 4793
394 4904
493 4646
52 4807
190 4856
110 4991
29 4614
204 4644
483 4723
335 4760
229 4739
460 4735
1350 4099
443 4762
391 4853
108 4761
335 4597
2423 2549
340 3555
362 4731
205 4586
193 4631
334 4692
298 4865
3154 4895
437 4954
351 4511
303 4611
457 4762
38 4982
75 4635
251 4981
581 3818
467 4977
490 4921
389 4769
1725 4629
2 4538
131 4571
3674 4860
384 4730
257 4902
81 4719
13 4772
341 4704
127 4988
427 4687
421 4794
235 4950
94 4584
3658 4838
290 4667
164 4503
425 4542
242 4898
362 4656
251 4632
144 4731
137 1502
366 4604
420 4610
467 4728
291 4833
166 4630
72 4732
31 4943
246 4641
478 4604
443 4600
415 4949
466 4500
279 4843
244 4969
97 4959
395 4846
263 4633
214 4638
190 4519
71 4647
459 4583
318 4684
396 4566
493 4850
153 3818
327 4769
147 4949
341 4566
2703 3892
25 4759
117 4882
242 4810
343 4580
114 4512
2056 2529
155 4649
246 4971
241 4765
475 4704
136 4784
119 4771
423 4873
319 4641
238 4725
2380 2829
139 4748
512 974
55 4735
207 4924
114 4979
2026 4066
206 4505
112 4831
213 4856
423 4920
1274 3196
554 1847
446 4828
372 4644
644 4914
408 4989
187 4911
488 4792
441 4791
390 4528
221 4729
1940 4662
195 4777
295 4977
326 4711
278 4659
38 4806
371 4634
71 4653
644 4571
386 4757
366 4570
307 4535
249 4672
375 4876
249 4881
2032 2725
347 4676
332 4889
403 4965
196 4505
278 4671
1152 1430
305 4581
1719 2478
345 4744
3283 3909
14 4725
353 4879
367 4897
807 3873
337 4599
260 4685
2076 2847
400 4964
6 4979
3431 4589
322 4969
248 4790
246 4953
129 4953
337 4865
234 4562
2609 2987
128 4871
88 4773
1754 4277
363 4586
413 4814
2009 3242
136 1147
125 4515
378 4791
90 4821
433 4788
286 4700
1301 2381
365 4936
1244 1297
480 4681
422 4963
283 4595
261 4864
30 4959
651 1254
232 4500
353 4538
4812 4999
481 4647
499 4904
471 4553
295 4508
50 4973
84 4610
1104 1509
130 4805
76 4786
81 4500
380 4735
2133 4040
368 4877
110 4714
326 4592
323 2969
114 4795
398 4936
352 4778
368 4756
68 4817
352 4551
62 4900
341 4717
429 4745
92 4521
321 4844
153 4907
2371 4173
316 4943
1101 2497
1 4596
240 4905
4227 4550
446 4899
270 2877
2281 4764
233 4748
904 3238
229 4995
455 4667
211 4616
389 4555
1252 4303
155 4821
216 4928
265 4721
434 4532
368 4714
344 4994
3173 4605
3341 4742
206 4600
357 4584
334 4509
2168 2657
460 4594
212 2513
13 4773
312 4671
3712 4107
262 4640
375 4911
128 4742
329 4681
334 4677
405 4960
813 4963
61 4818
221 4575
16 4827
403 4983
1010 1634
488 4687
337 4705
289 4844
62 4865
430 4792
320 4899
471 4855
108 4508
1860 4741
27 4779
4119 4211
405 4898
102 4594
194 4598
375 4711
419 4574
46 4862
6 2135
464 4763
90 4823
299 4693
298 4543
153 4550
189 4818
323 4593
74 4921
101 4954
167 4854
320 4923
975 1255
856 4035
373 4758
1473 1963
370 4854
2731 3856
2322 2704
123 4595
223 4578
40 4939
119 4989
32 4506
142 4963
318 4904
143 4883
71 4713
1293 2579
268 4883
287 4848
137 4728
309 4521
120 4709
902 1496
206 4834
314 4743
463 4770
493 4712
54 4948
409 4903
835 3055
192 4610
431 4714
167 4666
68 4832
51 4686
407 4956
103 4953
9 4771
132 2958
58 4937
370 4570
148 4834
336 4661
245 4794
383 2402
1024 1920
329 4995
41 4882
110 4861
20 4726
264 4925
95 4785
2521 3272
198 4525
735 1562
327 4651
448 2524
462 4726
322 4836
86 4869
332 4827
339 4917
2626 4918
58 4601
1186 4075
3134 4422
445 4864
95 4542
494 4741
111 4599
420 4057
101 4577
439 4594
18 4872
393 4729
2399 3613
134 4959
14 4975
1870 4171
362 4708
289 4520
313 4526
14 4789
188 4526
98 4747
2385 2650
451 4929
29 4040
386 4877
103 4956
290 4512
208 4614
219 4779
143 4952
492 4606
83 4688
392 4752
383 4547
77 4991
280 1114
78 4983
405 4580
486 4661
187 4651
25 4739
12 4534
4762 4971
388 4540
388 4570
2032 3315
233 4855
232 4894
72 4918
234 4952
22 4972
392 4817
495 4589
350 4938
441 4624
3839 4221
100 4628
207 4910
222 4537
336 4562
258 4521
769 3462
145 4558
25 4867
157 4591
1729 3254
212 4667
155 4620
438 4955
446 4820
728 2601
212 4744
173 4858
14 4538
102 4844
470 4873
419 4670
467 4728
252 4507
583 3225
230 4787
112 4814
1356 1756
423 4526
99 4593
486 4571
464 4847
190 4906
2179 3986
248 4709
156 4781
410 4832
1575 2640
28 4652
1723 4437
400 4503
87 4564
108 4982
28 4611
804 1233
410 4823
2548 4224
125 4898
494 4966
121 4637
102 4843
42 4742
125 4765
33 4921
286 4829
32 4585
27 4653
202 4911
1306 4398
2705 3215
285 4836
35 4844
160 4780
212 3798
330 4600
1302 3904
464 4517
2600 4030
487 4670
446 4597
298 4999
254 4677
150 4587
337 4516
190 4634
158 4895
3332 3626
478 4556
18 4838
368 4566
118 4639
2 4839
169 4959
215 4723
247 1394
28 4607
429 4830
188 4595
174 4658
267 4840
100 4978
2436 4854
4160 4943
460 4907
298 4842
448 4680
150 4824
138 4858
829 4379
673 1497
1817 2082
2451 4243
1742 4741
496 4625
394 4927
149 4767
283 4571
230 4686
231 4520
134 4943
341 4708
153 4872
262 4359
158 4897
353 4998
300 4538
76 4533
1724 2178
86 4544
203 4838
3610 4314
205 4632
540 4803
2702 3629
356 4767
1845 2970
182 4745
243 4956
147 4746
315 4791
218 4890
178 4618
2488 3552
170 4578
277 4985
331 4653
260 4950
35 4998
96 4669
1678 4409
331 4817
359 4948
318 4607
202 3220
3469 4685
483 4548
766 1996
794 1771
447 4951
233 1123
389 4520
3857 4573
132 4568
25 4591
128 4668
406 4836
452 4824
287 4763
254 4710
1354 2984
290 4938
452 4739
194 4501
75 4626
311 4990
80 4715
253 4731
195 4786
425 4667
37 4923
363 4911
31 4795
62 4663
496 4775
2531 3348
163 4923
320 4561
282 4868
219 4824
419 4546
3673 4965
1019 4645
208 4564
50 4684
1181 4798
369 4785
446 4597
241 4511
4529 4793
457 4796
1699 4615
421 4550
234 4568
2332 3839
223 4708
398 4879
31 4838
824 3191
499 4607
3067 3953
1726 2091
445 4641
29 4896
173 4771
2022 4092
329 4961
232 4715
274 4930
23 4851
556 589
314 4691
483 4998
3245 4124
415 1324
457 4742
163 4875
419 4675
26 4627
3719 4751
426 4962
3068 3853
2403 4735
895 2815
240 4851
212 4507
3796 4340
462 4633
1123 1612
436 4923
16 4702
1536 4807
461 4530
211 4980
312 4687
146 4703
155 4767
79 4980
95 4900
486 4674
230 4614
4730 4844
1945 2326
2313 2632
408 4550
531 4184
497 4840
2042 2552
155 4734
568 1296
370 4757
468 4865
301 4722
1894 4236
347 2749
402 4621
434 4916
111 4670
469 4869
245 4891
947 3113
1145 1810
172 4906
80 4632
331 4961
707 3907
305 4873
253 4615
167 4843
30 4888
377 1912
97 4589
485 4967
3154 3905
991 4126
281 4986
245 4833
300 4821
91 4729
64 4613
55 4574
675 4388
234 4690
176 4625
497 4910
2477 3156
134 1853
5 1101
147 4673
3870 4352
26 4776
7 4716
458 4649
193 4517
360 4766
495 4986
3124 3917
175 4948
453 4651
66 4646
437 4633
291 4753
483 4697
227 4559
234 4808
492 4512
1 4941
279 4719
1108 2059
409 4540
314 4731
704 732
232 4712
46 4586
929 1654
311 4955
978 3816
219 4813
124 4844
39 4891
179 4881
491 4531
132 4504
383 4884
380 4774
13 4647
67 4831
472 4755
146 4616
3049 4764
397 4939
440 4660
125 4993
360 4776
61 4701
193 4725
208 4503
1750 2207
218 4504
22 4890
177 4953
82 4954
359 4731
430 4549
3036 4054
123 4975
98 4777
2398 4769
180 4870
308 4561
197 4657
3913 4275
441 4517
12 4693
3 4671
151 4929
421 3954
311 4874
215 4719
435 4635
242 4650
3475 4021
180 4615
790 819
410 4610
259 4803
241 4506
351 4632
3082 3643
244 4570
406 4678
31 4538
301 4551
3291 4989
2620 4484
1816 4267
81 4547
80 4990
272 4816
1240 1944
367 4773
462 4540
6 4769
338 4945
79 4645
296 4749
3299 4543
45 4891
349 4661
154 4937
367 4717
2116 3344
454 4907
59 4878
466 4729
109 4973
472 4889
276 4963
301 4953
428 4699
444 4807
1826 3871
118 4702
325 4818
35 4528
343 4500
405 4628
82 4753
498 3123
174 4850
2804 3869
373 4948
376 4789
479 4967
82 4892
37 4882
381 4725
157 4696
286 4970
227 505
431 4843
162 4541
92 4890
318 4988
42 4503
137 4984
366 4611
23 4517
2 4756
204 4638
24 4583
9 4581
157 4923
363 4804
388 4624
50 4502
1779 3714
35 4634
2951 4073
187 4620
189 4847
321 4795
132 4594
230 4879
15 4949
118 4790
262 4655
115 4827
2286 2930
288 2237
389 4644
176 4866
147 4866
107 4687
212 3438
16 4662
762 3363
371 4684
271 4666
130 4551
121 4644
1693 4060
400 4503
484 4569
3006 4413
376 4580
76 4850
327 4918
11 4723
1906 2896
397 4700
309 4581
1162 2667
2500 2787
394 4594
379 4816
416 4657
418 4662
89 4619
176 4518
373 4942
179 4740
353 4721
470 2409
157 4765
461 4926
51 4798
255 4842
157 4855
3639 4059
448 4975
487 4507
1622 4202
25 4960
450 4740
311 3926
306 4690
327 4563
402 4956
382 4819
36 4628
475 4799
246 4894
271 4786
118 4545
378 4667
168 4892
262 4650
367 4752
28 4714
38 4696
70 4693
74 4716
213 4795
119 4890
188 4579
144 4855
68 4934
278 4796
77 4519
361 4890
692 3657
253 4821
386 4552
2832 2974
270 4584
4586 4614
3274 4977
409 4559
362 4645
40 4936
11 4750
1440 4352
311 4982
373 4876
1045 2534
134 4589
302 4652
154 4967
395 4892
363 4914
406 4690
355 4872
363 4593
416 4943
61 4977
295 4547
362 4819
163 4738
278 4789
407 4537
237 384
45 4632
1304 2575
2242 2825
371 4711
484 4591
433 4756
3959 4306
190 4775
323 4541
2261 3004
16 4680
115 4758
3440 4032
1470 2104
446 4943
72 4558
436 4720
29 4900
4591 4768
1236 2153
189 4713
399 4905
346 4849
459 4738
282 4588
594 4956
475 4897
59 4959
61 4702
992 4886
121 4873
336 4554
156 4622
312 4725
332 4568
287 4715
3081 3210
152 4830
430 3257
195 4638
3062 3321
447 2741
415 4855
205 4867
83 4594
434 4675
200 4988
465 4761
3784 4111
111 4570
118 4740
159 4937
492 4701
422 4680
248 4502
266 4660
394 4675
369 4751
173 4673
154 4747
359 4939
115 4842
339 2140
291 4780
452 4868
475 4702
2643 4567
280 4696
46 4911
346 814
104 4655
284 4941
95 4728
1730 3368
242 4553
61 4818
371 4509
2576 3139
350 4936
187 4542
917 3522
157 4549
161 4895
2 4820
275 4883
3072 4765
179 4692
285 4638
488 4747
408 4753
396 4753
47 4725
266 4814
100 4747
147 4950
306 4741
237 4964
38 4794
483 4766
205 4570
2019 2484
180 4735
19 4673
254 4768
91 4935
114 4870
218 4983
43 4885
245 4876
357 4919
176 4614
1700 4785
104 4734
1156 3500
262 4627
8 4739
464 4522
393 4665
286 4801
130 4906
351 3227
185 4512
1216 2432
243 4808
557 3727
37 4860
60 4913
468 4731
1113 3989
282 4634
2690 3949
345 4841
241 859
3223 4708
378 4865
384 4664
281 4852
3558 4388
23 4765
478 4640
3317 4022
2056 2464
52 1728
210 4789
356 4759
1637 2800
243 4705
434 4778
2594 2954
2466 4879
287 4753
119 4751
4051 4715
203 4649
237 4796
361 4695
226 4511
402 4759
2654 4736
251 4962
415 4894
453 4999
385 4741
410 4601
468 4212
19 4828
192 4949
317 4868
421 4645
2254 2876
2649 3939
454 4805
424 4646
448 4981
161 4712
426 4903
324 4555
196 4517
47 4948
289 4606
278 4932
1385 4397
1564 2648
3167 4373
235 4570
3681 3877
421 4948
206 4911
82 4765
1033 4096
2057 2216
85 4924
152 4757
106 4567
419 4704
63 4913
133 4761
122 4986
4884 4929
2202 4486
80 4516
433 4710
196 4965
478 4944
158 4784
156 4871
150 4674
298 4864
205 4641
166 4748
387 4934
417 4789
65 4652
345 4545
473 4750
318 4814
83 4944
1968 2665
3501 3516
1061 4039
327 4640
165 4782
239 4840
1593 1789
110 4750
73 4745
287 4650
430 4730
279 4761
303 1291
285 4527
66 4875
2786 4808
78 4840
342 4580
332 4647
31 4607
1226 2466
116 4829
493 4660
449 4525
2500 3113
1436 2645
187 4766
92 4678
474 4636
395 4685
62 4732
117 4817
465 4888
2613 3772
820 1813
133 4682
4 4968
78 4631
424 4993
18 4553
841 4393
319 4675
2727 4261
264 4973
290 4602
1220 3874
151 4960
285 4537
489 4555
1190 1671
230 4749
445 4642
401 4977
44 4964
357 4629
99 4684
318 4587
35 4852
398 4928
291 4965
337 4503
265 4992
161 4894
337 4875
4257 4341
1765 1783
2037 3719
1355 4202
28 4534
101 4964
1180 3518
165 4950
458 4971
935 2529
2979 3708
268 4601
69 4931
1853 4214
309 4970
2751 4970
152 4635
11 4704
257 4640
253 4878
340 4551
3218 4611
155 350
127 3640
273 4731
286 4574
199 4902
440 4501
9 4939
3090 4254
406 4728
85 4679
44 4563
256 4709
212 4652
267 4511
481 4721
181 4551
2068 2532
194 4693
204 1382
13 4923
36 4852
113 4816
114 4975
309 4694
3365 3762
360 4727
458 4774
494 4939
109 4699
475 4967
177 4640
163 4509
251 4519
322 4523
442 4537
4000 4770
325 4818
206 4989
344 4994
232 4652
1292 1381
489 1413
453 4534
73 4817
411 4950
1818 3607
193 4899
219 4586
204 4883
168 4589
66 4507
458 4705
387 4830
343 4528
170 4667
283 4871
435 4658
50 4591
376 4807
404 4821
263 4543
240 3050
190 4793
59 4823
719 2350
259 4543
356 4654
114 4909
107 4962
134 4582
169 4807
252 4890
344 4570
293 4780
317 4740
463 4561
486 4771
383 4766
433 4888
156 4875
3126 3996
13 4649
456 4859
442 4905
393 4737
196 4571
133 4753
7 4511
186 4862
262 4783
427 4585
172 451
6 4827
214 4733
44 4747
1357 4710
4 4757
143 4587
197 4999
24 4661
1062 4178
104 4781
358 4969
476 4671
119 4895
253 4542
297 4798
252 4979
79 4846
50 4776
236 4602
131 4744
300 4525
317 4993
3756 4101
400 4708
445 4651
38 4592
105 4864
380 4866
407 3199
381 4206
56 4974
4431 4827
630 1129
193 4938
360 4596
498 4512
177 4886
168 4541
351 4987
41 4971
762 4160
166 4756
364 4836
272 4504
187 4515
162 4649
83 4727
280 4625
403 4327
2110 3931
55 4616
295 4627
214 4561
447 4579
329 4875
2016 3843
208 370
240 4621
2380 3418
456 4806
268 4951
411 4710
11 4991
891 3613
405 4797
481 4648
281 4508
303 4770
437 4538
271 4276
39 4621
184 4907
256 4549
3163 3972
58 4945
32 4849
30 4571
291 4934
87 4676
500 4786
405 4785
178 4731
4 4536
132 4884
500 4929
10 4543
396 4756
356 4677
221 3796
190 4813
81 4748
1529 2734
33 4528
134 4724
490 4688
411 4888
157 4871
395 4992
68 4908
201 4854
1109 3095
192 4826
150 4604
67 4893
439 4914
395 4847
289 4767
413 4638
180 4752
218 4958
467 4910
2224 2538
213 4751
1877 2282
167 4809
116 4900
95 4920
476 4846
340 4905
198 4731
452 4845
4921 4971
406 4893
50 4898
498 4591
178 4603
119 4570
2258 3553
69 4627
152 4640
377 1091
215 4973
354 4782
3088 4358
119 4884
270 4520
96 4648
16 4699
222 4879
474 4791
145 4919
99 4705
565 2024
94 4954
164 4912
635 2631
341 4613
312 4849
400 4927
284 4708
261 4553
3046 4771
255 4628
163 4877
923 2747
396 4566
253 4927
25 527
425 4711
99 4922
201 4928
277 4989
19 4669
397 4684
4168 4222
205 4693
381 4826
277 4895
197 4526
65 4559
402 4898
58 4550
342 4833
94 4994
408 4773
211 4763
187 4926
476 4939
154 4937
392 4715
47 4599
89 4586
336 4937
362 4903
435 4779
372 4729
101 4626
373 4570
365 4919
648 1363
184 4953
294 4944
36 4987
277 4921
590 1645
1198 2288
386 4502
303 4769
275 4560
252 4790
332 4581
704 3233
44 4546
11 4988
7 4661
417 4809
2488 4438
161 4598
865 4054
301 4638
90 4761
492 4778
21 4955
484 4719
28 4824
314 4777
67 4614
99 4688
262 4529
206 4854
439 4607
142 4727
10 4989
252 4535
461 4905
206 4670
86 4874
187 4589
201 4530
150 4779
756 2934
1326 2338
86 4690
333 4749
30 1483
279 4884
1490 4357
36 4727
199 4513
188 4628
291 4548
386 4717
384 4500
3175 3853
265 4817
34 4878
450 4681
81 4632
426 4600
242 4836
120 5000
240 4741
1454 2774
28 4856
226 4915
71 4995
10 4620
389 4520
224 4769
176 4693
314 4883
368 4553
29 4576
501 2418
421 4530
192 4512
101 4522
218 4952
1324 4309
152 4943
445 3238
122 4653
314 4999
1541 2279
135 4558
1776 4366
414 4700
163 4678
339 4502
3192 3245
251 4611
335 4787
310 4547
180 4692
202 4601
212 4978
1079 4494
386 4589
1628 3879
293 4831
3718 4752
458 4613
224 4549
342 4945
49 4669
2598 4884
887 1846
344 4800
506 1592
111 4513
459 4655
363 4684
37 4542
291 4991
307 4888
112 4872
342 4651
2455 4881
150 4810
656 1156
458 4863
399 4546
335 4750
29 4513
61 4589
344 4516
369 4839
180 4880
298 4724
132 4622
188 4621
405 4698
249 4564
303 4931
33 4555
110 4921
3915 4478
148 4946
322 4730
134 4749
997 1651
4637 4656
331 4555
34 4846
4 4676
239 4957
4197 4205
167 4999
315 4827
52 4877
463 4702
2062 2550
351 4681
729 2217
3116 4714
445 4527
1336 2423
1347 4416
251 4965
174 4775
67 4777
167 4520
25 4679
1488 4435
232 4557
395 4835
447 4648
237 4694
633 2751
363 4625
359 4739
436 4702
281 4959
23 4640
3619 4852
213 3855
495 4743
1637 2573
419 4605
120 4710
206 4708
335 4850
198 4907
297 4819
136 4774
209 4699
16 4686
176 4750
2593 3371
11 4948
170 4708
16 4545
184 4555
234 4604
259 4654
4067 4978
92 4800
348 2409
403 4782
1092 1322
168 4699
298 4978
105 4621
3876 4041
483 4514
353 4999
45 4558
1403 2403
277 4572
185 4921
1689 3624
394 4566
179 4989
83 4904
494 4584
2116 3978
41 4840
76 4772
491 4667
496 4745
1296 1806
124 4838
330 4728
272 4669
123 4712
2389 3349
91 4829
294 4892
345 4917
165 4687
106 4566
277 4878
463 4674
468 4681
473 4973
489 4661
3072 3196
3136 4864
326 4607
96 4990
471 4990
174 926
101 4547
106 4745
459 4861
27 4666
468 4530
160 4655
355 4856
1476 2911
4 4865
113 4900
162 4840
14 4905
987 2417
86 4943
440 4920
413 4646
78 4679
433 4927
405 4504
245 4985
156 4668
152 4605
318 4513
1 1636
3705 4222
461 4832
261 4730
105 4583
56 4824
36 4820
598 4302
303 4818
56 4666
299 4538
195 4524
404 4561
321 4912
310 4839
462 4646
214 4573
336 4678
149 4520
2404 3141
70 4590
355 4674
333 4653
160 4815
177 4829
1271 2867
41 4523
1518 3574
288 4845
11 4859
766 4158
244 4781
425 4569
132 4627
399 4984
1606 2721
419 4881
25 4635
404 4870
857 1563
425 4505
333 4991
3158 3671
332 4691
308 4956
487 4921
292 4621
356 4928
484 4751
378 4852
410 4667
1247 3505
438 4749
3161 3621
69 4769
294 4831
149 4757
156 4604
157 4962
366 4846
8 4590
409 4910
311 4634
137 4640
241 4830
343 4775
67 4596
57 4548
42 4932
122 4505
307 4909
4199 4815
379 4768
444 4832
1751 2803
383 4623
318 3466
63 4626
420 4958
52 4878
170 4787
247 4665
1022 3443
438 4999
139 4781
130 4531
408 4956
3933 4836
3 4981
361 4894
79 4971
325 4843
435 4978
195 4582
260 4867
266 4935
2638 3645
385 4505
73 4611
309 4724
1150 3617
93 4832
19 4804
154 4923
1972 2115
60 4893
437 4799
323 4872
136 4903
82 4914
61 4717
264 4935
289 4926
269 4552
354 4942
395 4737
10 2730
281 4641
309 4764
309 4712
449 4777
492 4871
252 4997
258 4956
586 2840
163 4504
269 4844
39 4641
130 4749
160 4924
4160 4336
162 4702
110 4907
229 4603
270 4564
465 4713
122 4608
2352 4858
263 4514
467 4808
279 4852
29 4607
422 4893
439 4512
251 4765
373 4793
1484 2485
190 4615
872 1411
281 4789
492 4738
377 4838
305 4763
68 4953
7 4993
149 4824
415 4684
2565 3190
425 4635
136 4810
321 4821
307 4579
145 4658
314 4593
486 4673
1370 1616
369 4528
240 4701
276 4562
313 4533
313 4882
1532 3255
78 4773
419 4755
352 4998
10 4662
315 4949
139 4925
305 4942
1946 4560
349 4562
3 4518
368 4884
3433 4349
509 4040
297 4582
158 4598
455 4831
160 4832
181 4658
466 4692
656 3001
3645 4412
269 4846
240 4599
2395 4951
225 4534
1012 4766
481 4780
360 4507
271 4888
177 4667
139 4973
472 4754
163 4529
360 4988
497 4589
1018 4816
416 4861
174 4850
206 2554
454 4808
167 4737
361 4829
1053 2754
432 4935
181 4726
231 4657
427 4873
469 4727
39 4567
223 4637
98 4942
4183 4287
1186 2884
84 4764
124 4520
152 4509
271 4515
413 4500
149 4797
297 4822
362 4684
39 4867
114 4603
244 4617
397 4663
276 4636
3586 4267
247 4598
85 4753
277 4651
170 4662
556 2946
81 4866
26 4597
318 4695
4 4884
1569 3566
137 4800
189 4624
161 4856
227 4978
1360 4296
243 4940
396 4910
239 4552
101 4921
38 4640
128 4856
92 4717
368 4632
52 4940
1036 1309
113 4591
449 4599
246 4595
1590 4909
159 4693
130 4777
366 4677
88 4770
160 2648
245 4542
306 4628
212 4961
3432 3604
567 2030
476 4517
193 4717
83 4832
455 4591
79 4717
392 4526
371 4526
339 4600
385 4656
92 4577
22 4694
378 4985
395 4579
91 2640
231 4660
347 4853
80 4653
958 1798
308 4856
223 4750
109 4845
411 4716
258 4848
243 4679
201 4588
1425 2928
448 2062
410 4963
180 4875
413 4702
147 4868
186 4558
1716 2798
201 4965
241 4828
1386 2793
325 4926
227 4621
427 4576
236 5000
6 4942
383 4907
348 1474
184 4610
430 4792
338 4949
938 3290
40 4686
143 4886
11 4921
193 4716
446 4850
350 4866
271 4973
1023 4972
458 4791
268 4967
3124 4652
150 4636
403 4885
395 4630
321 4920
171 4936
1490 3972
197 2625
319 4627
191 4885
383 4753
436 4801
438 4645
1249 3331
53 4671
232 1403
433 4658
244 4759
4319 4806
237 4641
66 4961
253 4816
357 2663
473 4212
427 4709
492 4723
413 4736
40 4583
456 4609
670 903
141 4897
191 4913
175 4720
474 546
799 2532
390 4725
262 4695
3789 3921
491 4624
235 4845
211 4961
222 4883
327 4829
43 4685
55 4755
1178 4873
495 4942
164 4812
95 4961
418 4756
170 4609
143 4681
431 4826
435 4525
27 4857
719 4080
481 4843
10 4529
2 4760
240 4692
397 4711
109 4695
116 4512
269 4810
109 4992
234 4833
2808 4472
294 4942
108 4660
171 4758
13 4976
331 4520
14 4795
424 4710
298 4513
53 4678
440 4609
414 4923
346 4979
209 4599
40 4635
142 4922
458 4541
87 4515
264 4553
252 4680
2859 4030
20 4797
101 4733
433 3841
455 4594
270 4722
342 4543
63 2402
246 3395
79 4594
95 4592
146 4740
226 4650
2348 4426
418 4794
116 4518
552 4724
425 4566
198 4855
1973 3757
429 4875
303 4506
4510 4844
218 4542
307 4590
40 4865
997 4939
491 4838
194 4949
277 4834
88 4799
68 4866
159 4560
98 4882
1515 3550
154 4536
74 4759
372 4810
453 4584
828 2419
386 4901
252 4741
250 4741
247 4988
415 4862
386 4845
1552 4497
32 4966
489 4658
74 4610
84 4852
437 4561
205 478
424 4711
379 4898
125 4668
342 4573
353 4704
183 4843
86 4919
92 4597
412 4569
361 4983
2810 3578
335 4992
339 4684
455 4817
425 4809
341 4863
2246 4626
656 1014
448 4948
293 4728
480 4630
439 4619
348 4937
441 4828
289 4841
468 4509
397 4995
2443 4676
293 4559
394 4999
535 2997
373 4610
264 4600
16 4759
395 4593
477 4119
101 4731
79 4684
213 4917
484 4566
493 4691
278 4631
1598 2271
64 4625
476 4883
21 4661
47 4952
451 4998
453 4588
2187 3838
145 4533
266 4539
253 1967
61 4671
445 4654
2367 3586
133 4703
278 4791
428 4739
247 1965
300 4921
66 4937
420 4677
100 4641
471 4905
231 4772
335 4876
157 4703
223 4796
211 4618
298 4938
121 4731
2119 3319
180 4530
393 4520
2475 4525
133 4765
31 4777
87 4711
225 4821
205 4869
318 4976
87 4771
226 4866
57 4780
474 4627
389 4777
394 4705
6 4504
142 4881
447 4964
109 4900
482 4746
366 4528
784 987
287 4737
346 4999
3021 3799
1069 2370
473 4549
979 1566
483 4799
1453 2014
333 4760
251 5000
319 4823
233 4788
448 4504
2396 4603
390 4595
191 4566
173 4624
2477 4378
80 4675
436 4687
194 3852
653 2586
241 4782
203 4591
3110 4532
444 4887
465 4763
265 4980
588 2257
433 4904
945 2409
448 4864
67 4747
72 4923
92 4871
110 4546
56 4904
154 4645
2926 4278
406 4919
439 4527
446 5000
472 4680
3 4978
255 4689
58 4629
246 4842
405 4752
594 4964
244 4908
148 4860
463 4571
96 4553
482 4707
667 2921
4064 4675
600 2505
42 4787
434 4887
210 4684
1296 3886
478 3028
452 4514
464 4875
492 4731
1133 4829
206 4753
404 4579
2194 3255
414 4919
363 4659
58 4834
219 4534
273 4981
480 4550
4421 4682
313 4818
839 3635
65 4659
290 4560
62 4763
2088 2540
21 3709
405 4962
341 4511
290 4557
248 4800
439 4658
161 4923
3160 3993
1016 4818
31 4806
411 4710
73 4747
488 4668
1367 2798
2215 3847
295 4530
244 4558
184 4651
112 4637
453 4771
140 4859
142 4879
115 4780
478 4804
336 4692
1776 2843
312 4960
342 4695
294 4516
3 4802
415 4765
421 4668
274 4359
354 4809
404 4607
161 4710
148 4650
442 4893
329 4511
425 4727
154 4501
599 3772
2893 4890
152 4588
211 4835
2022 3158
755 4607
1688 3815
342 4770
491 4891
415 4634
2153 2346
320 4663
103 4518
147 4544
2379 3504
293 4957
2891 4121
101 4723
500 4656
431 4678
20 4938
604 655
135 4810
136 4714
1027 1377
179 4934
325 4783
823 4391
117 4540
188 4962
379 3310
62 4639
45 4759
476 4956
22 4779
411 4500
253 4673
150 4693
500 4762
2020 4086
1961 3761
33 4656
168 4981
36 4553
82 4916
292 4998
1588 2022
309 4930
518 4192
3095 3264
406 4928
119 4502
417 4871
360 4642
336 4948
996 3558
390 4627
253 4825
304 4997
2123 3059
70 4547
2470 3113
156 4621
2627 4323
327 4821
240 4670
193 469
402 4927
36 4592
228 4613
91 4750
422 4924
776 2679
955 3081
223 4825
2958 3175
119 4308
169 4913
1145 4124
436 2205
361 4970
412 4886
1480 2617
3907 4219
210 4816
137 4624
43 4890
1059 3180
448 2237
273 2909
1873 2187
309 4582
465 4501
287 4589
105 4727
260 4822
270 4718
3824 4230
211 4962
481 4992
295 4569
316 4624
460 4962
3132 4220
427 4656
2632 3952
1361 3302
182 4574
152 4952
398 4830
256 4548
81 4915
386 4696
147 4916
262 4880
497 4504
73 4586
47 4891
361 4523
2914 4300
38 2652
2889 4731
994 2974
55 4512
3502 4731
399 4629
136 4795
429 4795
345 4888
228 4521
271 4609
497 4601
43 4521
500 4870
300 4729
91 4930
12 4748
1787 3889
715 3246
179 4757
182 4861
80 4905
405 4786
267 4568
109 4729
225 4543
452 4601
252 4696
1899 3298
2122 4014
93 4727
36 4948
360 4857
419 4914
278 4802
174 4707
2144 3959
638 4807
110 4792
717 2158
375 4821
119 4864
104 4626
16 4690
313 4902
384 4680
447 4568
2540 3383
56 4698
163 4775
283 4591
31 2127
2 4810
102 4775
267 4976
340 4719
271 4848
4 4662
419 4553
320 4513
1659 2707
389 4698
497 4900
163 4544
47 4742
375 4579
90 4892
70 4820
466 4578
2145 4423
174 4712
155 4696
9 4787
2624 4374
72 4653
786 1121
482 4711
471 4968
3398 4712
452 4509
54 4960
334 4778
488 4533
397 4961
2383 3166
402 4872
450 4511
216 4978
498 4821
287 4595
277 4899
139 2844
123 4551
47 4591
460 4569
71 4899
916 1992
95 4778
295 4548
395 4963
494 4616
483 4568
418 4642
326 4652
1287 1915
85 4736
483 4653
107 4872
346 4592
135 4524
1961 2431
1947 2662
103 4928
233 4980
382 4544
356 4886
287 4552
494 4793
144 4594
118 4823
445 4830
128 4683
476 4750
398 4522
35 4942
28 4888
502 4500
238 4557
2807 4061
485 4946
131 4935
447 4624
487 4997
426 4800
471 4746
379 4302
149 4659
109 4794
339 4545
112 4515
464 4594
2549 4902
438 4991
116 4631
178 4583
3200 3299
369 4501
310 4823
6 4899
86 4913
374 4914
2 4867
480 4811
339 4991
1108 4919
2242 4975
402 4930
1177 2201
614 4073
485 4590
490 4579
277 4756
443 4957
2297 4743
355 4703
4437 4835
3526 3845
119 4938
341 4786
204 4637
295 4631
117 4959
99 4979
382 4660
217 4632
100 4633
448 4596
485 4906
288 4959
374 4993
1909 3600
3801 3947
298 4954
379 4620
558 4743
74 4505
304 4974
1175 1827
404 4836
329 5000
445 4896
371 4638
212 4612
3598 4886
293 4893
443 4982
460 4515
298 4934
398 4618
92 4513
382 4863
712 1321
702 1697
54 4785
140 4613
167 4518
416 4958
180 4786
34 4902
290 4740
335 4653
394 4696
239 4730
171 4962
2503 2797
48 4855
2261 3386
120 4752
350 4529
71 4569
116 4834
224 4806
189 4949
86 4740
484 4806
970 1127
3201 3379
1937 4241
158 4998
343 4735
413 4512
155 4669
972 3449
39 4664
2 4814
4 4794
127 4968
252 4278
95 1475
145 4862
122 4626
262 4523
375 4752
2847 3552
90 4551
243 4641
426 4778
234 4907
364 4712
444 4876
266 4528
1959 2808
478 4680
394 4630
148 4608
292 4667
469 4949
79 4820
196 4732
1 4960
415 4655
963 1245
486 4602
1464 2468
3068 4393
30 4828
193 4502
354 4755
175 4726
420 4661
32 4984
199 4970
3434 4472
2957 4084
80 4824
52 4662
324 4960
46 4643
337 4798
131 4864
372 4802
261 4710
376 4877
327 4508
300 4746
80 4771
133 4991
240 4975
265 4590
36 4948
273 4997
384 4677
388 4814
1602 4536
114 4984
211 4704
425 4700
1953 2371
60 4703
418 4808
65 4814
107 4870
437 4861
435 4957
458 4588
469 4706
204 4930
365 4681
186 4603
269 4690
1708 1907
828 2186
1858 3588
78 4632
721 3817
2385 2847
443 4502
67 4611
288 4590
233 4887
2279 4989
186 4610
496 4753
284 4512
416 4509
500 4761
3070 4673
183 4683
37 4790
195 4693
500 4925
676 680
400 4994
730 1146
294 4690
41 4804
84 4899
482 4840
413 4700
166 4532
100 4785
2682 4659
329 4508
2584 2743
945 1586
1427 1631
171 4869
89 4923
120 4826
334 4991
296 4838
146 4885
1322 2523
82 4956
131 4586
283 4519
256 4609
234 4762
250 4154
142 4523
78 103
4592 4732
364 4935
135 4568
64 4975
394 4914
375 4748
305 4962
185 4778
119 4987
188 4544
248 4850
352 4611
59 2800
492 4894
377 4629
307 4916
159 4876
290 4864
217 4846
352 4503
172 1798
7 4980
140 4717
290 4865
448 4588
277 4877
314 4574
356 4998
153 4747
37 4795
303 4747
57 2731
288 4761
82 3365
183 4841
289 4635
254 4799
357 4541
191 4528
280 4949
217 4760
372 4678
3756 4275
4306 4348
155 4763
284 4602
2741 3957
361 4607
313 4921
491 4752
98 4981
419 4983
442 4600
78 4962
179 4637
2968 3358
395 4880
312 4193
404 4924
53 2199
39 4526
377 4604
156 4856
90 4783
67 4986
278 4547
2670 3328
492 4652
952 3339
337 4915
577 1054
148 4659
22 4910
267 4879
161 1417
456 4696
1826 3685
1269 4509
186 4682
492 4872
53 4809
273 4813
92 4661
352 4793
275 4746
362 4973
385 4559
443 4990
181 4642
129 4828
134 4574
8 4632
233 4983
2166 4813
475 4798
165 4871
193 4847
461 4726
6 4879
141 4752
1999 3215
142 4999
141 4663
2233 3856
3163 4215
240 4980
345 4855
60 4753
205 4558
176 4610
219 4795
118 4921
1440 2119
3909 4465
292 4750
494 4776
95 4861
472 4605
175 4857
309 4732
458 4924
14 2220
371 4521
2015 2963
4957
797 4069
224 4036
273 4517
790 4017
535 4406
2749 2973
1161 1719
466 4568
394 4630
161 4452
696 4139
2667 3429
432 4374
276 4549
278 4145
292 3987
899 3950
303 4259
833 4400
26 4625
1171 2810
607 4158
705 3985
793 3986
3876 3997
463 4325
406 4389
1139 2324
57 4174
210 1157
521 4621
280 3996
1141 3378
1039 1239
770 4272
387 4277
85 4094
601 4622
1023 3546
192 4015
223 4000
90 4402
1053 4073
37 4480
700 4096
765 4171
633 4592
710 4223
609 1412
112 4582
251 4280
251 4091
789 4476
1713 3996
1473 2373
776 4531
24 4499
795 4568
195 4127
343 4178
133 3986
635 4630
688 4087
32 4586
792 4060
392 4504
910 4620
105 4074
598 4197
1972 4233
169 4466
254 4114
77 4307
906 4128
281 4465
475 4281
448 4037
141 4532
235 4235
241 252
186 4166
1314 2527
152 4447
1915 3086
74 4233
709 4460
29 4074
300 4219
135 4481
1813 2114
745 4443
453 4355
489 4398
242 3954
718 4318
3116 3669
529 4075
253 4361
619 4166
395 4428
178 4204
201 4426
486 4168
80 4508
904 4284
454 3977
362 3987
94 4517
2792 3288
2424 3909
2621 3712
243 4605
191 4202
107 4395
769 3947
3703 4268
1515 2350
771 4052
196 4203
14 4104
556 4100
479 3959
82 4483
160 4053
1354 2594
370 1254
1587 3486
105 4563
228 4596
171 4543
594 4354
31 4216
746 3984
724 4508
349 4285
147 4436
1628 4394
862 4554
716 4062
292 3887
448 4117
443 2322
440 795
227 4284
3364 3906
185 4466
358 4199
178 4409
882 4558
192 3994
164 4407
2225 4279
165 4267
877 4511
666 4277
2077 4357
76 4559
331 4114
2034 3714
669 4182
1469 3144
4152 4537
539 4201
416 3989
748 4413
2812 2937
502 3987
341 4497
625 4044
613 4186
201 4207
261 3835
359 4398
778 4537
814 4065
279 4423
360 4539
1117 1689
337 1511
189 4295
53 4234
3095 3515
3252 4130
551 4408
134 4156
63 4591
1831 2170
873 4060
520 4536
632 3969
938 2767
494 4583
1034 2940
728 4182
486 4617
2789 3064
2727 3793
1055 4481
85 4329
664 4497
37 4110
783 4366
1790 2450
18 4233
738 857
1043 3171
509 4363
163 4258
525 4184
309 4385
572 1854
241 4183
2709 4356
175 711
79 4242
866 4624
1295 1586
3874 3963
727 4437
61 1170
139 4395
531 4501
175 4578
1150 2852
57 4023
676 4560
592 4382
411 4629
165 4012
205 4498
443 4225
2897 3536
1283 2784
2889 3273
155 4631
35 4366
319 4460
698 4096
127 2052
926 4444
516 3991
511 4014
135 4215
527 4072
448 4362
1226 3750
328 4225
738 3980
367 4465
463 4531
515 3482
578 4152
476 4419
496 4005
589 3995
514 4192
4393 4516
4006 4155
207 2340
491 4485
2273 4318
73 4068
1462 4128
886 4062
3859 4582
1311 4479
807 4594
693 3748
2383 3304
505 3985
623 4411
436 4553
531 4255
192 4450
649 4439
701 4039
24 4467
274 3992
267 4526
195 4226
1795 3656
3351 4533
862 4248
792 4305
3052 4050
499 4622
365 4476
665 4213
643 4004
563 4423
783 4316
762 4473
852 1549
100 4331
592 4371
1816 2728
380 4567
26 4402
487 4242
824 4120
704 4282
62 4040
825 4199
579 4277
736 4146
1665 3485
396 4095
3554 4141
603 3958
193 4106
747 4148
700 4507
567 4014
154 1221
640 4450
3377 3506
253 4499
641 4601
510 4092
1851 3577
824 2316
849 4350
329 2449
811 4020
1870 3706
11 4134
1744 2740
554 4389
629 4397
57 3971
4 4471
229 633
487 3996
2033 2629
203 4471
354 3990
588 4159
766 4013
834 4413
166 4357
340 4387
2138 2716
666 2407
949 2076
848 4392
848 4534
4204 4461
164 1347
821 4068
484 1702
77 4313
2464 4517
1751 2445
223 4032
425 4595
575 3988
300 1878
1572 2197
163 4549
335 4421
544 4175
126 3968
802 4515
2374 4059
830 4398
1051 4264
3330 3600
560 3912
145 4188
343 3991
422 4252
543 4494
818 4077
678 1014
1468 4292
375 4167
151 4008
1111 3596
458 4319
809 3358
702 4283
434 1501
1201 1904
79 4087
108 4461
348 4315
868 4002
180 1972
1605 3984
522 4342
139 4225
294 4029
823 1792
913 1735
1724 2427
75 4510
312 4208
171 4623
600 4606
818 3963
1197 2598
1741 2012
316 4605
256 4190
289 4455
730 4607
619 3937
1641 3473
130 4062
683 3060
80 4024
812 4121
894 4160
113 4322
1530 3141
78 4314
142 4074
2766 4185
322 3194
827 4340
233 4341
147 4627
954 2544
3362 4218
2153 4486
143 4335
795 4146
696 3950
731 4123
339 4155
638 4031
156 1518
259 4393
381 4079
275 4627
305 3989
1549 3750
793 4567
3803 4289
209 4554
340 4380
204 4399
72 4095
791 4196
304 1606
411 4372
290 4575
163 4556
445 4206
1600 4431
50 4241
135 2323
3838 4139
407 4102
421 3107
2226 3684
472 4124
382 4543
71 4340
187 4594
281 4495
920 4396
687 3938
260 4547
516 4374
94 4522
518 4232
939 2053
559 4437
1009 2220
84 4235
1920 4519
19 4457
2658 2707
730 4146
850 4103
5 151
390 4147
415 4148
1585 3440
986 4303
493 4403
1224 3743
353 4504
78 4094
498 4090
536 4560
59 4485
852 4574
335 4318
133 678
453 4353
256 2568
268 4263
731 4558
549 4395
270 4260
858 2980
371 4188
1297 4623
275 4218
175 2571
269 4551
52 4170
814 4522
655 983
1113 2167
336 4107
631 4571
61 4491
86 4613
347 4590
768 4420
582 4210
1983 3858
327 4097
125 4364
247 4049
358 4173
811 2703
261 4628
46 1914
689 4584
298 4105
243 1208
736 4249
3395 4295
1016 4573
879 4242
47 934
5 4314
271 4439
151 716
1417 2332
1143 1994
116 4330
541 3513
278 4122
265 4598
656 4185
841 3317
773 4523
402 4308
850 2279
622 4496
117 4198
281 4387
667 4363
505 3956
2501 3977
610 4344
132 4299
2176 4165
465 4099
359 685
683 4067
663 4420
557 4383
14 4308
350 4470
2654 2966
2271 2289
1563 4279
839 4425
1637 3625
801 4548
483 4064
894 4491
1876 2535
4315 4602
760 4411
411 4349
3879 4394
1288 3025
1932 2091
221 4319
182 4115
66 2734
741 1332
654 4605
716 4398
587 4270
50 3032
292 4445
699 4268
738 4612
923 4472
2591 4344
531 4003
3820 4378
239 4427
739 4318
1703 3121
655 4314
542 4243
865 4329
885 4004
3507 4064
1422 3921
321 4257
300 4356
521 4587
637 4286
11 4106
763 4511
1172 3121
184 4294
920 4207
558 4092
2763 4444
2942 3923
831 2634
651 4194
432 4074
147 4269
713 4578
479 3971
548 4278
847 4579
385 4401
1727 3195
438 4023
467 4257
56 4167
3419 3602
449 2394
610 3979
915 4264
694 4362
754 4345
47 4609
1099 2317
16 4536
236 4313
26 4534
171 4539
1960 2398
738 4020
2765 4564
387 4529
752 4516
575 4505
18 4427
343 4456
675 4522
709 4001
365 1331
882 4254
309 2802
212 4491
415 4340
185 3979
275 4207
693 3937
354 4233
550 4535
230 4560
467 4468
922 2428
251 4108
824 4453
265 4623
37 1470
781 4097
434 4581
117 4566
922 4261
2938 3562
40 4005
405 1990
66 4104
472 4532
1222 1263
409 3957
153 1007
629 2868
85 4475
644 4520
2063 2531
158 3965
679 2382
3087 4019
198 3943
1569 4371
368 3937
405 4232
30 2477
584 4336
3153 4103
303 4629
651 4315
328 4198
1725 1785
502 4014
109 4140
3433 4562
609 4367
603 4132
276 4220
391 4089
823 3599
743 4485
425 4462
183 4415
3504 3828
760 4206
600 4126
798 4607
1723 3839
214 4154
238 4008
508 4144
105 4605
316 3848
447 4319
247 4163
825 4408
389 4220
776 4107
241 4054
4331 4489
496 4232
556 4589
967 2254
1368 1432
76 1515
759 4150
907 4402
449 4319
524 2818
440 4019
905 3957
840 4564
889 4340
711 4516
118 4544
859 4032
452 4411
737 4073
189 4448
726 3998
2683 3298
181 4625
3066 4586
860 2864
296 4078
410 2855
461 3559
103 4413
644 4585
1326 1411
482 4282
180 4420
1240 4244
674 4086
328 4240
886 4393
100 4508
244 4468
881 3970
605 4191
2500 4331
898 4378
613 4227
579 1036
3241 4160
340 4054
357 3967
463 3947
845 4391
14 2033
142 4328
409 4494
205 4470
422 4100
1182 2361
490 4581
652 3970
541 4461
825 4423
362 1749
3343 3557
738 3974
2126 2894
131 4198
245 3971
827 4082
920 4061
1150 1366
42 4161
1415 3213
765 4363
755 4549
361 4191
731 4330
582 4363
183 2528
440 4009
722 4188
312 4424
736 4306
1495 3183
667 4112
2241 3804
2794 3190
589 2996
853 4158
239 1437
719 4573
893 4412
422 3985
752 4258
291 4586
642 1843
924 4534
899 2406
857 4348
2089 3888
343 792
634 4406
30 4257
4089 4540
70 3979
31 4615
2724 4573
522 4213
115 4053
128 2376
2275 3369
2351 2747
420 1284
529 4006
446 4631
22 2433
913 4410
38 4004
819 4313
451 4541
2141 4191
1084 4364
135 3514
280 4585
758 4555
1925 3794
76 4484
1353 2021
62 4296
1256 2113
3754 3831
313 4151
94 4302
830 4149
155 3972
355 4324
484 4405
767 4507
2884 3056
2702 3522
36 2914
175 3745
524 2609
193 4501
600 4187
90 2389
606 4423
688 4156
609 4616
529 4252
722 4026
682 4056
820 4210
543 4420
883 4428
63 4546
1794 2565
559 4014
430 4147
490 4620
884 2387
694 1232
2525 2808
3066 4483
215 4588
620 4594
268 4477
481 4620
666 4256
919 4130
423 4540
2542 3704
647 4272
607 4278
654 4116
2244 4010
716 4371
673 4222
381 2575
170 3978
539 4582
594 4242
374 3950
356 4253
181 4124
635 4425
428 4039
3988 4162
506 4417
305 4268
271 1586
657 4375
607 3996
547 4173
2453 3363
2054 3832
849 4575
665 4444
187 4574
497 4125
1010 3255
589 4582
245 4156
423 3995
585 4347
2902 4581
766 4511
3589 4200
878 1867
984 2299
1823 2675
4207 4631
1164 4107
156 4158
123 4010
750 4327
906 4559
597 4348
2030 4299
594 4327
403 4559
635 4275
1874 3616
783 4006
430 4548
332 4327
366 4569
70 4199
132 4580
335 3971
617 4487
265 3972
755 4344
58 4185
379 4141
31 4349
910 4149
576 4574
27 4231
283 4484
459 4305
110 4447
93 4340
303 4428
287 4229
1791 3950
792 4028
856 4611
828 4442
36 4564
675 4396
367 4555
1321 1577
799 4591
204 4492
563 4519
891 4000
685 3042
536 4210
119 4167
441 4485
604 3993
103 4023
589 2293
2020 4336
671 4330
336 4461
666 4602
832 3945
230 4081
170 4549
198 4307
65 3469
1594 2099
868 4232
677 4592
681 4295
867 3988
2025 2532
504 4178
620 4414
616 4343
845 4110
516 4276
305 4548
612 4492
664 3942
527 3272
189 3986
751 4545
3694 4473
44 4349
282 4458
1520 3212
252 4119
314 4565
711 4492
1494 3768
333 4331
665 2859
31 4595
705 4541
301 4291
2876 3773
711 4241
530 3974
753 4286
871 3938
837 4343
332 4220
441 4497
471 4280
1300 3797
397 4030
589 4520
573 4514
820 3949
378 398
497 4213
412 4608
560 4195
211 4070
284 4126
1518 3069
195 4526
411 2306
823 4431
356 4234
855 4559
424 4264
555 3491
3683 3933
37 4089
447 4146
357 4209
917 4210
293 4534
544 4474
92 2727
1367 1623
4205 4336
89 4112
908 4331
2635 3734
1934 3490
459 3940
328 3204
837 4301
536 4373
1686 2417
925 4205
546 4438
2369 3064
2277 3325
154 3942
994 4627
9 4113
379 2157
878 4181
2910 4184
1564 1918
487 4201
337 4377
1405 2508
443 2323
104 4574
507 4443
805 4604
642 4247
821 4498
723 3253
2368 2525
187 4479
1416 2118
651 4318
48 4283
785 4065
908 4519
76 4534
369 4176
475 4035
119 3366
607 4422
2120 4494
647 4425
478 4567
4283 4478
205 4247
2522 2561
578 4438
553 4485
768 1154
368 4014
3735 4140
3342 4626
466 4499
28 4002
507 4057
77 4567
282 4205
2114 2197
47 4446
2008 4618
51 1929
383 4406
628 3997
677 3986
614 4093
2259 4072
905 2624
2383 2733
358 4137
541 3978
7 4238
711 3951
573 4447
61 4319
674 4088
105 4307
644 4251
886 1069
503 3990
684 3995
437 4028
474 4450
431 4516
1969 2317
36 4463
622 4320
915 4465
963 3321
812 4450
2166 3885
731 4177
101 4160
1616 3064
483 2730
96 4626
467 4110
316 4295
926 4037
1902 2399
699 4396
740 4215
2648 4424
404 4061
460 1346
711 4539
323 3969
473 4504
574 4368
692 4317
319 2756
2795 3030
872 1787
599 4076
1978 2813
772 4435
579 4092
3504 4421
687 4377
75 4081
159 4351
558 4552
1965 2250
473 3062
880 2423
1195 4245
297 4084
369 4431
221 4391
811 4398
194 4473
233 4333
849 4095
676 4253
449 4217
764 3989
676 4483
662 4049
810 4008
662 4040
127 4300
374 4417
130 4409
1372 4493
450 4591
903 4139
1649 2049
1350 2965
206 4207
1804 3046
2121 2403
1419 4112
490 4075
785 4349
728 4337
238 4201
706 4627
1520 2181
140 4199
413 4068
3129 3200
2501 3199
178 4253
1056 3142
653 1203
266 4102
139 4452
127 3951
436 4572
369 4570
2843 3059
3128 3455
124 1960
469 4513
183 4289
598 4003
467 2896
781 4280
272 4510
2062 3612
27 4145
170 1080
271 4224
486 511
2567 3899
67 4405
126 1205
2231 3785
80 4508
1497 1704
654 4031
505 4604
691 4017
95 4600
50 2310
388 4050
831 3117
272 4251
332 2317
78 4120
231 3489
2534 3353
2684 3769
521 4595
571 4279
244 4419
461 4348
503 4386
370 3989
606 4145
477 4028
381 4613
637 4595
520 4332
145 4047
1260 3149
323 4247
559 4166
737 3967
201 4346
332 4465
810 4168
253 4586
882 4290
2339 2884
732 4409
556 4490
548 4534
63 3947
666 3966
543 4310
894 4076
722 4373
837 3358
421 3993
590 4529
823 4132
315 4012
3364 3464
422 4051
191 4598
465 1776
434 4614
880 4178
656 4143
3189 3891
65 3318
1729 3182
525 3986
549 4125
900 4612
3555 3842
536 4169
907 4270
607 4554
55 4310
733 4109
803 4341
713 4383
624 4289
507 4037
658 4544
1814 4296
759 4155
123 4292
160 4154
503 4359
1846 2351
521 4206
197 2375
397 4398
239 4587
920 4092
865 4216
821 4187
2181 4013
240 3852
605 4612
763 4107
3268 4435
508 4495
272 4081
382 3998
1117 4283
707 4109
75 3975
865 4347
445 4265
31 4509
785 4481
783 4137
767 4489
146 4153
198 4339
848 3954
240 4253
1082 2492
1706 3152
313 4573
788 4380
751 4622
136 4585
378 4067
632 4009
1537 2478
156 4623
540 4479
3654 4484
956 1226
1414 4080
578 4330
283 4122
278 4584
4320 4618
312 3959
670 4569
164 4321
909 4319
659 4170
256 4086
964 2111
1600 3712
468 4516
717 754
28 3965
548 4304
570 4258
103 4539
9 4355
236 4526
110 4062
712 4323
2144 3064
1295 1639
864 4055
203 4028
1864 2160
1707 4048
1325 1372
2549 4383
1846 3771
80 4205
850 4410
776 1415
68 3847
241 4326
188 848
105 4494
366 3992
1592 2094
590 4076
115 4396
512 2801
466 4216
384 4142
620 3964
11 4127
1500 4014
918 4250
359 4590
293 4138
190 4547
694 4204
580 4624
789 1209
770 4376
615 4276
2725 3079
882 4570
669 4442
206 4496
380 4236
4220 4450
290 4011
15 1779
635 4386
540 3948
1616 4159
604 4250
725 4539
189 4453
7 2213
714 4455
432 4198
703 4452
2220 4243
533 4095
374 4546
163 4089
188 4369
1111 3102
150 4482
15 4273
6 4343
644 2046
218 4521
616 4310
54 4172
355 2212
278 4079
110 4182
825 4358
463 3921
730 2104
499 4518
1561 3828
2808 3608
817 4285
394 4609
107 4411
47 4000
790 4368
76 4361
81 4123
183 4250
254 3957
385 1930
895 4579
467 4592
572 4430
608 4337
291 3950
736 4221
838 4368
4259 4505
1933 2839
870 4398
403 3366
797 4464
566 4155
2990 3803
98 4050
82 4102
905 4183
2377 3853
776 4005
336 974
838 4162
771 3940
744 4606
368 4362
35 4448
364 4613
611 4012
227 4494
344 4204
873 4245
437 4273
769 4587
403 4320
80 2262
923 4016
820 4112
352 1050
201 3985
677 4471
388 4023
222 4492
2309 3733
1801 3368
81 4033
574 3777
620 4486
2664 3676
2477 3744
271 4243
2616 4333
2373 3552
96 4460
110 1066
1124 2419
881 4169
64 4547
919 2944
781 4476
3649 3745
724 4034
898 4376
1698 1790
158 4223
67 4341
846 3458
794 4525
593 4346
321 1765
237 4590
1320 3564
1385 1669
2144 2166
93 4059
666 4192
280 4025
194 4413
57 2675
1540 2575
172 4339
562 3443
524 4304
675 4010
3045 3133
724 4619
11 4417
3234 3246
234 4468
828 4566
31 3997
762 4425
763 4147
342 2054
664 4533
2529 4216
91 4226
625 4128
677 4366
516 4445
184 2405
2647 3125
157 4605
29 3945
283 1167
924 3950
106 4074
650 4486
659 1339
423 4130
2172 4194
594 4476
3046 3820
917 1533
309 4346
155 1983
519 4251
613 4501
2071 4592
1286 2307
504 4366
119 4141
668 4370
186 4347
619 3950
385 4148
67 873
1248 1629
3722 4581
304 4563
667 4540
1775 3999
359 4510
149 4095
66 4119
827 4075
557 4488
245 4161
251 4176
691 4172
878 3242
802 4628
1491 1684
142 4283
49 4624
1375 3758
470 4079
727 4501
519 4368
39 4537
473 4490
190 2878
803 4411
903 4383
570 4336
3714 4455
1544 3456
966 2111
111 4502
3676 4054
609 3936
734 4325
429 3557
69 236
139 2954
829 4121
2867 4562
1141 3894
448 2616
327 4168
277 4146
355 833
485 3507
349 3951
636 4095
1960 2229
829 4013
107 4613
282 4199
332 4241
250 3936
642 4232
2811 4341
2157 3109
1527 2629
118 4068
100 4230
850 4229
640 4143
1017 3792
760 4366
742 4363
756 4255
494 4440
561 4413
4243 4283
713 4309
27 2821
771 1774
143 4051
593 3954
776 4091
879 4494
691 2023
411 4209
1392 4058
1811 3449
307 2586
2140 2310
684 4066
348 804
70 4016
1750 3013
752 4337
827 4402
2428 3835
307 4344
566 4353
3475 3817
600 4080
424 4461
492 4592
778 4614
126 4053
2143 3453
102 2645
142 4219
221 4116
3907 4021
740 4216
3278 3631
221 4258
172 3462
908 4172
875 4066
565 3963
631 4050
761 4345
698 3998
731 4451
737 4459
1378 1979
564 3972
271 4143
201 4238
490 4247
813 4265
64 4594
338 4440
1397 2244
831 4290
20 4458
510 4149
543 3944
191 3286
586 4249
117 4357
1835 3629
788 4183
859 4364
745 4339
11 4464
1202 2551
333 4173
503 3695
410 4379
2647 4470
780 4492
466 3969
38 4044
733 4097
219 2064
141 4354
581 3944
622 3983
327 4007
257 4268
581 4274
1716 3417
834 4609
966 2563
1013 4173
906 1866
171 4034
852 4273
292 3956
1217 4347
2380 4365
1226 3933
372 4006
793 3988
720 2856
1881 2804
366 4375
180 4496
393 4407
122 3786
597 4418
603 4347
546 4058
1160 1414
43 4094
1025 1351
392 4600
31 4402
242 4423
22 4145
249 4387
498 4476
917 4039
511 3964
839 4292
913 4056
50 4588
679 3989
2324 2619
533 3983
1439 2199
880 4029
896 3974
39 4562
566 4531
649 4325
894 4478
478 4538
603 4454
687 4600
367 4177
594 4384
1666 2355
184 4105
710 4390
844 4064
1598 4540
43 1603
543 4590
855 1008
3248 4114
3747 4223
708 4516
828 2662
268 4628
147 4084
75 4563
1294 2180
3779 4123
429 4051
588 4448
875 3937
651 4363
120 4248
362 4528
393 4404
663 4412
342 3941
536 4164
492 2464
879 4227
2662 4563
215 4168
1080 2622
878 4435
4099 4225
812 4437
742 4102
1786 3990
1650 3003
446 4098
132 4582
1359 4237
183 4310
505 4341
2448 3245
614 1010
865 4545
406 4236
595 1553
25 4614
225 4187
763 4305
856 4306
818 3991
654 4285
2456 3264
1138 3517
418 656
713 4199
14 4030
185 4438
127 4471
901 4156
234 4353
295 4269
413 4325
1943 2369
386 4620
207 4271
670 4180
217 4560
930 2433
940 4536
706 3608
3321 4032
91 4441
65 1536
569 4610
513 3962
767 3953
94 4506
447 696
332 4594
652 3500
1127 3418
679 4256
350 4555
184 4348
244 4107
223 4505
760 4325
691 3974
818 4616
107 4445
641 3978
464 4358
405 4526
587 3981
494 4215
333 2478
70 3075
374 4483
1406 3602
635 4194
677 1040
2120 3819
291 4507
122 265
331 4274
183 4101
680 4050
2352 3245
3065 4482
1157 3574
1914 2059
236 4260
483 4360
1354 4347
753 4285
3657 4281
724 4560
755 4196
513 4036
191 4507
201 4205
1883 4524
556 4188
171 1526
94 4258
1032 1926
3396 4215
285 4573
656 4177
244 2886
371 4244
758 4522
460 4131
628 4216
421 1783
334 4495
764 4542
2105 2816
95 4159
13 4599
155 4615
3585 3662
482 3309
680 4220
711 4138
1243 4500
410 4242
113 3992
1230 2380
1308 3374
868 4404
988 1991
97 4144
867 4219
2132 3230
1899 3219
2555 3770
355 4279
2369 4386
560 4611
227 4008
243 4591
7 4265
50 4131
197 1134
200 4430
231 4483
571 4042
697 3723
154 4521
459 4234
879 3967
841 4065
1836 3123
81 4517
625 4513
495 4592
1580 3710
216 4229
632 4073
625 4157
757 4542
97 4181
69 4502
624 4285
802 4241
692 3995
1704 3270
480 1088
570 3973
864 4417
424 4445
823 3979
400 4386
1148 2420
275 4602
415 4142
820 4087
336 4028
440 4228
670 4312
846 4207
230 4063
398 4122
257 3978
216 4491
430 4044
1635 2568
397 4290
379 3290
421 4199
264 4028
73 4365
377 4195
890 4408
195 4334
130 4595
716 4520
4 2993
1243 3996
1154 1893
245 4548
467 4032
848 4215
1984 4483
604 3936
2464 2491
333 4139
1168 4600
64 4310
331 4014
227 2606
175 4226
211 4065
186 3973
776 4304
368 4454
546 4359
187 1070
895 4361
24 4376
379 4232
1984 2994
854 3994
278 4501
182 4469
1004 1437
308 4318
662 4363
129 4268
466 4460
238 4398
56 4083
1745 3825
95 4293
852 4222
452 4510
1203 3346
2317 3698
611 3961
180 4110
595 3982
247 4382
478 4516
139 4145
2649 3721
9 4094
720 4517
1975 4254
768 4108
777 1935
677 4468
720 4124
681 4377
1527 2549
122 4400
425 4088
156 533
398 4496
763 4501
24 4523
1234 2001
738 4076
569 4499
872 4422
372 4559
663 4421
4 1288
606 4249
798 3963
449 4072
538 4038
98 4310
95 4343
474 4265
423 4134
249 4122
150 4599
527 4171
2125 3216
542 4049
193 4148
2260 3946
712 4206
409 4309
696 3849
694 4378
871 4202
241 4391
2391 3733
309 4505
312 1828
105 761
210 4345
330 4269
809 4185
183 4150
83 4371
3411 4456
778 4254
2661 3064
636 1146
700 2211
370 4214
892 4082
457 4535
721 2995
320 4080
903 4094
816 4087
92 2196
699 4174
342 4285
3206 3641
162 4484
3422 4329
821 4404
472 4177
38 4323
286 3952
811 3741
508 4484
383 4292
894 4546
2229 3184
636 4195
874 4312
1012 1872
1418 3475
245 4466
524 4588
537 4097
724 4493
671 4309
40 4483
436 4349
1716 4464
602 4604
2366 2834
49 4061
105 3131
157 4335
1404 2124
1096 2486
38 3527
104 3667
134 4566
912 4459
483 4342
2150 2230
505 4238
448 4111
623 4136
1752 2300
643 4625
900 4161
902 4192
344 1384
1804 4162
2822 4116
241 4492
1950 3087
417 4258
880 4403
420 4288
439 4138
1013 1150
592 4059
441 4400
2069 3673
488 4279
819 4250
73 4568
69 4592
908 3973
1199 2994
743 4131
287 4252
187 3957
877 2529
679 4380
237 4394
216 4236
35 4511
217 4466
1449 2332
578 2659
801 4084
1781 3906
376 2605
1782 2409
843 4321
152 4309
578 4278
491 4280
464 4625
219 4565
19 4205
705 4069
1040 1197
2458 4584
355 4541
769 4254
291 3984
5 4177
136 4428
217 4091
489 4229
184 4115
639 4127
478 4183
207 2431
154 3978
116 4313
1119 4175
803 1814
748 4599
27 1642
902 4571
1103 1911
310 3987
831 3946
282 584
278 4152
2401 2570
374 3685
4 4075
451 4587
722 4361
910 2928
2576 4543
678 4561
702 4344
3617 4392
203 4529
531 4427
781 4015
653 4048
1266 4042
732 4164
114 4195
736 1080
487 4289
14 39
805 4625
946 1961
701 772
383 4033
684 4031
728 4320
435 4321
672 4123
15 4316
757 4626
105 4412
303 4249
155 3335
903 4584
304 4353
542 4407
1863 4024
1172 4503
605 3956
1701 3491
532 4553
391 3993
1772 2346
1807 4614
890 4040
149 4561
1231 2936
300 3972
100 4092
114 3965
3112 4574
708 4061
743 4255
202 4287
699 4032
606 4577
158 4569
275 4318
124 4516
845 4419
308 4165
242 4579
283 4507
169 4275
736 4174
150 4582
583 4245
290 4543
48 4482
1533 2000
2310 4544
888 4480
709 1842
576 4449
339 4596
680 1112
969 4595
543 4491
15 4136
495 4238
562 4055
3955 4612
216 4469
739 4420
2016 2755
349 4559
481 4421
170 4272
1859 3687
1828 3073
199 4200
21 4393
2252 3363
271 4346
542 3992
663 4402
876 4104
330 4065
53 4360
324 4426
337 2217
825 4189
708 4551
619 4162
926 4525
1233 1281
57 4407
189 3789
467 3949
164 4471
240 824
482 621
761 4419
846 4349
455 3946
410 4017
290 4434
303 1628
801 3940
640 4432
13 4435
855 4016
632 4414
1204 1577
75 4137
2578 3455
378 1573
892 3958
2329 2628
68 4092
577 4548
1002 1731
423 4260
1326 1637
592 4404
59 4089
450 4241
182 4080
3860 4536
656 4611
487 1860
825 4050
809 4127
304 4432
898 4057
478 4497
270 4216
1483 3314
746 4090
447 4272
4358 4608
252 4542
775 4098
763 4282
946 3372
398 4471
403 4002
3003 3429
643 4545
454 4606
303 3173
690 4323
446 4555
632 4349
251 4534
241 4105
3369 4468
806 4004
340 4440
193 4525
786 4213
290 4202
545 4025
64 4572
418 4555
479 4047
332 4524
333 4493
177 3986
2389 3864
945 2325
890 4509
696 4397
674 4548
649 4250
537 4133
2 4130
671 4214
96 4402
570 4191
3641 3813
148 4164
522 4247
2637 2920
706 4615
2515 3079
380 4425
464 4419
16 4607
983 1750
2080 3388
314 4199
925 4477
4164 4565
467 4525
589 4014
3077 3800
842 4599
551 4142
318 4463
414 812
1519 2197
2519 3520
289 3786
530 4326
705 3760
521 4510
199 4551
2456 4138
418 4296
153 4164
1618 4373
1023 3461
579 4176
1179 3389
119 4114
803 4267
27 2209
563 4595
832 3586
421 4259
371 2294
563 4205
397 4108
635 3870
704 4050
1471 4518
273 4626
400 4555
492 4066
958 4152
329 4232
412 3992
598 4473
502 4582
168 2975
773 4518
87 4547
2966 4330
1308 2996
1320 3527
204 4110
1892 3912
530 4216
878 3973
264 4489
128 4374
224 4104
518 4358
464 3955
606 4244
471 4342
413 4454
136 4151
16 4583
283 4059
577 4458
623 4233
655 4571
200 3986
297 4384
2953 3385
1356 2587
188 4305
478 4572
63 2584
547 4499
575 4294
133 3982
300 4335
2717 3342
1961 3589
725 4001
505 1046
911 4370
604 4213
1042 1437
620 4343
3023 3962
789 4304
848 4149
1405 4472
2042 3447
593 4048
852 4098
502 4288
572 4219
410 3499
2375 2779
420 4314
231 4174
96 4353
837 4479
684 4409
49 4265
642 4318
658 4184
294 4294
252 4177
127 4256
613 4069
651 1275
203 4351
1641 2906
174 4176
258 4572
167 4429
1186 4182
412 4228
2484 4098
8 4465
141 4267
626 4112
441 4257
1639 2695
229 4271
564 4143
673 4159
522 4515
151 3748
550 4300
104 4581
210 4545
307 4611
1442 3640
401 4576
1334 1685
873 4357
788 3704
813 4517
36 3970
353 4146
290 4512
191 3969
67 4176
734 1325
135 4470
380 4594
858 4237
111 4325
438 4336
852 4049
206 4592
101 4069
844 3807
698 3960
177 861
674 4135
322 4251
471 4180
429 862
166 4616
505 4178
3122 4551
1968 4486
84 3978
1690 4223
173 4273
790 4054
723 4522
504 4483
321 4170
911 4317
233 4447
449 4048
508 4368
41 3969
203 4451
2762 3032
675 4229
245 4260
3646 4133
619 2749
746 3989
313 4016
752 4607
696 4167
862 4628
540 4185
838 1021
822 4102
327 4401
2697 4043
762 3146
1438 2647
504 4022
223 4105
440 4223
755 4437
1045 1760
908 4214
359 4510
232 4624
29 2024
806 3682
768 4084
616 4134
3376 4106
453 4416
2018 2040
358 1688
161 4000
717 4423
2177 2721
859 4397
480 4622
845 4547
866 4354
838 4316
472 4335
3225 3796
646 4322
299 4609
435 4588
917 1261
3 4403
678 4268
1085 1720
591 3937
517 4268
434 4501
57 4010
1788 3879
162 4561
1281 3023
427 4295
269 3971
340 3968
523 4545
413 4480
650 3978
75 4031
99 4110
888 3961
1836 3727
827 3987
628 4496
616 4406
5 4341
699 4115
1011 3582
783 4547
788 4373
462 4133
702 4326
470 4323
3267 4384
917 4602
904 4348
9 4447
568 4442
3533 3550
917 4064
212 4463
183 4321
2764 3947
779 4119
820 4560
93 4147
563 1072
151 4511
2545 3619
289 3054
1541 2124
860 4034
849 4523
819 4310
542 4388
827 4291
543 2191
1339 4358
455 4502
152 861
4006 4302
242 3985
466 4222
133 4585
498 4243
636 4595
109 4522
706 4129
1888 2863
10 4173
147 3985
746 4263
547 4455
186 4607
347 4526
646 4241
73 4532
883 4105
89 4599
5 2353
276 4550
504 4148
144 4456
790 4040
3667 4407
810 4575
867 4352
753 4590
616 1702
815 2757
1233 4568
671 4580
337 1974
298 4167
5 4281
17 4043
138 4092
36 4112
2377 4127
414 3949
190 4539
432 4057
529 4197
1769 3948
272 4628
1597 2785
1841 2908
896 4529
277 444
769 4598
397 4410
317 3973
243 4524
539 4480
265 4072
797 4529
858 4474
2804 3064
202 4260
469 4022
619 3969
437 4138
2634 3399
2274 3556
2291 3596
427 4073
708 4159
1942 2879
382 3958
458 4140
2239 3799
3181 3518
74 4622
441 4581
832 4071
372 4215
728 4337
133 3988
189 4572
594 4608
72 4228
380 4216
380 3946
664 4020
672 4443
269 4453
720 4024
668 4552
27 4512
14 2435
156 4512
666 4044
2481 3390
439 4296
521 4375
918 4468
355 4371
872 4505
596 3946
1646 2751
1508 4598
456 4146
320 4489
704 4268
162 4520
867 4009
2127 3351
885 4373
339 4116
2926 2937
146 4182
607 4361
167 4512
490 4286
813 4072
113 4205
1889 3072
255 4242
664 3953
15 4488
2786 3932
611 3995
2160 3314
3624 4170
120 4114
331 4552
244 3102
770 4555
3835 3953
24 4339
252 4365
838 4178
57 4290
2560 2574
240 1524
420 3956
57 4474
689 4472
190 1583
435 4217
521 4020
816 4511
85 4159
822 4164
259 3345
564 4478
492 4275
1139 3373
1783 2454
360 4447
389 3958
248 4067
328 4019
267 4581
2293 3493
574 4432
1499 2876
208 3938
661 4135
202 4140
880 4229
3425 4130
900 4051
571 4190
549 4521
870 4028
423 3956
184 4082
421 4246
805 4522
104 4480
442 4389
1314 4487
561 4412
224 4478
300 4287
3474 3594
408 4131
376 3081
699 1444
419 4183
1305 4250
587 4342
2322 2825
571 4420
719 4592
351 3887
48 4488
491 4395
172 3989
634 4315
377 4457
3123 4026
356 4128
335 4082
2312 3180
31 4252
886 3939
2060 3581
1821 3120
617 4410
616 2688
143 4384
438 4221
305 4293
726 4430
55 3954
749 4492
441 4621
182 4103
887 4040
99 3983
160 4418
528 4369
536 4062
754 4247
147 4315
923 3965
78 4076
418 4018
27 3976
910 4540
213 4372
878 3983
763 4312
778 4063
347 4160
2671 3317
536 4504
533 4179
697 4536
403 2885
29 4497
987 2897
89 4159
298 4010
1661 2741
372 4385
2431 3728
1702 4573
866 4525
1818 4466
345 1006
2877 3997
40 4605
3270 4387
814 4127
38 4472
920 4266
122 4458
183 4098
476 3728
832 4615
75 3992
923 4463
586 4437
511 4536
545 4573
585 4100
1712 4470
715 4513
224 4294
3018 3857
3089 3186
496 4553
233 4184
10 4425
911 4448
204 4009
23 4227
767 4503
180 4448
7 1367
330 3999
2158 3068
32 4399
803 3940
191 1094
865 4080
288 3973
340 4195
86 4114
383 4235
188 4626
764 3217
722 4407
801 4089
433 4080
470 4179
661 2676
97 4615
361 4373
1874 2057
683 4011
508 4047
702 4484
1705 2336
1726 1734
396 4398
207 4066
250 4538
682 2026
384 862
190 4370
1030 3296
1613 3036
499 2697
257 4277
379 4465
322 4105
500 4394
587 4569
517 4094
1860 2311
823 2050
812 4076
1777 2366
436 4246
3452 4228
214 4394
556 4383
408 4594
253 4467
779 4225
570 4233
1168 1354
493 4231
2901 4151
579 3980
681 4330
155 4513
546 4524
38 4475
3456 4418
120 401
839 3493
1061 4405
725 4069
1566 2471
153 4595
794 4556
41 4393
283 4557
106 4088
513 3982
1916 2333
3460 4533
633 4414
380 4179
1060 3005
467 4300
1232 1899
776 4225
477 3971
1574 3667
1438 3322
295 4160
2501 3923
843 3996
802 4486
1388 4215
540 4540
176 4221
3549 4289
693 4206
792 4413
978 4472
680 4537
141 3953
744 4392
464 2868
669 4104
641 4192
840 4216
661 4559
888 4023
141 4091
12 3962
110 4084
3722 4317
414 4578
2464 4372
839 4219
507 4337
756 3719
659 4448
635 4050
373 3810
1974 2833
384 4503
472 4059
788 4151
3080 4596
147 3990
232 4379
179 3952
693 4083
303 4030
893 4595
736 4522
895 4348
269 4461
390 4524
721 3992
42 3963
625 4367
20 4551
527 3961
1087 3850
656 4254
219 4437
412 4226
154 4309
1528 2626
1022 2019
606 3989
82 4340
1749 4518
637 4403
2591 4330
744 4235
992 3494
168 4301
835 4396
2278 4002
2087 3384
3532 3655
120 3999
661 4280
628 4382
255 4065
571 4524
1269 4108
491 4412
1816 3909
728 4505
223 4295
691 4552
170 4558
388 4404
850 4603
3079 3266
876 931
1839 3809
29 4394
418 4063
777 4440
1237 3494
907 4317
547 2539
392 4187
483 4494
1121 1883
636 4179
680 4400
222 3938
644 3943
4142 4352
298 4318
228 4404
821 4382
148 4457
242 4524
31 4289
626 4468
1784 2454
466 4573
531 4071
182 4028
342 3956
770 4119
396 4064
905 4120
306 3397
288 3967
82 4207
456 4131
487 4607
291 4399
808 3126
103 4437
606 1848
3055 3830
143 4376
756 4402
651 4173
3933 4388
680 4581
520 4351
88 4025
254 4586
2034 3704
577 4261
887 4127
584 4549
781 4446
474 4198
219 4346
84 4192
707 4384
153 4155
2745 4304
507 3971
380 4270
1777 4037
1168 2167
287 3962
46 4620
2023 3757
2816 4407
2191 2334
757 4250
908 3939
298 4103
134 4207
311 3979
112 4400
12 2497
642 4500
43 4187
318 4594
2417 3925
50 4412
400 4142
778 4248
710 4406
509 3958
689 4231
319 4286
136 479
1978 2130
404 4560
97 4144
853 4537
1832 2779
688 3977
276 4267
1850 3041
286 2359
181 4357
118 4239
853 4407
509 4338
916 4221
46 4049
799 4067
365 4462
560 4008
2010 2968
820 4486
2508 3836
816 4203
1397 3650
205 4446
320 1304
711 4362
1411 4466
614 4111
280 4601
141 4055
2112 4494
193 4214
523 4015
1964 3698
100 4000
174 4567
90 4053
822 3945
332 4186
355 3947
940 1894
1206 3024
124 4099
88 2861
102 4122
565 4156
218 4082
176 3968
391 3970
3574 4296
1542 4138
500 4024
2911 2917
2206 2696
287 3957
65 4199
394 3971
2673 3377
223 4017
4104 4118
252 2883
137 4363
482 4202
3286 3506
970 4498
364 3632
533 4546
542 4247
827 4569
268 4013
220 3943
78 4230
570 3936
2450 2774
458 4546
637 1656
1512 1900
889 4028
15 4610
26 4453
1883 3816
917 4360
32 4127
330 3958
3942 4026
730 4314
85 4296
3500 4257
435 4365
156 620
387 4281
898 4179
351 1446
201 4447
66 4046
320 4418
339 4053
845 4507
437 3968
291 4463
495 4238
45 2682
452 4473
2768 3488
362 4045
640 4538
1870 3499
404 4232
83 4301
874 4243
209 4551
251 4429
461 4578
2463 4212
106 4265
745 4143
1896 1947
638 1660
1182 3979
31 4235
3612 3892
3254 3838
307 4427
3337 4220
1211 3889
241 4078
49 4407
1673 3915
444 4432
2791 3849
494 4254
869 4129
424 3985
56 4215
471 4204
135 3963
729 4414
73 4344
782 4219
506 4205
174 4194
405 4234
249 4378
1038 4239
2352 3349
775 4525
243 3978
23 4385
263 4537
692 4496
2225 3891
645 4189
227 1557
2659 3307
2395 2701
323 4158
482 1203
84 4136
605 3538
860 4211
406 4407
573 3961
464 4387
743 4329
511 4008
599 4322
659 4302
379 4497
3373 4393
893 4107
923 4326
1307 2730
333 3988
442 4182
62 4531
682 3993
259 4558
240 266
281 4260
304 4555
1095 2627
186 4046
324 4096
385 4473
560 4496
711 4140
724 4369
886 4365
785 4551
686 4315
853 4287
476 4289
3575 4618
2917 3208
664 4114
259 998
3404 4040
2641 3085
2922 4004
254 4262
729 3836
504 3956
590 4424
1113 4450
841 4007
517 4567
362 4604
644 4511
3926 4185
3652 3892
349 4201
371 4165
659 4496
604 4461
406 4092
495 4058
165 4129
2793 2933
133 4526
157 4041
983 4409
673 4590
230 4571
746 4423
103 4454
256 4517
317 4517
837 4210
7 4157
897 4592
376 4530
486 4205
9 4474
717 4049
772 3970
1736 2089
443 4573
353 4098
2251 3596
318 4092
527 4373
52 4083
221 4062
1493 3570
543 4525
188 4426
902 4445
789 4208
1589 3083
114 4093
734 4147
382 4569
2092 3613
508 3192
682 4299
288 4496
289 4466
268 4264
88 4408
717 4096
280 4457
33 4255
336 4627
2258 2436
919 4025
282 4386
160 4292
723 4034
700 1481
2683 3163
755 4034
342 3997
1695 4388
858 4598
3298 4217
843 4585
329 4172
522 4628
1942 2822
39 4213
947 3528
858 4320
182 4134
796 3655
143 4460
767 3944
670 4371
650 4391
280 4323
722 4137
522 4527
711 4253
430 4029
476 4331
3289 3549
3548 3878
758 1820
453 3983
901 4191
249 4616
25 3950
781 3971
115 4365
1034 3752
495 3314
155 2813
52 4262
2266 3401
515 4088
315 4353
819 4521
1443 1975
2080 4500
718 3932
898 4560
614 4046
853 4486
859 4212
553 3952
630 4512
712 4358
695 4258
63 4158
558 4412
680 4601
2811 3401
291 4528
627 4432
601 4093
662 2246
920 4594
829 4179
1401 2415
3519 4171
574 4282
299 4198
108 4293
792 4305
494 4267
658 4463
95 4590
161 3281
522 4329
1057 4574
456 4262
542 3108
33 4320
1590 4404
337 4190
818 4001
3104 4003
2059 3081
592 4182
54 4351
491 4099
518 3575
72 4260
600 4579
439 1894
559 4628
226 3971
353 4435
195 4498
192 4259
842 4609
234 4039
92 4529
97 4422
277 4550
862 2026
812 4570
642 4244
402 4206
324 4348
475 4113
1137 2773
797 4157
2630 3198
2961 3752
906 4428
67 4305
127 4126
883 4216
207 3997
852 4099
212 4617
144 4185
909 4425
810 4330
397 3960
448 4328
1126 1390
489 4187
555 4239
403 2374
2025 4441
867 4037
331 4085
616 4301
605 1414
46 3726
555 2674
860 4534
200 4310
50 4214
475 4016
169 4309
761 4627
186 4065
244 4584
2765 3228
816 4620
136 4609
923 4390
516 4436
869 4120
722 4127
709 4576
164 4287
870 4452
789 4378
14 4000
1667 2383
571 4300
253 1076
156 4510
663 4556
277 4550
898 4225
167 4245
597 4462
199 4451
281 4453
341 1943
873 4215
1727 3295
1637 2222
1166 2881
227 4554
2366 3219
101 4553
830 4538
496 4389
18 3464
49 4095
130 4161
287 4106
647 4625
1377 4070
435 4456
1951 3268
262 4411
4 4630
250 4596
836 4078
28 4175
810 4152
5 4211
666 4445
856 4007
2979 3193
525 4244
1306 4301
1154 2818
3045 3109
2659 3959
2206 4325
1080 2497
677 4360
300 4046
294 4053
413 4346
266 4231
2669 3093
666 4450
478 4106
666 4538
484 4381
324 4078
981 1722
179 2526
3774 4473
191 4627
81 4157
2027 3175
391 4359
766 4470
835 4482
1082 1630
921 4428
316 4201
540 4094
706 4020
792 4603
437 4528
561 3953
272 4490
865 4037
229 4405
818 4337
83 4374
1014 3534
252 4256
93 3988
242 4524
942 3385
485 4374
319 4002
724 4451
458 4361
544 4396
699 4186
612 3978
602 4532
1476 1829
193 4111
792 4168
227 4256
4245 4569
1322 3146
83 4294
801 4486
852 4007
515 4130
623 4618
2195 3468
572 4089
276 4333
517 4361
4133 4580
386 4217
3553 4024
256 4118
1230 2325
82 3198
421 4171
746 4136
665 2177
926 4159
3922 4572
43 4207
75 4204
1936 2653
323 4172
521 4021
79 4446
398 4582
678 4035
754 3537
29 4462
454 4148
325 4053
148 4569
40 4397
861 4141
598 4200
807 4188
594 4418
382 4455
566 4559
440 4187
509 4201
908 4290
101 4185
687 1136
523 4308
15 418
549 4345
252 3980
677 920
2889 3986
758 4254
838 4062
90 331
472 4003
1637 2225
1744 3728
21 1689
710 4589
2389 2555
13 4274
457 4105
467 4159
2733 4400
2611 4300
830 4365
405 4107
730 1219
267 4020
241 4501
740 4386
259 4021
49 4538
733 4009
920 4291
543 4594
328 3112
91 4263
749 4117
850 4609
1618 3262
2691 4104
122 4411
868 4049
601 4117
316 4627
356 3982
116 4096
359 4028
875 4108
32 3948
10 4280
29 4372
324 4254
245 4091
167 2464
329 3099
756 4329
803 4121
1511 3660
601 4627
159 3493
176 4386
160 3978
344 4540
842 3466
515 4612
225 4344
322 4302
1 4137
162 4617
394 4119
530 3980
76 4476
212 4039
686 4302
828 1863
132 4306
807 4516
90 4453
798 4393
1108 4069
394 4246
509 4317
278 4589
141 4150
602 4023
763 4591
196 1136
1222 3301
83 4341
26 4479
322 3962
302 4077
851 4605
726 4556
492 4116
561 4222
1 4245
1106 1266
404 4274
892 4336
871 3945
266 4160
47 3975
765 4183
2836 3589
3228 3662
297 4034
871 4145
2045 3754
243 3961
62 4585
829 4190
915 4558
1416 2317
692 4359
414 4222
872 4098
3174 3627
307 4153
152 4527
642 4160
359 951
185 4496
870 4384
3188 4475
787 4423
5 4066
178 3988
967 1171
904 4467
266 799
251 4048
667 2653
645 4630
946 3236
227 4213
838 4174
1015 3999
749 4383
695 4587
140 4416
350 4376
289 4042
1552 3333
607 4447
819 4232
1690 2763
763 4053
1095 3223
1006 4286
234 4073
436 4053
692 4161
685 4314
757 4392
289 4305
123 4488
872 4265
432 4157
256 1152
1982 2140
517 4247
226 4238
3843 4064
324 4059
1928 3718
259 4009
2515 3495
676 4129
413 3988
443 2029
2374 3652
1227 3439
419 4288
391 4083
839 4066
536 4052
1563 4486
252 4426
94 4261
109 1618
645 4181
477 4065
7 2090
509 4134
703 2439
823 4223
626 4531
122 4564
15 3937
3203 4524
494 4526
744 2499
575 4135
88 4290
44 4591
413 1103
662 4301
453 4109
367 4389
890 4563
2628 4143
335 4276
453 1629
1180 3788
318 4041
1559 3271
367 3955
3559 3865
444 4406
1836 3294
925 4215
186 2198
638 4397
652 4027
3066 3850
683 4100
3 4037
277 4308
223 4201
433 1344
276 4343
240 4054
194 4174
721 3973
478 4288
354 4094
213 4408
691 3601
610 4357
406 4270
738 4490
210 3940
759 4073
313 4468
469 4400
392 4544
166 4211
4144 4334
169 4068
784 4478
597 4333
247 4543
3165 4175
177 2887
160 4203
838 3950
371 4442
755 2622
61 4552
55 4173
281 4605
799 3740
2500 3059
705 4077
335 2451
2152 4381
720 2856
846 4423
25 4399
1687 2427
349 4381
895 4258
1071 4403
1099 4490
473 3011
380 4203
1178 3314
914 4027
2448 3331
2683 3348
102 4073
886 4133
2935 3380
408 4393
2942 4078
674 4596
1445 1606
568 4509
379 4313
852 2652
1400 4268
228 2208
906 4391
327 4486
3267 4015
619 4183
398 4309
501 4391
798 4098
502 3999
785 4556
1578 4054
242 4619
15 4337
578 3987
873 4221
526 4072
99 3995
694 4563
2 4264
653 4386
8 4517
613 4567
178 4370
648 4611
452 4120
1593 2321
1803 2432
2841 3980
138 3229
2432 4302
913 4039
449 4458
190 4226
888 4228
348 3969
178 4294
750 1477
126 4611
501 751
391 4010
212 3954
235 4089
378 4353
419 4599
130 4214
788 2510
2388 4004
197 4137
1779 1971
679 4121
853 4155
373 4478
2334 2350
900 4049
908 4111
272 3623
1797 3423
896 4025
851 3997
631 4403
668 4177
13 4188
806 4499
272 4271
821 4614
1097 2630
2332 3058
644 4433
703 4041
11 4614
2217 3652
867 4337
703 4096
152 4512
755 4496
56 4166
717 4282
273 4559
576 4122
778 3279
158 4144
186 4523
2703 3739
302 4419
401 4011
269 4244
3843 4267
975 2580
3060 4067
821 4508
138 4167
117 4004
276 4142
1628 4050
867 4149
313 4326
770 1544
575 4576
387 4266
574 1902
320 1711
321 4548
3861 4589
734 4181
725 4049
738 4149
1554 1601
34 4220
2376 3839
693 4395
712 4306
142 4287
723 4002
326 3850
2709 3100
806 4111
672 4208
279 4161
3105 4420
309 4576
1592 4089
699 2850
779 4326
915 4307
123 4051
210 4510
855 3967
630 3256
10 4463
765 4545
516 4578
842 1812
652 3138
661 4150
162 3974
382 4056
1258 3044
291 4111
786 4587
816 4360
124 4220
503 3950
147 4059
558 4496
461 4099
701 3988
379 4544
747 4457
490 4226
621 4287
438 771
2825 3708
2339 3514
576 4310
915 4124
471 4613
774 4602
379 4323
790 4197
394 4362
491 3993
570 4196
131 4015
422 4071
1750 3317
43 4598
1184 3906
3301 4011
764 4575
255 3958
637 4451
433 4159
202 3977
852 4474
299 4371
189 488
491 4534
2544 3945
341 3971
281 4615
344 4440
805 4567
60 4138
184 4458
327 4286
514 4598
200 4321
182 4223
139 4225
116 4552
655 1290
2529 2619
175 4423
665 4274
565 4046
437 4415
193 3995
683 4002
200 4527
1184 3157
824 4152
769 4615
1468 3465
118 4619
293 4531
69 4013
846 4495
722 4382
525 4257
173 4093
444 4620
1488 3435
826 4578
1215 2523
814 4201
757 4152
766 4092
2052 3480
718 4029
2585 4611
422 4551
771 4558
317 4459
213 4105
861 4105
776 4256
579 4183
573 4018
544 4586
641 3986
120 4063
265 4268
333 4533
493 4510
4139 4324
617 4410
943 3260
648 4522
753 4382
198 4396
791 4219
32 4147
279 4564
2282 4502
2542 4086
382 4363
223 4217
369 4540
252 4614
539 4629
1117 1525
2748 2813
375 2916
128 4173
789 2651
331 4119
511 4307
674 4262
253 889
279 4392
550 4172
3844 4586
138 4474
46 4245
482 626
1320 3087
618 4470
646 4152
2137 4421
524 4568
191 4280
286 4592
289 561
1809 2335
732 4087
359 4320
144 4186
545 4051
352 3976
734 4331
455 3997
601 4501
2591 2901
698 3071
285 4531
3858 3959
447 1220
47 4500
651 4239
506 2562
746 4428
388 4088
858 4344
1835 2089
18 4598
868 4284
453 4380
173 3950
2846 4316
459 4523
185 4538
3012 3914
186 4330
839 1935
296 4545
819 2440
116 3976
626 4497
861 4585
367 4247
2805 4248
1816 2391
664 2788
120 4533
709 4417
434 4405
724 4440
658 4224
233 4560
14 4411
534 4083
415 3556
1045 4311
2383 2747
662 4340
241 4582
164 4294
378 4266
506 4438
1959 3298
547 4151
373 4155
273 4382
261 4492
689 4455
1176 2888
105 4320
321 4237
499 4629
551 4063
140 4209
466 4202
205 4254
872 4440
345 4536
682 3043
247 4113
1821 1829
405 2887
2478 4456
450 4045
744 1650
1716 3357
589 4222
340 4391
522 4565
33 4432
2276 3933
310 4525
2001 4503
2628 2974
721 4118
194 4030
1411 1769
968 3062
1481 3144
443 4017
232 4612
1264 2723
555 4548
2367 4349
27 2388
546 4007
450 4028
749 4215
434 4262
3380 3710
1158 3892
155 4197
202 4213
3389 4593
709 4234
1391 4289
870 3720
897 4068
160 4133
1178 3748
548 4253
3096 4151
293 4053
381 4068
3099 4394
440 3972
679 4308
776 4047
387 4404
485 588
338 4258
944 1303
95 4371
2879 3768
865 4398
421 4186
697 4489
722 4076
1151 2296
262 4005
2487 2763
746 4526
592 4424
417 4191
890 4404
768 4271
94 2021
228 4594
69 4093
254 4141
107 4510
1101 2331
33 4271
249 4366
1113 3008
155 4228
688 4614
90 4319
256 4070
2649 3512
327 4601
3165 3894
440 4300
736 3381
2700 3571
71 4180
138 2614
403 4492
45 4571
217 4140
310 4042
341 4024
1 714
219 4099
658 3942
133 4344
284 3471
20 4398
2457 2846
2545 3142
3166 4394
273 4402
269 4483
761 4403
464 4368
872 4047
2046 3235
60 2552
2990 4120
434 4073
555 4212
782 4215
296 2242
648 4067
95 2451
1637 2384
1585 3152
654 4003
438 1296
880 4303
266 4475
790 4005
60 2749
916 4412
81 4083
194 4390
786 4189
814 4045
922 4512
1094 2253
899 4570
801 4613
447 4307
143 4132
1049 1168
542 4063
31 4028
550 4352
900 4383
791 4591
530 2502
357 4272
280 4012
1486 2349
603 3984
1420 2339
266 4544
759 4042
154 4093
146 4050
192 4200
714 4341
669 4374
623 3946
460 4118
331 3989
629 4223
498 1289
2740 3855
867 4019
283 4055
141 4257
646 4453
774 4140
541 4215
119 4366
16 4008
1288 3264
41 3985
358 4404
480 4190
439 4469
847 3574
324 3662
503 4318
736 4297
294 4045
822 4252
519 3984
931 1245
3409 4055
66 542
2017 2508
654 4509
204 3971
599 4369
164 4161
761 4207
78 4461
872 4298
2353 3204
781 4397
1113 3939
667 4198
493 4135
534 4277
2534 2760
352 4314
1705 2801
447 4412
25 4440
3868 4122
359 4540
884 4156
243 4227
896 4453
924 4421
399 3958
1024 2729
1889 3398
5 3110
1664 3029
786 3936
257 4598
2236 2723
441 4538
2066 3428
61 4411
847 4621
337 2180
795 4286
555 3976
888 4571
507 4180
926 4360
373 4432
57 3972
860 3991
52 4277
2857 3642
155 4550
2747 3506
274 4003
854 4300
363 4075
699 4010
756 4509
25 3959
219 4532
877 4561
723 1604
776 4506
709 4032
177 4120
168 4626
791 4360
1530 1575
643 4097
651 3980
297 4005
1569 2455
140 4209
1887 2144
143 4544
764 4095
432 1659
14 3996
3399 3961
447 4560
785 4270
242 4234
2066 4159
418 3473
170 4278
405 4062
438 4033
665 3997
1650 2602
821 4476
2757 4368
465 3736
459 4105
892 4295
1021 4242
428 4358
172 4623
1878 3349
319 4342
109 4096
623 4508
14 4297
925 4206
1299 1877
38 4006
3004 3087
34 4503
584 4074
1735 3686
2533 3050
2366 3425
2965 3667
398 4091
611 2981
282 4446
131 4400
575 4502
84 4186
143 4085
347 3975
554 4555
318 2356
609 4333
2492 3894
575 4489
710 4402
576 4079
25 4278
669 4464
309 3992
79 3961
450 4301
36 4174
265 2346
644 3280
858 4041
3773 3900
453 4506
749 4525
443 2586
2982 3093
1769 2361
3184 4600
566 4555
658 4398
167 4241
2601 3698
3939 4570
66 4567
589 4030
19 4207
136 1405
2098 2986
504 4499
433 3986
808 4470
757 4274
3337 3338
1775 3590
385 4556
215 4263
319 4095
75 4311
39 4218
687 4428
584 4470
3689 4256
79 4260
809 3437
3661 3915
948 3745
784 4077
470 4031
353 4000
474 4500
3923 4043
280 4520
772 4056
3278 3848
3089 3571
688 4549
146 2574
355 3999
61 4111
1618 1733
156 4050
3869 4505
1185 2426
1480 3749
1009 1932
796 4432
529 4569
356 4626
667 4563
735 4289
1881 4608
294 4553
1193 1400
268 4146
887 1543
31 3245
110 4320
3545 3549
529 4571
188 4203
586 4485
692 4125
2363 3500
788 4152
922 3501
333 4549
323 4325
581 3992
915 4559
533 1954
679 2277
789 4334
847 4256
41 4370
3071 3734
3738 4624
551 4615
203 1634
326 4443
482 4308
755 3986
906 1910
316 4037
679 4038
429 3851
278 4073
296 3551
302 4087
3115 3638
412 3938
2680 4580
3794 4272
312 4357
105 3939
66 4375
479 1201
486 4301
779 2086
118 2380
360 4174
471 2352
747 4467
255 4497
494 4418
71 4592
229 4497
334 4209
203 4363
4033 4289
2441 3008
987 2173
624 2983
1336 1450
421 4003
168 4491
71 4279
1718 4257
315 1125
417 4070
911 4103
750 4564
537 4163
915 4476
32 4432
485 4363
15 4592
29 4584
3806 3946
3116 3409
2961 3164
1312 1617
414 4254
714 4290
822 4108
1665 3639
1677 4226
156 4179
139 4474
542 4590
21 4049
200 4529
53 4631
2074 3512
190 4582
540 4353
757 4352
2300 2505
921 4172
1006 2980
650 4439
1510 3557
441 4193
860 4286
714 4546
674 4290
1507 4252
2279 4275
132 4041
88 2700
435 4236
908 4094
443 4465
374 4028
3268 3539
773 4145
521 4402
101 1901
36 4288
1921 3726
225 4094
473 4554
2490 4198
728 4435
901 4449
78 3973
146 4144
664 4368
42 4049
