2798 2948
2780 3431
2780 3365
2738 3487
2738 3826
2781 1630
2738 3439
2738 3423
2234 205
2738 3702
2780 3044
2738 3339
2780 3008
2738 3509
2798 3083
2738 3327
2781 1341
2798 2966
2738 3755
2738 3714
2738 3628
2738 3538
2780 3289
2738 3214
2291 331
2798 3057
2259 861
2780 3089
2780 3530
2738 3159
2798 1927
2738 3762
2780 3295
2894 965
2798 3171
2738 3857
1639 101
2798 3158
2757 1855
2798 2851
2738 3594
2738 3695
2738 3749
2738 3362
2738 3904
2738 3700
2798 2918
2738 3773
2738 3597
2738 3471
2780 3474
2780 3249
2738 3150
2568 82
2738 3552
2738 3339
1919 159
2738 3416
2798 2873
2843 789
2738 3595
2738 3285
2738 3570
2738 3929
2738 3559
2780 3478
2738 3545
2780 3171
2738 3982
2774 791
2843 2118
2738 3712
2780 3361
2838 654
2738 3266
2798 2162
2798 2757
2738 3606
2738 3233
2738 3733
2738 3979
2780 3172
1738 506
2738 3615
2838 2650
2738 3494
2780 3123
2738 3368
2738 3647
2780 3266
2894 1115
2738 3999
2780 3348
2396 438
2738 3834
2757 1171
2780 3170
2567 253
2798 3035
2738 3649
2780 3178
2738 3231
2354 1053
2738 3350
2798 2902
2798 2854
2738 3369
2798 3054
2738 3392
2757 1143
2798 3163
2738 3709
2738 3776
2738 3369
2757 932
2738 3461
2738 3367
2738 3248
2798 3033
2838 2118
2738 4066
2738 3782
2894 1338
2757 2254
2738 3210
2738 3218
2738 3802
2838 2668
2738 3360
3575 129
2798 3041
2354 1045
2781 949
2757 2738
2780 3324
2738 3535
2780 2976
2798 2993
2780 3362
2738 3557
2780 3259
2738 3996
2838 2464
2780 3181
2798 2962
2757 2324
2798 3204
2738 3128
2757 2997
2738 3660
2780 2997
2738 3540
2738 3555
2738 3635
2780 2989
2738 3237
2780 3013
2738 3691
2738 3602
2259 913
2738 3422
2780 3064
2738 3806
2757 2763
2757 2792
2738 3330
2014 78
2738 3861
2738 3284
2410 1976
2738 3848
2780 3404
1909 723
2798 2945
2738 3328
2738 3623
2798 2892
2733 741
2738 3889
2798 2967
1909 635
2780 3414
2780 3032
2738 3643
2738 3785
2193 41
2798 3065
2798 2635
2757 628
2798 3249
2738 3353
2780 3480
2798 3113
2798 3296
2798 1301
2738 3721
2738 3641
2780 3481
2838 2161
2568 1522
1256 43
2798 2221
2774 378
2780 3223
2738 3148
2738 3881
2738 3787
2780 3271
2757 1776
2798 2951
2738 3811
2156 125
2750 843
2780 3333
2738 3370
2738 3525
2738 3558
2738 3474
2780 3324
3225 206
2798 3065
2738 3803
2738 3167
2798 2807
2798 2714
2711 669
2738 3847
2738 3194
2568 1326
2738 3486
2738 3627
2798 3229
2894 724
2798 2837
2757 1626
2738 3564
2733 746
2757 650
2430 1314
2259 485
2738 3566
2780 3070
2798 2782
2738 3456
2780 3237
2780 3045
2798 2921
2259 859
2645 138
2780 2949
2738 3210
2738 3768
2738 3557
2738 3527
2798 2594
2738 3314
2798 2828
2738 3811
2738 3720
2733 735
2798 2008
2738 3763
2798 1705
2780 3361
2798 2477
2798 2859
2780 3138
2798 2480
2798 2952
2738 3277
2738 3749
2738 3577
2757 1732
2738 3258
2780 3452
2780 3174
2780 3234
2738 3382
2757 2025
2738 3550
2738 1576
2738 4013
2738 3561
2738 3520
2780 3248
2738 3390
2798 3188
2780 3431
2751 3635
2738 3909
2780 3360
2738 3709
2634 892
2738 3816
2798 3228
2738 3820
2738 3299
2757 2683
2757 2878
2738 3553
2751 3619
1606 84
2738 3468
2738 89
2780 3007
2798 3071
2894 1201
2780 3024
2798 2957
2780 3554
2780 3249
2738 3498
2757 2114
2780 3234
2738 3564
2843 2223
2774 774
2798 3115
2798 2919
2798 2820
2738 3821
2738 3261
2798 2925
2798 3105
2738 3744
2738 3665
2798 3012
2234 421
2259 600
2738 3981
2780 2979
2798 2705
2738 3327
2780 3054
2780 3476
2738 3709
2780 3156
2259 520
2780 3133
2738 3429
2738 3678
2781 1433
1738 157
2738 3566
2738 3788
2798 3295
2834 440
2715 163
2738 4047
2319 1000
2738 3551
2838 2610
2798 2979
2780 3338
2757 2262
2738 3522
2780 3234
2798 2793
2738 4010
2751 3560
2738 3151
2738 3505
2798 2279
2780 3237
2798 2826
2798 1602
2738 3562
2774 559
2738 3433
2738 3495
2798 3011
2738 3469
2354 1279
2798 2870
2738 3506
2738 3301
2738 3633
2738 3172
2757 3073
2738 3523
2738 3168
2738 3342
2738 3510
2798 3165
2738 3510
2738 1608
2780 3295
2259 764
2738 3448
2738 3665
2780 3247
2738 3623
2757 1784
2738 3320
3431 311
2757 1337
2780 3450
2738 3584
2894 813
2550 1006
2798 3413
2738 3383
2798 3117
2798 968
2774 955
1059 37
2738 3429
2738 3296
2738 3683
2738 3337
2738 3631
2738 3433
2780 3018
2757 778
2738 3548
2780 3369
2780 3389
2780 3366
2738 3701
2738 4050
2834 294
2780 3515
2738 4062
2738 3579
2738 4046
2780 3413
2738 3432
2738 3346
2798 2781
2738 3290
1909 460
2798 2855
2738 3627
2738 3597
2780 3360
2781 1906
2838 307
2738 3488
2774 839
2798 3166
2738 3612
2798 2885
2738 3331
2738 3369
2757 1562
2738 3516
2798 2853
2798 3120
2738 3755
2757 1153
2894 1034
2738 3530
2738 3698
2780 3208
2738 3696
2894 1701
2780 3115
2738 3759
2738 3565
2738 3493
2738 3267
2798 2918
2738 3599
2780 3417
2738 3472
2738 3955
2780 3514
2774 742
2798 3161
2738 3725
2738 3480
2738 3843
2738 3675
2798 3122
2780 3215
2738 3568
2798 3174
2798 3097
2780 3250
2751 3673
2780 3433
2738 3375
3225 979
2738 3531
2780 3334
2738 3856
2838 2317
2780 3018
2798 1336
2834 421
2738 3690
2738 3516
2738 3657
2401 1391
2738 1369
2738 3683
2112 49
2738 3479
2738 3597
2738 3527
3216 801
2738 3145
2757 2951
2738 3150
2757 1388
2798 3112
2156 75
2738 3711
2757 1985
2738 3445
2738 3688
2757 672
2738 3549
2738 3670
2834 495
2738 3426
2780 3050
2798 3169
2738 3377
2738 3791
2678 569
2757 2660
2738 3532
2738 3350
2834 779
2798 3026
2738 3323
2780 3390
2738 3660
2738 3907
2738 3516
2798 2981
2738 3727
2430 898
2798 2558
2780 3020
2798 2957
2780 3336
2738 3577
2738 3532
2780 3250
2894 1242
2738 3883
2738 3452
2798 2877
2780 3214
2738 3718
2780 3437
2738 3693
2738 3299
2568 1147
2780 3167
2738 3920
2738 3977
695 33
2757 2227
2738 3186
2798 2920
2780 3099
2780 3264
2757 2010
2738 1253
2738 3554
2738 3266
2780 896
2738 3096
2738 3139
1860 84
2780 2938
2738 3224
2798 3019
2757 2698
2738 1298
2738 3296
2738 3610
2780 2964
2738 3649
2798 1891
2780 3375
2738 3633
2738 3303
2798 3414
2757 2214
2738 3524
2738 1311
2738 3388
2738 3564
2738 4053
2738 3349
2738 3546
2738 3883
2738 3312
2738 3666
2780 3077
2738 3893
2738 3772
2738 3428
2798 2904
2738 3345
2780 3145
2780 2931
2738 3697
2780 3026
2738 3598
2738 3224
2738 3720
2780 3150
2711 651
3096 333
2780 3510
2738 3664
2798 3375
2738 3939
2738 3806
2798 3319
2780 2977
2757 3227
2780 3412
2798 3198
2568 885
2798 2980
2780 3329
2738 3882
2738 3180
2738 3398
2894 1344
2738 3298
2738 3685
2798 3074
2798 3236
2738 3457
2738 3382
2738 4022
2738 3799
2780 3441
2738 3743
2738 3868
2738 3730
2738 3280
2798 2876
2780 3164
2780 3474
2757 2304
2780 3271
2798 2921
2843 1005
2738 3477
2738 3400
2798 2849
2891 346
2738 3292
2738 3289
2738 3470
2798 2818
2738 3979
2798 2813
2738 3484
2738 3163
2738 3450
2798 3162
2757 2824
2738 3156
2738 3363
2780 3122
2738 3653
2780 3526
2780 3212
3225 245
2774 208
2798 2860
2780 3291
2738 3738
2757 1749
2474 770
2738 3364
2738 3793
2738 3645
2738 3493
2229 231
2798 1496
2430 795
2410 244
2738 3214
2798 1944
2798 3007
2738 3477
2738 3407
2738 3437
2780 3122
2798 3418
2798 3027
2711 682
2780 3384
2798 3188
2798 2997
2757 939
2738 3490
2757 1625
2738 3766
2738 3756
2838 2678
2738 1776
2780 3250
2738 3355
2780 3583
2401 833
2780 2938
2738 3693
2798 2933
2711 148
2757 2622
2738 3714
2798 1499
2738 3626
2738 3522
2780 3450
2843 858
2757 1816
2780 3020
2738 3905
2738 3913
2738 3238
2738 3548
2738 3212
2738 3687
2798 2797
2738 3611
2798 3087
2738 3877
2997 78
2738 3915
2780 3123
2798 1268
2798 3153
2738 3418
2738 3503
2738 3726
2838 1688
2738 3458
2776 211
2568 1113
2757 2020
2738 3235
2798 2821
2798 2994
2738 3384
2798 3088
2757 790
2738 3923
2738 1851
2780 3333
2738 3137
2757 1152
2738 3517
2798 3054
2780 3083
2780 2935
2780 3327
2798 2806
2843 1096
2798 2880
2711 561
2738 3681
1923 203
2738 3345
3431 126
2780 3095
2780 3163
2757 1364
2738 3517
2798 1783
2798 3049
2738 3181
2798 3008
2259 749
2738 3881
2738 3472
2738 3530
2738 3218
2757 2383
2757 2632
2738 3491
2229 254
2757 2263
3501 77
2738 3588
2738 3420
2738 3596
2738 3428
2798 3018
2738 3891
2738 3310
2774 168
2780 3207
2798 2300
2757 1988
2780 2963
2738 3316
2738 3624
2798 2229
2738 3787
2738 3228
2738 3933
2780 3403
2738 3889
2738 3313
2780 3232
2780 3460
2738 3449
2738 3674
2738 3530
2738 3266
2780 3336
2738 3439
2711 1057
2757 1095
2738 3834
3096 210
2738 3518
2780 3242
2234 326
2843 1002
2798 2974
2259 862
2774 510
2738 3465
2738 3669
2738 3511
2738 3976
2780 2908
2738 3766
2738 3210
2738 3478
2738 3439
2798 3026
2798 2970
2738 3469
2798 3076
2781 1423
2738 3563
2798 3192
2738 3603
2738 3881
2112 58
2798 2970
2780 3529
2780 3008
2738 3414
2780 3483
2738 3914
2780 3032
2738 3504
2798 2808
2757 1506
2738 3607
2738 3699
2738 3972
2738 3993
2798 3117
2798 3007
2798 775
2738 3751
2738 3180
2738 1296
2757 2977
2780 3345
2757 1450
3096 748
2738 3968
2780 3287
2319 87
2780 3483
2757 2454
2798 3263
2738 4088
2738 3900
2774 644
2738 3377
2780 3318
2738 3380
2894 926
2798 2852
2780 3091
2738 3687
2798 3053
2780 3261
2780 3321
2738 3372
2774 887
2234 835
2738 3417
2354 1155
2738 3182
2798 2926
2780 3180
2798 1545
2115 131
2780 3037
2738 3378
2798 2914
2738 3435
2757 1758
2738 3842
2738 3320
2738 3516
2738 3382
2234 450
3431 204
2738 3689
2757 1623
2780 3310
2780 2969
2738 3682
2780 3155
2757 1649
2780 2986
2738 3591
2738 3487
2711 778
2738 4037
2738 3290
2738 4112
2430 720
2738 3485
2738 3316
2757 2317
2738 3859
2738 3378
2798 2888
2738 3574
2798 2892
2798 3179
2780 3429
2738 3598
2738 3448
2798 3106
2738 3488
2780 3203
2798 2556
2757 2712
2757 2118
2738 3150
2798 3195
2738 3303
2738 3939
2738 3919
2738 3378
2780 3095
2396 442
2798 1997
2750 1493
2774 310
2738 3497
2780 3105
2780 3236
2657 1086
2738 3661
2798 3231
2738 3599
3216 608
2738 3297
2780 3416
2757 972
2798 3351
2738 3511
2780 3394
2738 3360
2843 2198
2798 3066
2780 3370
2738 3534
2738 3427
2738 3671
2738 3757
2738 3575
2798 2818
2678 624
2738 3907
2798 2871
2798 3002
2738 3716
2843 1999
2738 3209
2774 471
2401 1962
2738 3398
2234 653
2738 3633
2738 3348
2738 3334
2738 3558
2711 732
2738 3397
2738 3267
2738 3460
2780 3317
2780 3112
2798 3127
2757 2322
2780 3195
2757 1107
2738 3433
2738 3447
2798 2967
2738 3717
2798 2977
2738 3381
2798 2850
2757 1741
2798 2928
2757 2436
2738 4011
2780 3231
2798 3425
2780 3532
2738 3397
2780 3025
2738 3417
2474 695
2757 1549
2738 3533
2780 3166
2798 3126
2757 988
2738 3643
2738 3795
2738 3309
2738 3527
2738 3494
2798 2721
2780 3352
2817 129
2738 3852
2738 3557
2738 3302
2738 3876
2738 3510
2738 3800
2480 54
2774 689
2750 1419
2738 3414
2738 3565
2738 3259
2738 3723
2738 3362
2738 3225
2757 1864
2757 1198
2738 3252
2738 3228
2781 1033
2798 3101
2738 3795
2738 3857
2757 2559
2738 3589
2738 3641
2738 3213
2738 3605
2780 3394
2354 1062
2798 1633
2738 3617
2738 3273
2780 3032
2757 1852
2568 432
2781 1871
2798 1518
2738 3852
2738 3425
2738 3686
2738 3828
2780 2935
2780 3422
2780 3557
2738 3292
2757 1773
2259 699
2738 3465
2738 3661
2738 4034
2738 3716
2568 2941
2738 3469
2568 308
2738 3552
2757 1815
2738 3176
2738 3336
2798 2767
2798 2136
2738 3654
2738 3757
2738 1150
2738 3766
2798 1399
2757 1734
3225 307
2798 3119
2738 3623
2738 4063
2738 3724
2780 3023
2738 3411
2774 643
2757 1127
2780 3148
2757 1070
2738 3377
2738 3583
2798 2858
1919 77
2738 3831
1639 62
2259 1150
2738 3660
2780 3418
2780 3479
2798 3003
2738 3522
2430 573
2738 3111
2738 3462
2738 3468
2780 2931
2781 1457
2738 4023
2757 1112
2757 2155
3216 668
2401 720
2780 3313
2838 2621
2738 3333
2834 936
2738 3457
2780 3036
2798 3155
2757 1775
2738 3914
2757 1683
2780 3092
2780 2951
2738 3536
2780 2886
2843 1091
2738 3407
2780 1031
2738 3582
2738 3809
2738 3423
2757 1800
2568 471
2798 3054
2738 3859
2780 3220
2757 2692
2798 2844
2738 3347
2738 3730
3096 294
1738 250
2780 3420
2798 1669
2738 3531
2834 763
2738 3453
2738 3428
2738 3769
2738 3979
2738 3572
2738 3144
2738 3228
1909 722
2798 3103
2738 3568
2738 3349
2259 1130
3253 163
3096 172
2781 877
2834 453
2757 3029
2568 1315
2738 3896
2738 3111
2738 3512
2738 3464
2780 3338
2757 1675
2738 3971
3853 178
1783 326
2781 1888
2780 3317
2798 3059
2738 3538
2738 3829
2757 2980
2757 1159
2738 3442
2798 3386
2738 3935
2798 2929
2781 1585
2738 3230
2738 3910
2798 2628
2234 587
2738 3684
2738 4021
2738 3604
2738 3573
2738 3795
2780 3342
2798 1794
2780 3370
2738 3369
2798 2549
2738 3690
2798 1751
2738 3696
2757 1125
2738 3546
2738 3478
2780 3403
2738 3368
2738 3290
2780 3225
2738 3646
2780 3248
2798 2699
2738 3630
2798 2910
2738 3178
2738 3452
2757 2369
2774 459
2738 3636
2757 3024
2780 3192
2738 3252
2875 222
2259 1063
2738 3701
2838 2579
2757 2203
2738 3881
2738 3660
2738 3878
2780 3329
2738 3335
2738 3745
2738 3311
2738 3943
2738 3477
2798 3074
2738 3713
2738 3322
2738 3452
2738 3646
2738 3329
2780 3076
2757 2288
2738 3509
2798 2942
2738 3706
2738 3744
2738 3888
2843 2399
2738 1562
2798 3047
2798 1777
2738 3822
2738 3991
2798 2784
2678 321
2781 1560
2738 3622
2738 3794
2798 1365
2757 2827
2738 3444
2798 3191
2738 1340
2738 3728
2738 3481
2738 3168
2780 3491
2738 3706
2738 3754
2738 3503
2798 3004
2738 3830
2738 3428
2838 2520
2738 3378
2798 2885
2738 3376
2798 3019
2738 3786
2780 3280
2798 1534
2780 3088
2738 3435
2738 3605
2738 3433
2780 3313
2780 3211
2738 3514
2738 3334
2738 3850
2780 3362
2738 3661
2259 910
2780 2994
2798 2965
2798 2834
2738 3499
2780 3229
2568 251
2780 3554
2738 3542
2738 3996
2738 3801
2738 3669
2757 3055
2780 3256
2780 3068
2738 3163
2780 3404
2738 3185
2798 2937
2780 3211
2738 3641
2757 2572
2780 3279
2738 3252
2757 2359
2738 3455
2738 3305
2757 1540
2750 1622
2798 3096
2780 3393
2780 3180
2738 3239
2780 3090
2798 2789
2798 3346
2757 2629
2738 1781
2738 3848
2738 3553
2780 3109
2738 3298
2780 3240
2798 3164
2738 3229
2738 3232
2738 3584
2780 3014
2780 3135
2568 421
2738 3551
2738 3444
2738 3616
2798 3060
2738 3621
2738 3983
2798 2550
2738 3707
2738 3154
2798 2889
2798 2929
2757 2341
2843 964
2780 3095
2780 3392
2086 141
2738 3640
2798 2902
2780 2923
2738 3716
2780 3174
2738 3360
2757 840
2757 1405
2798 2763
2738 3520
2738 3850
2738 3650
2798 2909
2891 107
2780 3409
2921 22
2798 3101
2780 3302
2642 314
2780 3363
2780 3338
2738 3286
2738 3470
2798 2804
2751 3606
2738 3132
2738 3317
2354 1071
2798 2548
2757 1965
2780 3096
2780 3208
2738 3187
2798 2872
2738 3644
2738 3260
2798 2887
2738 3442
2798 1469
2738 3664
2401 1405
2738 3655
2657 270
2401 716
2780 3536
2757 2163
2780 3230
2738 3887
2738 3666
2780 3065
2838 1788
2678 331
2757 1815
2738 3892
2780 3357
2738 3852
2780 3114
2738 3577
2834 491
2757 2008
2757 864
2738 3966
2780 3104
2798 2803
2798 3058
2798 3178
2780 3476
2798 2732
2798 2880
2738 3796
2711 384
2738 3450
2738 3439
2738 3337
2780 3057
2780 3192
2798 3285
2798 2652
2738 3650
2780 3349
2738 3417
2780 3221
2234 402
2738 3358
2757 3183
2757 1324
2757 1780
2738 3496
2798 2928
2757 1385
2894 1161
2798 3053
2798 2837
2711 971
2738 3461
2780 3376
2738 4005
2738 3468
2780 3096
2798 2275
2780 3431
2774 213
2259 768
2774 930
2798 2955
2780 3327
2354 1465
2798 3003
2738 3304
2738 3196
2798 2505
2738 3117
2780 3185
2798 2245
2738 3802
2738 3802
1909 267
2798 1954
2757 1085
2894 693
2757 886
2738 3736
2738 3514
2798 2832
2843 2137
2780 3366
2711 479
2780 3089
2738 3574
2780 3188
2798 3158
2798 3141
2798 3091
2798 2973
2738 3927
2757 1324
2798 3060
2738 3175
2780 3062
2738 3716
2780 3470
2751 3572
2838 586
2738 3756
2738 3339
2798 3012
2738 3768
2798 2844
2738 3817
2757 1348
2738 3929
2780 3264
2757 1120
2834 715
2780 3276
2738 3125
2843 2463
2738 3508
2894 1284
3130 1215
2738 3713
2757 1053
2798 2883
2738 3177
2834 380
2738 3705
2780 3022
2738 3308
2738 3535
2798 2823
2757 2040
2781 1603
2711 705
2894 789
1572 48
2738 3810
2838 1662
2798 3104
2738 1384
2798 3036
2738 3958
2798 3033
2738 3635
2738 3646
2738 3324
2354 1260
1909 617
2798 3097
2780 3319
2780 3126
1899 106
2738 3221
2738 3359
2838 2444
2738 3967
2798 2251
2757 2559
2757 1761
2738 3664
2843 877
2568 847
2798 2320
2780 3424
2319 935
2798 3072
2798 2932
2780 2998
2738 3874
2738 4004
2738 3902
2798 3074
2430 59
2738 3633
2738 3642
2798 2773
2738 3821
2780 2922
2738 3494
2738 3680
2738 3263
2757 1181
2738 3658
2738 383
2798 2983
2757 1039
2738 3504
2738 3441
2738 3221
2430 1364
2780 2967
2798 1576
2757 2960
2738 3605
3501 56
2780 3276
2780 3296
3052 452
2798 3066
2738 3570
2738 3483
2757 1090
2798 2993
2798 1463
2798 3014
2738 3508
2798 2438
2738 2691
2757 2318
2738 3228
2738 3201
2259 587
2738 4077
2750 1098
2774 933
2738 3598
2738 3731
2843 1992
2780 3067
1738 263
2738 3342
2798 2339
2234 469
2738 3681
2259 517
2738 3688
2757 1941
2738 3984
2738 3686
2780 3405
2780 3038
2780 3108
2798 3044
2774 473
2780 3040
2738 3528
2738 3353
2738 3329
2738 3946
2738 3598
2798 2842
2738 3583
2757 2685
2738 3548
1672 88
2798 3078
2738 3445
2798 3094
2738 3566
2757 2685
2780 3293
2798 2998
2738 3540
2780 3470
2798 3069
2738 3510
2780 3416
2738 3774
2738 3739
2259 990
2798 2850
2738 3481
2678 755
2798 2860
2738 3877
2798 2852
2798 3119
2738 3447
2798 2759
1388 57
2780 3356
2798 3274
2750 1808
2738 3927
2738 3417
2738 3391
2738 3345
2738 3615
2738 3305
2838 2581
2738 3713
2738 3647
2733 811
2780 3199
2738 3474
2738 2717
2780 3304
2738 3676
2738 4027
2738 3867
2780 3266
3096 699
2234 277
2738 3478
2780 3508
2757 1369
2738 3844
2738 3541
2738 3813
2738 3910
2798 2794
2757 1593
2738 3785
2780 3171
2798 3083
2738 3517
2738 3848
2798 3093
2780 3308
2780 2772
2757 2171
2738 3434
2678 590
2798 2994
1738 261
2798 2057
2780 3039
2757 2186
2738 3380
2738 3850
2738 3539
2259 757
2738 3516
2780 3263
2738 3521
2259 986
2354 1121
2780 3377
2780 3156
2738 3246
2738 3609
2838 1798
2738 3689
2738 3223
2798 2175
2086 252
2780 3176
2738 3463
2568 390
2843 898
2838 443
2738 3481
2738 3399
2798 3020
2757 2248
2738 3344
2738 3825
2738 4033
2751 3648
2798 1337
2738 3611
2738 3403
2798 3062
2738 3753
2780 3196
2930 788
2757 2140
2738 3635
2780 3072
2738 3612
2401 1358
2738 3628
2738 3757
2757 1350
2738 3377
2780 3173
2738 4080
2738 3544
2798 2900
2757 2919
2798 3197
2798 2904
2780 3329
2738 3986
2738 3491
2573 4
2757 2931
2843 758
2780 3189
1899 570
2738 3503
3216 647
2798 2828
2780 3373
2430 1333
2738 3500
2319 710
2780 3423
2738 3188
2921 180
2780 3025
2738 3805
2738 3720
2738 3721
2738 3606
2798 3098
2750 1644
2780 2956
2738 3785
2757 2224
2738 3367
2738 3524
2780 3242
2738 3295
2780 3251
2738 3541
2738 3725
2757 1872
2738 3293
2738 3304
2798 2862
2798 2742
2798 3130
2738 3771
2738 3704
2780 3036
2738 3543
2738 3652
2798 2717
2757 1734
2798 1408
2780 3385
2738 3930
2738 3808
1572 56
2780 3206
2798 2345
2757 2309
2780 3223
2651 293
3448 9
2738 3178
2657 717
2780 3231
2834 919
2798 2805
2798 3039
2738 3393
2780 2960
2757 979
2738 3921
2738 3796
2780 3188
2780 3059
2738 3738
2738 3531
2780 3083
2798 3031
1372 134
2798 2899
2798 2969
2738 3544
2738 3553
2738 3651
2738 3395
2738 3763
2798 3135
2798 2988
2568 1324
2798 2867
2738 3374
2738 1662
2738 3663
2780 3521
2757 2247
2738 3658
2678 515
2738 2821
2738 3458
2738 3637
2738 3220
2757 1535
2738 3824
2780 3403
3125 210
2738 3477
2738 3548
2780 3244
2781 905
2738 3580
2757 866
2798 3072
2738 3703
2780 2995
2798 3048
2738 3790
2738 3466
2757 2362
2798 3027
2798 3195
2780 3298
2738 3411
2738 3699
2798 2786
2738 3399
2780 3403
2234 455
2798 2971
3225 948
2780 3159
2798 2954
2738 3432
2738 3800
2757 2279
2780 3191
2738 3220
2757 2694
2738 4094
2798 3007
2757 2075
2738 3295
2780 3316
2780 2947
2798 3123
2738 3822
2798 2980
2798 2013
2757 1137
2757 1011
1919 271
2738 3893
2701 452
2738 3561
2798 3111
2738 3711
2738 3421
2738 3576
2738 3949
2780 3213
2738 3966
1738 146
2738 3624
2757 681
2738 3468
2780 3477
2757 691
2738 3851
2798 2369
2738 3782
2738 3249
2738 3450
2738 3761
2798 2817
2834 603
2798 2947
2843 1077
2738 3781
2738 3647
2711 399
2780 3517
2798 1524
2738 4003
2568 658
2738 3852
2798 2175
2738 3211
1094 122
2642 471
2798 2941
2568 1067
2738 3307
2738 3747
2780 3365
2738 3296
2738 3412
2780 3084
2738 3913
2757 2373
2798 3218
2780 3129
2738 3849
2798 1854
2780 3166
2780 3493
2798 2408
2798 2854
2738 3805
2798 3079
2738 3991
2757 1901
2738 3430
2175 313
2757 1225
2798 3066
2319 313
2738 3397
2738 3452
2738 3951
2738 3796
2738 3324
2798 1123
2733 444
2798 2937
2738 3257
2757 2609
2798 2883
2738 3649
2798 2254
2738 3302
2738 3663
2738 3382
2738 3533
2798 1330
2798 2932
2798 2906
1738 310
2738 3889
2678 484
2738 3629
2798 2875
2733 621
2780 2953
2738 3523
2738 3344
2757 1450
2738 3745
2738 3595
2259 1242
2738 3412
2738 3588
2798 2944
2657 857
2738 3521
2319 277
2780 3361
2798 2473
2738 3600
2780 3421
2843 1214
2738 3483
3347 209
2738 3716
2259 880
2798 2951
2738 3728
2757 1613
2757 1304
2738 1554
2780 3380
2780 3160
2757 2945
2738 3285
2738 3390
2798 2888
2738 1342
2738 3273
2738 3847
2738 3310
2738 3285
2780 3086
2757 1098
2738 3523
2798 2644
2568 611
2780 3353
2738 3610
2757 2267
2738 3280
2780 3479
2738 3524
2738 3181
2757 2798
2738 3716
2838 2789
2798 2702
2738 3710
2738 3702
2774 953
3409 831
2738 3500
2780 3407
2738 3504
2234 802
2738 3309
2774 404
2738 3263
2738 3813
2798 2734
2354 1546
2738 3224
2738 3536
2798 2822
2751 3529
2757 3006
2738 3653
2738 3266
2751 3628
2798 3250
2738 3945
2780 3431
2259 1077
2738 3737
2738 3986
2843 1880
1688 571
2738 3503
2738 3210
2780 3108
2738 3895
2738 3379
2780 3274
2774 796
3347 237
2798 1126
2354 1133
2738 3456
2319 239
2738 3703
2780 3252
2738 3712
2798 2226
2738 3514
2738 3287
2738 3984
2757 2291
2798 3130
2780 3261
2738 3285
2780 3053
2738 3156
2798 3302
2780 3469
2738 3213
2780 3153
2798 2936
2780 3089
2738 3185
2738 3817
2780 3129
2738 3587
2738 3526
2738 3451
2838 1704
2568 203
2568 837
2798 1728
2738 3775
1738 313
2834 584
2738 3560
2430 1191
2738 3393
2757 1931
2738 3561
2738 3459
1886 77
2738 3549
2738 1103
2780 3162
2738 3641
2780 3340
1738 275
2798 3153
2738 3599
2738 3370
2738 3157
2738 3932
2738 3811
2738 3751
2738 3427
2738 3261
2738 3799
2738 3237
2738 3634
2780 3081
2678 520
2780 3350
1704 18
2798 3348
2738 4041
2894 1058
2738 3858
2738 3782
2757 2955
2738 3496
2780 3496
2738 3499
2738 3543
2738 3433
2738 3680
2798 2944
2738 3350
2738 3542
2738 3325
2738 3604
2738 3582
2798 3065
2234 447
2738 3636
2798 3084
2738 3584
2780 2979
2757 1432
2738 3225
2738 4023
2757 552
2757 2654
2738 3404
2798 3092
2738 3702
2798 3067
2780 3248
2843 2295
3096 394
2738 3615
2738 3364
2798 2591
2738 3679
2798 3114
2738 3417
2396 255
2738 3435
2738 3266
2798 3084
2780 3408
2738 3746
2568 372
2798 2424
2780 3285
2642 609
2738 3862
2738 3700
2780 3484
2738 3494
2798 1772
2738 3637
2798 2945
2757 845
2751 3522
2474 31
2738 3397
2701 426
2738 3287
3056 317
2798 2985
2843 906
2780 3346
2738 3534
2798 2433
2259 670
2738 3781
2798 2081
2843 885
2738 3656
2738 3491
2798 2806
1185 32
2780 3313
2738 3291
2780 3314
2798 3023
2780 3377
2738 3403
2430 582
2780 3214
2798 3162
2757 1586
2738 3547
2738 3744
2701 422
2738 3377
2780 3449
2757 1550
2798 3015
2738 3495
2738 3243
2738 3760
2780 3473
2738 3564
2166 108
2757 1259
2780 3135
2738 3350
2738 3338
2774 573
2630 212
1372 100
2798 3101
2798 2901
2757 2627
2738 3690
2780 3267
2780 3457
2798 3151
2757 1535
2780 3216
1738 533
2751 3645
2780 3061
2738 3354
2780 3129
2798 2069
2738 3960
2738 3316
2738 3606
2780 3157
2629 816
2780 2947
2738 3489
2259 526
2738 3259
2738 3493
2757 1433
2757 2181
2798 2786
2780 3388
2711 455
2780 3411
2738 3494
2798 2739
2738 3468
2738 3583
2738 3857
2738 3680
2278 64
2430 766
2781 1867
2738 3693
2738 1290
2798 3361
2738 1198
3347 241
2738 3545
2757 2661
2757 1820
2738 3449
2780 3313
2738 3234
2774 896
2798 2703
2738 3991
2780 3172
2738 3430
2738 3574
2780 3163
2738 3337
2757 2117
2738 3807
2234 309
2738 3821
2780 2984
2780 3141
2738 3798
2798 3100
2738 3446
2798 2914
2798 3032
2738 3623
2738 4044
2798 3196
2894 1085
2738 3978
2780 3133
2843 2280
2798 3063
2738 3853
2738 3326
2757 1718
2798 2862
2733 566
2894 909
2757 2609
2798 1923
2738 1374
2738 1095
2757 1055
2798 2943
2780 3061
2738 3600
2738 3307
2738 3428
2738 3759
2780 3000
2738 3263
2757 1300
2750 930
2354 1583
2738 3448
2738 3777
2798 3310
2738 3261
2757 806
2738 3389
2838 67
2430 642
2798 3036
2738 3460
2738 3267
2780 3553
2757 1257
2738 3898
2738 3548
2781 1048
2780 3366
2798 3050
2838 2796
2738 3334
2738 3337
2738 3298
2738 3635
2450 203
2738 3699
2738 3445
2738 3359
2757 1495
2780 3050
2780 3229
2780 3078
2798 2873
2738 3520
2751 719
2629 328
2798 3167
2780 3022
2738 4003
2894 1559
2738 3946
2843 1979
2757 1016
2738 3430
2738 3735
2751 3683
2780 2993
2838 2641
2780 3041
2780 3147
2738 3508
2798 2708
2757 1331
2738 3957
2798 3199
1583 19
2738 3197
2757 1882
2738 3224
2738 3423
2774 335
2780 3285
2780 3381
2738 4004
2780 3077
2738 3561
2259 856
2738 3531
2780 3296
2798 2879
2738 3764
2738 3139
2780 3492
2780 3368
2798 2788
2757 1817
2798 2860
2838 2499
2780 3320
2738 3512
2780 3123
2738 3376
2738 3845
2738 3472
2757 1027
2711 372
2738 3605
2798 2820
2738 3386
2430 805
2738 3553
2738 3632
2930 801
2780 3003
2738 3761
2738 3298
2780 3007
2738 3360
2798 2860
2738 3544
2738 3738
2798 2723
2738 3632
2780 3149
1909 696
2781 645
2234 198
2798 2085
2738 3853
2738 3865
2798 3275
2780 3319
2738 3348
2738 3278
2738 3927
2780 3098
2738 3657
2798 2637
2711 524
2738 3628
2738 3680
2757 1730
2738 3450
2838 2807
2738 3865
2780 3072
2738 3821
2798 2936
2738 3739
2798 2664
2738 3575
2891 307
2780 2928
2738 3385
2738 3589
2738 3367
2738 3651
2738 3662
2738 3739
2738 3893
2738 3503
2738 3590
2780 3121
2711 454
2738 3375
2780 3015
2798 3352
2738 4011
2738 3475
2798 3049
2780 2904
2780 2799
2798 3243
2780 3180
2738 3402
2738 3728
2738 3705
2798 2973
2798 2964
2738 3219
1923 354
2781 1331
2798 2793
2798 3087
2733 769
2738 3475
2780 3418
2798 3176
2738 3639
2774 243
2738 3854
2738 3628
2738 3262
2738 3569
2738 3997
3225 778
2738 3878
2780 3299
2757 1237
2798 1318
2780 3336
2738 3481
2738 3414
2780 3033
2738 3973
2738 3561
2738 3249
2738 3550
2780 3289
2738 3424
2798 2919
2738 3240
2738 3608
3096 383
2401 1187
2798 2811
2738 3729
1921 18
2750 1184
2780 3178
2738 3615
2738 3864
1572 56
2798 1655
2568 325
2738 3713
2738 3533
2780 3361
2738 3708
2894 1093
2780 3341
2738 3956
2738 3532
2780 3377
2780 3007
2738 3328
2738 3481
2533 94
2738 1440
2738 3442
2738 3953
2757 3088
2738 3751
2738 3665
2757 1599
2738 3279
2738 3640
2738 3295
2798 2685
2738 3367
2891 267
2798 3011
2780 3336
2798 2720
2568 505
2738 3355
2738 3641
2798 3114
2780 3041
2738 3663
2798 2921
2798 2792
2798 2779
2798 3163
2738 3840
2568 543
2798 2990
2738 3573
2738 3617
2780 3396
2738 3370
2738 3647
2738 3824
2738 3536
2798 3136
2838 1749
2234 317
2738 3342
2757 1262
2798 2915
2738 3519
2738 3191
2738 3344
2738 3312
2757 2091
2678 471
2738 3742
2738 3666
2757 1854
2229 263
2738 3720
2757 1538
2738 3635
2235 42
2738 3556
2738 3627
2780 3037
2780 3063
2738 3399
2780 3116
2738 3730
2780 3301
2798 3118
2757 2224
2738 3691
2780 3455
2780 3204
2738 3465
2738 3268
2894 1281
2780 3445
2711 927
2401 125
2738 3565
2838 2745
2780 3294
2738 3965
2738 3573
2738 3697
2798 2875
2798 2806
2738 3224
2757 1878
2738 3285
2738 3171
2798 2930
2780 3077
2780 3066
2738 1579
2843 1078
2738 3839
2757 2708
2738 3384
2834 485
2798 3121
2798 1125
2738 3819
2757 1523
2757 1643
2430 469
714 10
2757 2269
2774 324
2738 3767
2780 3374
2738 3568
2738 3728
2757 1615
2798 2922
2798 3354
2738 3809
2738 3670
2798 1532
2319 325
2838 1964
2738 3350
2780 3088
2738 3235
2738 3256
2757 1917
2738 3256
2843 2152
2738 3556
2738 3333
2798 2914
2738 3866
2738 3092
2798 3241
2798 3087
2657 652
2738 3596
2776 194
2834 912
2798 2733
2738 3456
2738 3749
2738 3393
2738 3194
2738 3513
2234 581
2738 3434
1388 72
2738 3664
2738 4038
2738 3622
2798 2984
2798 2973
2780 3378
2738 3637
2798 1292
2738 3610
2738 3573
2780 3215
2738 3442
2798 2820
2798 3051
2738 3522
2738 3634
2711 327
2798 2746
1923 59
1688 115
2798 3110
2738 3410
2738 3596
2738 3337
2738 3785
2738 3575
2738 3427
2780 3063
2259 1034
2738 3635
2838 2500
2738 3537
2798 3058
2894 1380
2798 3090
2798 2657
2711 322
2798 2955
2738 1898
2780 3415
2798 2986
3216 805
2798 1024
2738 4080
1909 631
2798 2822
2738 4025
2738 3360
2780 2930
2757 1421
2738 3390
2843 2153
2780 3310
2798 2365
2738 3860
2738 3931
2738 3631
2798 2958
2780 3399
2780 3254
2738 3570
2401 840
2798 2942
2781 955
2738 3513
2798 1479
2259 716
2738 3308
2843 2185
2738 3500
2354 1047
2738 3265
2738 3658
2738 3303
2474 602
2780 3488
3250 27
2738 3872
2738 3630
2757 1320
2738 3584
2738 3391
2738 3673
2798 3029
2798 2878
2834 786
2738 3892
2711 922
2430 912
2780 3386
2751 3570
2738 3665
2738 3746
2319 1038
2798 2859
2738 3584
2738 3621
2738 3866
2798 3097
2738 3573
2738 3693
2780 3487
2780 3335
2738 2733
2757 2716
2738 3162
2738 3445
2798 2920
2757 636
2738 3509
2757 2584
2738 3441
2798 2950
2798 3012
2738 3197
2738 3698
2798 2808
2738 3538
2354 1492
2738 3214
2738 3719
2319 134
2738 3224
2738 3863
2738 3394
2774 878
2780 3549
3130 1182
2738 3700
2738 3458
2738 3568
2738 3738
2738 3820
2798 2787
2738 3663
2757 1155
2780 3328
2798 2926
2738 3380
2780 3322
2798 3154
2738 3638
2738 3612
2738 3636
1847 110
2780 3454
2738 3546
1672 322
2738 3334
2780 3274
2798 3040
2642 398
2738 3270
2798 2986
2738 3207
2757 1120
2780 3056
2780 3449
2567 169
2738 3653
2894 1345
2838 621
2738 3738
2780 3388
2780 3193
2780 2970
2738 3507
3225 933
2738 3975
2838 1830
2774 356
2738 3568
2738 1670
2798 3231
2798 2617
2738 3699
2430 777
2259 1072
2780 3109
2738 3656
2401 573
2738 3388
2780 3003
2780 3315
2798 3022
3253 441
2738 3382
2738 3591
2738 3702
2798 3041
2780 3286
2738 3120
2738 3670
2843 1174
2757 1767
2738 3328
2780 3138
2738 3550
2738 3604
2798 2121
2780 3243
2738 3776
2780 3432
2780 3472
2234 554
2738 3704
2798 2436
2780 3207
2738 1173
2738 3468
2738 3392
2738 3830
2738 3514
2738 3763
2757 1296
2780 2912
2738 3542
2780 3360
2738 3571
2738 3852
2738 3515
2780 3065
2798 1407
2568 543
2738 3752
2738 3741
2798 3045
1133 36
2757 2538
2780 3209
2738 3506
2259 974
2780 3111
2798 3161
2738 3374
2738 3517
2738 1440
2738 3300
2738 3286
2738 3512
2738 2907
2738 3812
856 37
2780 3364
2798 2992
2798 3125
2780 3025
2738 3208
2780 2999
2738 3600
2259 602
2798 3086
2780 3355
2738 3988
2738 3914
2798 3084
2738 3875
2738 3771
2738 3649
2738 3203
2798 2871
2738 4052
1688 553
2780 3006
2738 3821
2738 3617
2738 3531
2738 3882
2780 3094
2757 947
2738 3587
2738 3425
2798 3132
2738 3426
2567 396
2738 3671
2834 786
2738 3667
2738 3525
3216 711
2711 456
2798 2104
2738 3705
2419 117
2798 2945
2780 3446
2780 3108
2738 3739
2738 3255
2738 3546
2780 3157
2798 2795
2738 3704
2757 1216
2750 1603
2780 3076
2798 2947
3225 958
2568 335
2798 2783
2738 3489
2738 947
2738 3678
2738 3737
2738 3319
2259 1214
2757 2691
2774 782
2780 3096
2319 76
2738 3538
2738 3423
2798 3126
2780 3294
2780 3044
2738 3368
2798 2921
2738 3312
2757 2840
2738 3869
2757 2489
889 11
2738 3646
2738 3826
2798 1290
2738 3599
2738 3958
2738 3527
2738 3217
4003 46
2930 666
2738 3832
2750 1857
2733 814
2738 3654
2738 3749
2229 126
2738 3778
2838 287
2738 4006
2401 1237
2757 2872
2757 2100
2780 3442
2738 1507
2738 3197
2798 2431
2738 3606
2780 3070
2838 1616
1639 249
2733 692
2738 3532
2750 1943
2738 3506
2738 3467
2780 3071
2738 3752
2738 1679
2738 3288
2780 3157
2738 3719
2894 429
2780 3331
2738 3631
2738 3464
2715 107
2738 3801
2738 3577
2738 3841
2738 3866
2738 3727
2738 3819
2798 3123
1606 157
2738 3645
2798 3184
2738 3977
2645 159
2894 1143
2798 2922
2798 2857
2757 2109
2738 3506
2757 1720
2757 1906
2798 2700
2757 2143
2738 3850
2798 2995
2738 3401
2738 3709
2798 3144
2738 3730
2780 3003
2738 3831
2738 3415
2798 3328
2798 2942
2774 580
2738 3364
2738 3614
2780 3065
2798 2972
2798 2930
2738 3208
2738 3219
3056 285
2780 3034
2738 3952
1688 483
2780 3347
2738 4019
2738 3342
1909 535
2738 3854
2738 3671
2774 584
2781 1911
2738 3097
2738 3934
2738 3509
2798 2914
2774 427
2738 3679
2738 3435
2733 785
2738 4039
2738 3550
2738 3226
2774 583
2798 2882
2738 3127
3250 53
2781 1406
2780 3523
2738 1824
2738 3301
2838 601
2798 2947
2738 3409
2738 3305
2738 3943
2843 646
2738 3788
2738 3556
2738 4084
2774 882
2780 3468
2738 3318
2738 3413
2738 3630
2738 3653
2798 2951
2738 3619
2738 3987
2738 3473
2838 444
2798 2791
2798 2875
2738 3474
3431 117
2798 2046
2738 3326
2798 2924
2738 3738
2780 3223
2780 3543
2259 724
2798 3085
2698 147
2738 3926
1894 255
2738 1099
2738 3763
2738 3535
2738 3319
2738 3866
2738 3613
2738 3835
2738 3502
2798 3309
2738 3657
2738 3846
2701 556
2678 218
2229 138
2738 3799
2738 4005
2798 2854
2738 3272
2428 84
2738 3429
2781 906
2780 2967
2780 2905
2738 3788
2798 3164
2738 3357
2738 3459
99 1
2798 3135
2776 221
2738 3576
2780 3338
2798 2808
2780 3446
2738 3310
2738 3611
2780 3022
2774 447
2738 3902
2738 3809
2780 3186
2738 3300
2738 3488
2738 3642
2781 1092
2738 3850
2396 354
2738 1342
2757 2548
2738 3343
1909 195
2738 3389
2738 3477
2738 3161
2798 3340
2798 2354
2798 2369
2738 3114
2798 3282
2738 3667
2738 3152
2738 4014
2757 1591
2798 2865
2738 3492
2757 1369
2798 2922
2843 2112
2738 3157
2738 3409
2780 3256
2738 3588
2738 3486
2838 330
2780 3221
2780 3044
2780 3036
2354 1067
2780 3422
2738 3384
2798 2867
2738 3471
2798 3168
2738 3267
2733 770
2738 3642
2798 2769
2798 2839
2757 2398
2776 164
2738 3831
2738 3839
2798 2961
2738 3674
2894 1224
2738 3566
2738 3606
2738 3711
2738 3302
2738 2986
2798 2953
2738 3121
2894 911
2738 3182
2738 3575
2568 365
2798 3193
2738 4011
2798 2948
2738 3823
2738 3456
2780 3490
2798 2855
2738 1063
2780 3149
3130 1121
2757 480
2738 3899
2738 3562
2780 3405
2738 3520
2738 3787
2780 3090
2798 2845
2738 3678
2838 2477
2738 3374
2738 3901
2780 3473
2780 3497
2738 3417
2738 3669
2319 40
2738 3275
2757 896
2738 3641
2738 3229
2780 3487
2798 2923
2738 1362
2738 3848
2798 2948
2738 3859
2798 2956
2798 2448
2738 3817
2738 4018
2781 1574
2738 3578
2798 2692
2798 3154
2738 3642
2798 3150
2738 1206
2738 3428
2568 650
2738 4013
2738 3581
2738 3922
2780 3542
2780 3251
2780 3091
2738 3868
2738 3409
2757 2357
2738 3546
2738 4051
2757 2100
2738 4027
2259 735
2738 3224
2780 3419
2780 3125
2738 3924
2738 3319
2738 3527
2780 3131
2738 3618
2738 3126
2738 3561
2780 3070
2798 2950
2738 3708
2738 3607
2738 3377
2738 3618
2738 3994
2738 3753
2738 3661
2780 3142
2738 3491
2780 3152
2738 3534
2780 3057
2738 3917
2798 3127
2738 3485
2738 3719
2738 3455
1133 128
2780 3216
2738 4114
2738 3620
2780 3027
2738 3466
2630 282
2738 3144
2738 3295
2678 414
2738 1610
2738 3579
2738 3599
2780 3005
2738 3638
2757 2363
2738 3543
2780 3087
2738 3699
2738 3890
2780 3464
2568 656
2843 975
2738 3618
2798 2728
2780 3492
2738 4006
2738 1401
2738 3553
2738 3440
2798 3054
2780 3262
2757 1116
3130 1135
2738 3646
2798 2979
2738 3514
2798 2822
3052 1036
2738 3591
2738 3312
2780 3531
1495 65
2798 3130
2894 1407
2780 3179
2780 3039
3096 178
2798 2322
2780 3141
2798 2843
2259 856
2738 3512
2354 1457
2757 980
2738 3990
2738 3686
2798 2825
2354 1101
2738 3644
2757 2163
2894 1052
2711 826
2738 3655
2780 3118
2834 699
2738 3227
2738 3927
3108 1148
2410 2039
2738 3600
2843 962
2780 3374
1738 558
2738 3700
2757 998
2780 3135
2798 3018
2738 3332
2757 1455
2738 3657
2738 1857
2738 3496
2843 871
2780 3419
2738 3477
2798 1138
2780 3142
2738 3601
2738 3560
2780 3261
2738 3633
2798 2018
2780 2988
2738 3664
2738 3356
2738 3646
2738 3556
2798 2834
2774 679
2738 3834
2738 3592
2798 2954
2738 3505
2642 563
2738 3766
2738 3553
2629 243
2568 719
2780 3197
2738 3348
2291 201
2780 3391
2738 3333
2738 3405
2798 3103
2780 2987
2780 3392
2738 3143
2733 743
2738 3729
2780 2958
2798 3010
2738 3575
2738 3347
2834 639
2234 792
2798 2840
2738 3613
2738 3214
2738 3732
2738 3739
2798 2783
2798 3214
2738 3348
2757 1372
2738 3414
2738 3424
2738 4004
2738 3487
2234 709
2311 385
2738 3227
2798 2826
2774 335
2798 3118
2798 2236
2738 3487
2319 1010
2780 3205
2738 3347
2568 263
2757 2366
2780 3367
2738 3489
2798 2815
2738 3728
2738 3101
2798 3059
2798 2547
2738 3537
2780 3502
2234 236
2738 3552
2738 3649
2738 3296
2738 3745
2738 3444
2757 1895
2780 3304
2738 3823
2738 3385
2738 3393
2738 3397
2738 3661
2738 3487
2738 3483
2780 3355
2738 3272
2780 3508
2738 3862
2757 1611
2401 1747
2798 3108
2738 3394
2798 1667
2738 3375
2738 3804
2780 3110
2780 3115
2738 3601
2738 3740
2259 1131
2738 3424
2738 3923
2780 3085
2738 4020
2738 3529
2780 3011
2738 3899
2738 3455
2711 605
2738 4038
2780 3444
2738 3257
2738 3341
2780 3258
2738 3164
2738 3770
2757 1801
2738 3617
2798 3124
2738 3737
2738 3246
3096 312
2757 1645
2738 2865
2757 2474
2738 3466
2738 3548
2738 3256
2738 3111
2738 3161
2780 3182
2798 2893
2798 3009
2738 3619
2738 3556
2757 832
2738 3940
2738 3692
2738 3595
2780 3000
2798 2843
2738 3406
2798 3228
2738 3560
2738 3569
2738 3792
2780 3105
2781 1007
2738 3264
2738 3638
2738 3869
2738 3376
2711 880
2629 225
2781 1922
2738 3671
2738 3712
2738 3993
2781 1510
2781 1953
2738 3554
2798 2822
2798 2916
2798 2257
2738 3751
2738 3314
2738 3382
2798 3087
2780 3057
2798 3140
2738 1264
2738 3909
2738 3598
3130 1230
2738 3447
2678 274
1672 311
2774 898
1372 115
2738 3639
2757 1765
2678 1060
2738 3613
2738 4055
2780 3114
2798 2829
2798 3000
2798 2948
2798 2818
2780 3384
2798 3256
2780 3249
2738 3545
2738 3603
2757 1092
2751 3571
2738 3480
2780 3252
2738 1308
2146 71
2757 1430
2738 3993
2738 3669
2711 986
2738 3372
2780 3288
2780 3137
2738 3319
3161 264
2798 3028
2757 2394
2738 3540
2568 902
2843 1089
2738 3814
2738 3663
2780 2973
2319 250
2798 3141
2894 1039
2651 127
2798 2707
2798 2726
2757 2023
2780 3021
2234 174
2798 2963
2738 3106
2738 3409
2738 3543
2738 3530
2738 3603
2430 1310
1252 36
2798 3103
2780 2945
2798 3101
2738 4055
2798 3358
2738 3517
2798 3035
2738 3601
2780 3479
2757 1382
2738 3474
2757 1330
2401 1205
2798 2774
3096 388
2780 3042
2780 578
2738 3556
2798 1175
2757 1542
2738 3574
2894 1068
2738 3323
2798 3106
2396 74
2738 3837
2780 2978
2780 3031
2798 3137
2738 3513
2738 3453
2798 2140
1909 491
2798 3238
2757 2504
2738 3351
2738 3723
2738 3535
2738 3641
2780 3105
2738 3876
2798 3405
2757 2550
2738 3542
2738 3476
2234 567
2738 3752
2738 3643
2838 2408
2798 2852
2738 3348
3096 637
2757 2892
2781 912
2843 1218
2780 3350
2780 3154
2738 3573
2738 3705
2738 3513
2234 244
2798 3127
2757 2435
2738 3384
2798 3017
2798 3068
2798 2869
2738 3894
2738 3567
2843 2001
2738 3938
2834 112
2738 3847
2798 3170
2780 3356
2738 3801
2711 571
2798 3079
2738 3754
2798 2947
2738 3346
2798 2748
2780 3505
2780 3077
2738 3308
2738 3164
2757 1237
2738 3672
2738 3689
2259 594
2738 3450
2738 3294
2757 2049
2834 393
2738 3941
2780 3376
2798 2945
2798 2955
2798 3099
2781 1641
2175 148
2843 1028
2738 3825
2430 961
2781 1683
2780 2982
2738 3986
2738 3414
2798 2987
2738 3441
2474 50
2701 478
2780 3541
2780 3331
2738 1566
2738 3735
2780 3349
2738 3183
2798 3057
2780 2920
2798 3066
2757 1685
2738 3364
2838 2382
2738 3273
2751 3597
2798 1544
2738 3357
2780 3268
2354 1150
2738 3687
2780 3105
2798 1526
2798 1345
2780 2991
2757 1568
2738 3579
2738 3715
2751 3700
2780 3294
2738 3205
2780 3162
2738 3814
2780 3242
2798 3423
2738 3465
2738 3592
2738 3472
2738 3628
2738 3639
2780 3245
2738 3348
2738 3595
2401 1716
3347 286
2738 3602
2738 3635
2780 3265
2259 937
2780 3256
2798 2914
2738 3894
2798 2923
2780 3289
2798 2814
2780 3116
2738 3873
2499 25
2798 3060
2780 3059
2798 2724
2738 3643
2738 3020
2738 3538
2738 3943
3250 90
2021 56
2738 3575
2780 3239
2798 3166
2738 3663
2798 2949
2738 3661
2738 3479
2738 3526
2780 3163
2738 3388
2738 3885
2738 3397
2738 3418
2733 889
2780 3176
2780 3260
2738 3663
2798 2032
2738 3790
2738 3322
1909 378
2738 3829
2798 3186
2780 3029
3130 316
2798 2930
2738 3425
2798 2795
2738 3594
2738 3424
2738 3569
2738 3209
2738 3881
2738 3701
2738 3199
2738 4003
2738 3546
2738 3670
2798 3067
2738 3654
2738 3582
2738 3196
2780 3223
2798 3181
2798 3077
2474 872
2894 1337
2175 224
3431 99
2738 3887
2738 3630
2568 1275
2738 3768
2798 2157
2757 2339
2930 753
2259 1183
2798 3080
2738 252
2738 3645
2738 3647
2780 3283
2798 1405
2738 3401
2757 1362
2738 3473
2781 1482
2738 3947
2798 2997
2834 739
2798 3006
2780 3412
2738 3333
2738 3358
2894 1284
2738 3322
2738 3576
2894 1257
2798 3109
2738 3466
2780 3439
2798 3118
2738 3657
2738 4022
2780 3481
2798 2814
2738 3404
2738 3833
2930 820
2780 3229
2780 2927
2738 3833
2757 2317
2838 576
2738 3564
2798 2914
2738 3816
2738 3588
2738 3322
2738 3410
2738 3583
2738 3614
2738 3667
2738 3671
2738 3755
2738 3948
3409 923
2834 475
2838 2697
2657 397
2780 3313
2798 2010
2798 3239
2780 2988
2798 2688
2738 3663
2780 3086
2738 3297
2780 3492
2738 3899
2798 3105
2757 75
2781 763
2798 2927
2319 994
2738 3615
2757 1295
2757 2166
2738 3564
2738 3604
2843 941
2738 3860
2798 3000
2750 1461
2738 3313
2738 3180
2738 3592
2798 2761
2543 125
2738 1262
2738 3385
2738 3550
2738 3868
2568 533
2798 2768
2259 667
2781 1502
2738 3148
2757 2991
2834 1032
2798 2269
2798 3011
3096 668
2738 3410
2738 3837
2738 3656
2798 2577
2738 3495
2781 1625
2738 3587
2757 2798
2757 2818
2798 1553
2834 638
2738 3507
2738 3536
2645 151
2780 3059
2780 3130
2781 2006
2738 3460
2780 3060
2738 3467
2798 2983
2738 1664
2798 3059
2738 3952
2780 3491
2798 2891
2838 1631
2738 1286
2798 2903
2657 218
2757 2304
2780 3012
2738 3276
2629 873
2738 3499
2891 193
2738 3652
2738 3364
2738 3735
2738 3447
2780 3337
2259 964
2798 2757
2780 3243
2738 3523
2738 3225
2798 2783
2780 3263
2780 3238
1672 372
2798 2947
2738 3378
2781 928
2894 741
2738 3757
2738 3756
2780 3240
2757 1891
2757 1475
2798 3024
2738 3762
2798 2955
2798 1232
2738 3580
2780 3245
2738 3391
2645 41
2798 1273
2757 2374
2738 3607
2757 2216
2738 3545
2738 4051
2798 2052
2738 3399
2738 3470
2798 2767
2798 3070
2780 3235
2738 3465
2781 763
2738 3423
2738 3728
2780 3116
2738 3517
2798 3018
2738 3778
2757 2219
2738 3498
2678 422
2738 3277
2738 3918
2780 3211
2738 3248
2738 3570
2738 3540
2401 1299
2738 3566
2798 2927
2757 2211
2780 3211
2780 3000
2780 3147
2738 3923
2780 3010
1738 334
2798 2825
2311 354
2738 3634
2738 3119
2798 2156
2738 3369
2780 3242
2738 3571
2751 3519
2234 666
2738 1132
2738 3614
2738 3308
2780 3409
2798 2323
2738 3908
2738 1738
2757 1088
2738 3510
2738 3592
2798 1373
2738 3869
2738 3334
2430 553
2738 3585
2780 3263
2757 2769
2798 3016
2738 3667
2780 3208
2738 3686
2738 3308
2738 3891
2738 3764
2738 3677
2798 3108
2738 3430
2738 3644
2757 1534
2738 3237
2738 1238
2711 575
2780 3053
2798 2991
2798 2936
2738 3739
2738 3294
2738 2895
2738 3857
2738 3587
2798 3076
2738 3448
2738 3346
2234 223
2798 1548
2781 952
2738 3907
2568 350
2738 3935
2738 3511
2780 3184
2894 1038
2738 3317
2738 3411
2738 3775
2738 3377
2798 3006
2780 3225
2798 2978
2738 3500
1909 641
2738 3814
2738 3986
2780 3409
2738 3673
2798 2963
1921 124
2738 3893
2751 3608
2798 3237
2738 3729
2838 1689
2738 3282
2738 1410
2738 3873
2738 3218
2738 3294
2838 435
2738 3927
2780 3115
2780 3344
2738 3628
3431 357
2738 3552
2780 3257
1960 29
2738 3669
2780 3504
2798 3070
2750 2042
2568 347
2738 3295
2235 31
2780 3256
2798 2974
2259 722
2738 3661
2738 3417
2780 3072
2798 2924
2738 3466
2738 3444
2780 3259
2780 3129
2738 3556
2798 2793
2738 3299
2711 512
2894 1341
2834 589
2567 416
2738 3548
2651 321
2738 3392
2798 2205
2738 3510
2738 3704
2738 3856
2780 3320
2733 979
2757 2834
2474 487
1379 140
2780 3248
2738 3447
2738 3625
2738 3894
2738 3705
2738 3262
2798 2813
2738 3153
2780 3183
2229 288
2738 3450
2757 993
2738 3458
2738 3857
2738 469
2738 3505
2738 3636
2757 2551
2798 3101
2780 3145
2738 3326
2738 3875
2780 3151
2259 810
2234 391
2738 3956
2259 688
2780 2971
2780 2938
2738 3879
3253 199
2843 2343
2757 2543
2780 3080
2780 3016
2738 3492
2780 3161
2738 3536
2738 3172
2798 3226
2757 2283
2738 3741
2757 2000
2738 3435
2798 3064
2757 1983
2798 1701
2738 3529
2757 1667
2711 723
1190 3
2711 724
2738 3462
4003 70
2738 3487
2738 3343
2738 3449
2780 3285
2781 984
2894 1162
2780 3419
2834 78
2780 3281
2798 2834
2738 3653
2738 3480
2738 3762
2738 3499
2781 691
2738 3681
2738 3834
2798 2901
2738 3878
2229 355
2738 3621
2738 3257
2757 2408
2738 3435
2757 899
2780 3232
2798 1772
2738 3601
2738 3825
2780 3167
2738 3486
3700 57
2738 3497
2798 3151
2738 3285
2798 2919
2738 3500
1738 237
2798 2011
2780 3274
2430 405
2843 2427
2798 2859
2738 3595
2757 1994
2568 410
2780 3151
2678 235
2757 2577
2780 3028
2738 3877
2780 3368
2798 2870
2738 3324
2780 3099
2774 212
2780 3205
2838 2372
2738 3655
2757 1301
2738 3794
2738 3613
2798 3175
2798 3078
2798 2973
2780 2987
2738 3580
2780 3366
2798 2930
2751 3720
2738 3949
2891 457
2738 3553
2738 3833
2738 3646
2738 3637
2798 2954
2738 3548
2780 3316
2780 3105
2780 2942
2798 2800
2780 3196
2738 3661
2798 3003
3409 742
2780 2989
2780 3188
2738 3813
2798 3066
2738 3948
2738 3471
2738 3325
2780 3196
2678 1058
2738 3715
2401 1248
2757 875
2738 3628
2738 3319
2738 3158
2738 3808
2738 3232
2738 3679
2757 2480
3409 888
2798 3057
2838 2568
2738 3885
2738 3277
2354 1245
2738 3337
2568 681
2757 950
2156 8
2798 2647
2798 1671
2738 3619
2738 2923
2738 3677
2798 3044
2738 3272
2738 1754
2401 834
2738 3482
2798 3099
2568 495
2751 3680
2738 3189
2738 1570
2738 3812
2738 3477
2738 3207
2738 3462
2738 3628
2780 3271
2798 2899
2738 3227
2738 3584
2780 3450
2738 3727
2798 2899
2894 799
2678 288
2757 2089
2738 3660
2738 3745
2738 3432
2757 2871
2259 514
2780 3202
2798 2193
2738 3923
2568 439
2568 1315
2738 3850
2738 1427
2738 3321
2711 559
2430 1245
2798 3053
2738 4088
2738 3323
2798 3081
2738 3341
2738 3278
2738 3281
2798 3039
2738 4010
2780 3374
2738 3520
2738 3701
2738 3766
2738 3479
2798 2870
2738 3382
2798 3172
2738 3670
2738 3319
2319 311
2738 3147
2894 1161
2738 3304
2780 3312
2780 3193
2780 3169
2798 2898
2738 3881
2086 235
2738 3607
2738 3186
2738 3675
2798 2984
2798 3150
3409 781
2738 4043
2738 3509
2678 717
2780 3257
2738 3870
2781 796
2738 3570
2738 3316
2738 3605
2738 3501
2738 3393
2738 3716
2780 3167
2738 3690
2738 4003
2738 3308
2798 3275
2780 3123
2780 3087
2738 3296
2757 1746
2757 790
2780 3278
2738 3810
2781 1887
2738 4084
2738 3241
2319 107
2750 1719
2798 2989
2738 3982
3253 173
2738 3332
2733 700
2780 3336
2738 3359
2780 3328
2894 1059
2738 3644
2738 3726
2738 3913
2738 3742
2738 3486
2738 3308
2738 3508
2780 3270
2780 3249
2738 3598
2738 3325
2738 3543
2798 2922
2738 3788
2738 3839
2780 3135
2738 3887
2738 3634
2738 3849
2259 889
2738 3725
2738 3286
2780 3312
2798 2921
3130 338
2780 3185
2738 1138
2738 3862
2738 3260
2798 2896
2780 3326
2738 3652
2738 3825
2798 1400
2738 3266
2798 3329
2738 3481
2474 738
2780 3473
2780 2939
2738 3518
2401 1597
2757 1243
2780 3265
2738 3555
2798 2917
2733 892
2798 3177
2780 3352
2738 3459
2798 1453
2780 2931
2798 2809
2738 3631
2738 3634
2738 3800
2738 3734
2757 2949
2750 1452
2781 1874
2780 3235
2894 948
2894 1399
2738 3264
2780 3185
2838 1705
2780 3144
2798 2744
2780 3085
2259 1074
2629 189
2757 1104
2798 3031
2780 3165
2798 2982
2738 3685
2780 3288
2738 3669
2838 2593
2738 3256
2798 2749
2711 321
2738 3143
2738 3716
2780 3382
2780 3513
2738 3657
1909 403
2751 702
2738 3206
2738 3400
3130 917
2678 150
2738 3763
2568 402
2738 3925
2738 3458
2780 2976
2780 3264
2738 3709
2568 385
2780 3256
2738 3300
2757 2002
2780 3465
2780 3157
2738 3700
2757 2832
2738 3516
2780 3031
2798 2913
2738 3321
2798 3012
2319 271
2780 3376
2780 3232
2781 1613
2798 1644
2798 3005
2780 3237
2738 3405
2757 1824
