4572
438 4946
165 4827
695 2864
225 4779
742 922
1411 2177
106 4739
288 4720
469 4931
440 4633
186 4860
2113 4144
209 4597
32 4807
2751 3420
276 4842
271 4719
1979 4297
321 4677
244 4875
428 4915
6 4571
202 4900
288 4817
955 3772
591 2575
90 4752
848 3415
215 4855
425 4938
1080 1256
295 4549
169 3201
5 4712
362 4916
208 4568
137 4652
419 4692
201 4573
385 4811
369 4727
188 4869
338 4847
449 4713
443 4713
12 4687
239 4910
262 4751
59 4987
424 4838
329 4688
784 2211
4 4679
308 4843
120 4636
146 4937
199 4880
31 4804
1379 3843
17 4734
303 4628
405 5000
375 4802
49 4536
266 4902
2968 4154
193 4899
355 4898
53 4850
271 4398
3571 3934
361 4500
3140 3383
3097 3184
295 4902
78 4901
301 4654
351 4606
478 4893
101 3125
430 4873
494 4860
320 4606
30 4960
465 4817
177 4510
99 4851
271 4708
402 4862
83 4914
176 4694
414 4588
481 4724
400 4882
3220 3685
349 4875
480 4566
68 4781
375 1544
173 4920
248 4650
51 4905
2 4867
316 4926
95 4801
405 4558
212 4721
379 4568
414 4737
40 4919
1418 2275
100 4946
455 4910
345 4804
118 4788
398 4711
183 4832
299 4893
446 4845
37 4642
646 851
843 3207
427 4718
195 4896
1919 4688
74 4682
441 4940
201 4503
65 4918
432 4596
3016 4955
1739 2765
490 4760
79 4650
291 4773
376 4619
361 4777
150 4696
186 4988
121 4624
432 4912
1435 4359
125 4622
167 4875
425 4900
451 4775
853 1061
18 4640
102 4516
115 4615
140 4659
494 4970
1094 2770
1185 3522
344 4622
482 4516
126 4502
215 1274
22 4915
3506 3811
382 4783
4 4746
398 4658
73 4571
388 4682
280 4933
126 4596
68 4520
254 4896
421 4830
372 4538
491 4531
61 4946
27 4500
99 1046
135 4933
262 4520
315 4645
73 4710
459 4506
33 4512
288 4847
200 2377
316 4999
281 4786
479 4531
111 4672
124 4827
378 4999
222 4614
311 4567
496 4761
366 1641
371 4561
223 4805
178 4651
188 4661
230 4997
311 4710
295 4536
351 4625
152 4701
385 4727
236 4968
34 4950
154 4731
429 4772
1555 4188
106 4578
91 4631
385 4679
469 4597
326 4557
12 4634
436 4672
262 4612
256 4624
1622 4241
121 4607
823 4000
106 4878
107 4777
430 4908
304 4858
194 4756
374 4991
427 4588
243 4624
457 4937
389 4645
186 4606
272 4796
972 4676
414 4813
98 4713
441 4613
1722 3463
3307 3415
456 4920
18 4689
169 4995
316 4901
10 4935
843 4045
294 4622
297 4821
4020 4232
1097 4132
294 4627
238 4542
1244 4377
3912 4816
104 4777
160 4526
148 4559
1 4829
159 4651
281 4515
20 4725
85 4846
175 4643
270 4860
97 4799
3863 4583
2276 3494
24 4517
27 4853
95 4942
155 4963
146 4697
224 4755
341 4527
43 4877
183 826
51 4647
819 3751
442 4988
117 4996
110 4595
32 4964
296 4828
132 4513
25 4812
423 4861
330 4941
184 4653
122 4774
108 4582
43 4550
200 4955
410 4847
306 4679
457 4682
260 4745
442 4769
2642 3131
2291 2354
453 4762
806 3584
657 3896
492 4524
74 4942
311 4798
388 4506
261 4819
97 4584
482 4689
61 4428
81 4603
317 4517
259 4900
376 4953
189 4976
111 4619
1334 2453
106 4712
46 4584
405 4502
141 4698
336 4503
1733 4653
127 4979
183 4607
301 4931
16 4908
166 4931
366 4857
2092 3685
1882 5000
487 1221
4648 4708
399 4901
4076 4789
136 4906
370 4815
472 4698
142 4710
471 4951
525 3024
180 4600
396 4657
478 4938
366 4878
55 4659
457 4904
2277 4728
149 5000
35 4506
158 4711
301 4789
272 4601
429 4841
15 4749
346 4562
506 4392
435 4802
416 4937
2932 4017
170 4722
435 4986
274 4951
123 4625
407 4643
131 4892
489 4802
449 4921
397 4592
342 4791
1493 4670
300 4968
171 4703
456 4634
381 4654
1813 3821
359 4739
497 4866
706 3426
386 4928
218 4832
243 4589
303 4622
313 4733
111 4781
478 4501
274 4967
50 4924
141 4699
299 4979
214 4960
407 4893
136 4750
338 4792
149 4546
443 4882
498 4594
182 4592
191 4545
348 4608
160 4889
14 4167
385 4729
287 4901
1702 3331
2142 2911
3517 4973
151 4513
36 4617
59 4689
110 4782
2151 2644
357 4981
343 4930
316 4521
247 4748
185 4907
323 2322
108 1431
100 4865
1 4615
398 4579
118 4631
427 4514
2106 3796
329 4840
119 4977
141 4756
172 4920
368 4588
376 4888
123 4887
370 4718
2319 2927
322 4752
350 4529
460 4982
425 4883
3201 4263
198 4698
46 4781
213 4888
102 4641
203 4632
446 4724
1425 2901
446 4768
107 4521
1523 1952
275 4694
210 4695
362 4805
26 4685
231 4604
463 4547
214 4537
491 4864
456 4829
158 4548
85 4786
260 4897
46 4932
423 4624
232 4968
98 4801
250 4849
32 4895
130 4936
435 4791
19 4962
301 4714
276 4799
20 4784
489 4388
16 4639
44 4763
276 4960
415 4864
228 4946
216 4556
247 4669
465 4657
1606 4888
10 4979
418 4576
4297 4475
2 4865
169 4801
275 4867
400 4503
432 4895
167 4965
111 4998
178 4529
11 4525
477 4691
301 4562
382 4531
2817 4054
69 4592
52 4770
128 4829
83 4611
3448 3708
237 4646
302 4985
219 1696
377 4522
2574 4702
452 4747
338 4989
367 4586
79 4796
462 4613
69 4658
3600 3982
3698 4729
368 4556
2397 3865
321 4748
447 4670
2263 3364
431 4682
469 4828
126 4988
35 4786
4184 4911
371 4747
275 4664
205 4581
2069 2318
210 4910
464 4616
1152 2510
478 4520
975 3261
214 4800
2997 3023
347 4861
62 4901
118 4871
122 4559
2627 3808
150 4676
16 4710
414 4968
456 4850
16 4958
215 4549
871 3423
248 4745
481 4536
315 4694
400 4745
452 4731
1703 3581
296 4912
5 4920
309 4592
207 4510
3566 4373
344 4844
261 4820
344 4801
215 4874
38 4836
185 4578
136 4998
210 666
401 4727
234 4844
157 4725
240 4523
2630 3737
349 4741
2145 3446
100 4603
256 4539
2268 4103
78 4845
129 462
51 4864
452 4547
456 4601
181 4714
171 4689
2016 3464
37 4647
121 4972
1097 1837
355 4803
415 4969
332 4650
103 4186
350 4648
335 4771
218 4797
360 4882
1158 2815
190 4684
425 4627
202 4950
85 4926
400 4608
2645 3197
3242 4350
1491 4654
88 4940
204 4906
281 4536
26 4784
2232 4385
124 4936
133 4662
398 4735
362 4749
38 4692
735 1297
172 4651
4199 4556
59 4811
107 4727
488 4528
493 4721
138 4940
55 4902
273 4776
542 4185
223 4602
211 4858
457 4554
206 4679
413 4709
147 4986
252 4559
272 4749
64 4593
317 4858
52 4899
76 4679
1368 2977
116 4745
83 4746
6 4576
233 4502
195 4567
114 4602
339 4836
443 4645
358 4981
663 1055
1709 4689
383 4762
341 4506
2428 4698
1326 3735
190 4788
165 4825
182 4719
121 4879
53 4758
184 2653
347 4869
354 4844
3413 4885
389 4547
280 4524
343 4643
41 4805
1484 3233
396 4521
95 4847
418 4732
294 4876
407 4634
244 4907
441 4682
308 4715
4 4938
68 4697
381 4606
254 4824
914 3300
472 4716
3955 4197
138 4975
370 4927
145 4631
169 4655
49 4784
223 4781
437 4927
11 4654
431 4562
216 4534
138 1463
301 4984
318 4715
282 4602
59 4582
483 4976
335 4820
414 4666
42 4919
2957 3957
175 4791
267 5000
324 4906
2711 2788
3527 3715
245 4797
95 4614
171 4828
286 4796
81 4660
279 4844
708 3580
1847 3432
37 4722
410 4982
62 4827
454 4576
242 4572
245 4740
140 4875
16 4950
1570 3802
2 4711
2698 2774
378 4727
383 4500
205 4573
317 4893
49 4709
745 2923
446 4951
359 4594
262 4688
651 2478
91 4751
457 4959
3551 3847
400 4524
19 4511
136 4860
244 4915
147 4549
318 4536
448 4983
2780 3530
465 4889
144 4685
119 4553
219 4805
20 4894
91 4976
197 4848
112 4645
200 4940
431 4732
86 4705
356 4552
299 4834
758 1233
464 4507
2336 4829
387 4530
496 4960
367 4869
222 4675
355 4565
619 4514
74 4769
1411 4501
117 4533
286 4589
409 4505
39 4547
1528 4595
962 1273
1489 1924
461 4618
337 4950
395 4828
89 4619
204 4759
1676 4624
480 4669
457 4624
365 4645
13 4635
341 4990
377 4690
374 4882
170 4226
492 4868
608 3997
24 4945
49 4567
194 4968
53 4569
16 4829
229 4835
351 4536
1 4863
284 4575
1692 4460
3529 4162
160 4767
3639 4099
473 4919
294 4981
1805 3549
412 4848
3128 4841
143 4902
227 4552
310 3370
415 4720
14 4791
386 4702
1097 4193
169 4546
3 4641
163 4505
85 4510
89 4738
87 4872
32 4786
121 4556
77 4886
217 4089
448 4734
192 4946
104 4515
180 4841
239 4774
314 4542
263 4688
74 4802
46 4847
311 4600
1388 1419
2563 3702
42 4714
1096 3333
355 4760
183 4726
117 4807
2250 3624
73 4797
411 4756
982 4115
140 4523
720 1961
149 4755
107 4768
252 4514
460 4584
242 1755
814 3026
719 4257
819 4221
353 4926
427 4653
389 4612
212 4899
411 4574
13 4833
112 4582
116 4676
203 4825
54 4733
243 4504
464 4657
14 4587
272 4936
302 4547
395 4591
336 4653
418 4613
370 4699
86 4632
37 4868
104 4544
197 1692
461 4682
258 4606
318 4791
25 4559
3509 3763
26 4985
44 4850
89 4527
2605 3737
358 3503
2641 2950
261 4641
442 4679
274 4724
189 4736
243 4806
18 4628
114 4655
170 4064
171 4903
129 4818
484 4660
136 4929
167 4637
293 4746
187 4546
3919 4813
25 4897
427 4402
379 2116
187 4538
363 4630
209 4895
287 4838
35 4661
147 4634
747 4460
484 4522
273 4846
266 4441
421 4689
8 4737
201 4537
293 4518
243 4798
311 4806
1734 3373
336 4518
107 4981
416 4979
315 4411
43 4974
41 4988
483 4802
349 4519
299 4947
198 4796
234 4542
345 4622
492 4984
155 4995
58 4852
1829 2780
275 4946
229 4580
90 4972
148 4681
493 4802
401 4956
2701 3604
448 4577
146 4614
288 4558
215 4590
62 4529
365 4589
477 4830
1426 4123
2172 2848
250 4738
469 4532
402 4759
407 946
1281 2012
24 4847
142 4576
6 4724
359 4724
224 4622
1599 2989
323 4639
107 4809
2434 4996
438 4669
427 4944
262 4531
39 4823
498 4624
1155 2144
3495 4238
378 4605
321 4960
339 4660
434 4801
10 4662
30 4741
1161 4047
341 4791
225 3603
1061 3190
148 4861
240 4854
330 4609
2235 4462
370 4896
1063 3488
6 4862
478 4869
104 4820
24 4796
18 4871
133 4928
8 4660
254 4890
204 2370
487 4719
199 4918
270 4571
36 4978
2456 2811
193 4649
77 4715
7 3273
94 4642
444 4997
481 4509
190 4905
1229 4088
56 4657
443 5000
68 4883
230 4938
352 4552
59 4922
222 4772
184 4524
124 4751
402 4674
108 4594
181 4721
401 4713
500 4899
419 4709
87 4963
34 4562
257 4983
153 4726
67 4847
49 4964
126 4567
167 4699
392 4541
433 4924
282 4992
353 4528
101 4803
451 4929
102 4550
437 5000
98 4704
24 4627
186 4999
169 4670
173 3474
195 4571
318 4544
351 4500
203 4656
1946 3764
167 4868
112 4535
96 4986
165 4858
186 4702
490 4973
175 4612
421 4883
854 1210
90 4503
2774 3586
3444 4994
105 4638
179 4706
220 4894
225 4808
3 4928
333 4788
257 4659
3448 3901
890 4002
142 4977
1 4831
267 4861
529 4369
4283 4587
3225 3227
259 4792
2526 4619
2065 3755
1966 2966
78 4916
3515 4440
1770 3072
271 4645
341 4768
33 4876
28 4579
492 4815
20 4843
37 4638
247 4886
150 4914
367 4615
2069 2328
121 5000
23 4566
385 4874
430 4564
79 4971
495 4871
337 4932
799 1034
2181 4299
472 4607
314 4797
287 4688
282 4552
396 4768
28 4521
100 4831
143 4735
295 4875
344 4697
121 4804
472 4801
34 4572
2214 3804
216 4645
58 1382
93 4918
273 4556
2341 3821
42 4892
1687 3752
13 4526
387 4846
164 4961
1502 4263
120 4549
417 4984
189 4882
27 4627
166 4579
366 4839
269 4782
2471 3379
449 4527
272 4589
109 4565
380 4564
2856 4344
288 4580
1593 1656
669 1495
340 4623
1453 1941
358 4916
439 4794
613 4302
187 1709
2295 4759
245 4711
390 4866
83 4679
828 1213
3999 4784
133 4698
64 4719
291 4622
139 4948
372 4711
119 4969
165 4911
262 4525
9 2397
432 4904
179 4944
421 4528
397 4990
37 4972
182 4895
401 4866
244 4402
2193 3498
182 4811
65 4586
214 1909
1059 2902
207 4999
119 4744
944 4277
3108 3303
120 4590
241 4718
122 4547
59 4963
404 4561
32 4532
38 4994
1982 3311
115 4712
305 4892
316 4547
177 4822
1301 4630
208 4749
39 4804
477 4994
322 4967
2355 3996
6 150
198 4890
672 1477
1533 3231
255 4690
286 4638
474 4793
314 4824
181 2240
1800 2254
167 4541
2757 4508
77 4840
101 4951
1267 2803
153 4611
242 2943
430 4853
459 4683
76 4733
2736 3629
2917 3757
393 4955
120 4851
2952 4933
283 4966
225 4764
332 4631
78 4728
197 4521
202 4806
3667 4564
1045 3314
347 4962
267 4717
110 4946
272 4792
401 4599
105 4574
13 4887
49 4959
215 4933
492 4963
1606 2272
209 4931
336 4802
463 4516
377 4502
268 4921
560 900
373 4849
8 4841
28 4622
159 4679
480 4751
437 4642
184 4510
357 4693
151 4799
227 4809
402 4538
206 4601
1000 2163
750 2359
189 4571
283 4630
465 4721
3847 4828
281 4719
135 4913
419 4838
166 4990
460 4781
475 4589
3216 4069
409 3851
496 4847
137 4730
483 4756
2356 3351
441 4811
199 4692
337 1993
378 4954
175 4589
3308 4282
3047 3680
90 4862
280 4919
110 4859
855 2433
598 825
370 4993
2419 2642
3078 4710
390 4665
83 4724
71 4573
407 4658
119 4795
132 4892
397 4937
390 4767
202 4650
262 4683
409 4857
426 4897
112 4946
154 4568
189 4653
131 4562
421 4927
222 4796
1284 2580
131 4684
3836 3968
161 4657
105 4758
336 4919
343 4775
277 4507
213 4766
370 4652
2562 3462
122 4596
3487 4416
441 4851
404 4585
1115 2916
340 4519
1581 3289
1256 3725
225 4968
45 4951
22 4151
365 1030
18 4781
391 4762
187 4798
393 4704
465 4744
432 4645
305 4843
254 4997
165 4920
486 4943
78 4889
255 4623
328 4900
2003 2773
394 4913
287 4588
787 941
159 4621
2568 3987
144 4908
87 4893
110 4658
261 4777
68 4767
87 4869
146 4830
308 4578
102 4854
1232 4409
526 2810
86 4904
297 723
276 4508
337 4796
39 4837
752 4150
243 4661
233 4902
1252 4563
111 4997
200 4603
145 4922
398 4528
97 2177
359 4768
580 3347
32 4938
316 4865
443 4519
285 4859
468 4520
444 4987
111 4980
417 4778
178 4650
125 4716
2113 3058
2300 4645
36 4729
1420 2505
302 4617
2146 3551
372 4684
1180 4970
208 4842
263 4867
35 4611
176 4671
109 4723
124 4887
333 4659
31 4616
146 4983
119 4648
333 4882
457 4736
431 4943
700 2667
69 4937
977 3677
28 4911
1512 2003
429 4770
465 4831
425 4860
284 4933
364 4783
495 4882
145 4890
366 4812
158 4814
246 4999
126 4767
420 4637
343 4583
174 4975
247 4567
211 4903
441 4612
144 4837
158 4712
1128 3861
402 4909
245 4802
450 4675
100 4853
118 4854
419 4957
333 4548
241 4514
256 4872
265 4954
237 4587
3130 4813
125 4700
1220 1720
10 4548
398 4816
696 4555
239 4683
1396 3197
204 4500
227 4618
239 4938
410 4749
155 4540
172 4910
12 4908
444 4649
282 4977
117 4924
58 452
186 4761
1286 4007
219 4955
2173 4992
272 4754
421 4504
267 4766
1940 4121
438 4709
72 4929
403 4942
4071 4774
435 4934
461 4701
253 4828
490 4770
458 4984
323 4796
222 4732
62 4876
413 4646
319 4512
61 4664
2450 3242
24 4994
2404 4504
2921 3681
246 4631
262 4677
464 4550
279 4908
88 4982
312 4913
269 4657
744 4553
88 4784
3470 4408
238 4897
421 4943
128 453
303 4795
431 4904
1187 1405
466 4890
1304 1782
294 4782
388 4881
229 4831
337 4510
1800 3843
68 4963
181 1040
409 4757
211 4976
495 4648
2012 2650
2677 4985
203 4701
5 4769
163 4595
176 4970
3009 4867
683 4767
408 4672
263 4764
122 4870
55 4649
483 4891
292 4835
1742 2073
295 4570
151 4614
3199 4113
889 1594
327 4732
72 4649
156 4997
466 4612
364 4718
1914 2934
52 4565
105 4918
295 4953
3874 4181
543 4452
442 4583
19 4722
3575 4335
1536 3579
1316 3080
2543 4807
3656 4769
475 4809
372 4681
455 4858
398 4836
488 4685
333 4678
291 4863
271 2214
339 4819
147 4760
80 4561
161 4607
439 4710
266 4765
71 4926
326 4717
435 623
1320 1774
13 4626
115 4836
358 4953
49 4906
97 4569
435 4933
224 4775
110 4831
94 4972
240 4796
251 4964
485 4642
210 4718
85 4798
188 4864
87 4580
98 4741
205 4748
420 4544
54 3899
2321 2995
400 4709
329 4772
475 4916
232 4742
384 2575
297 4849
1860 4530
166 4753
255 4890
358 4930
4037 4391
70 4792
42 4673
456 4566
163 4615
45 4863
455 4755
207 4886
429 4881
322 4651
549 2368
246 4733
407 1980
356 4624
248 4829
3125 3775
348 4957
379 4601
375 4894
489 4913
3874 4829
121 4785
349 4951
57 4972
1712 3304
195 4930
431 4542
59 4933
31 4650
370 4855
357 4633
109 4533
473 4839
313 4804
2567 3241
260 4755
448 4786
375 4843
407 4862
18 4937
227 4864
407 4733
434 4580
449 4506
1821 4653
159 4941
102 4696
275 4809
1 4735
43 4739
40 4843
2893 3312
7 4552
16 4860
793 1915
500 1285
226 4785
268 4862
2034 4854
354 4989
182 4795
401 4560
428 4649
237 4546
420 4660
66 4994
445 4511
269 4682
419 4911
2447 3620
58 4787
244 4983
178 4542
367 4617
29 4611
1034 1760
188 4549
345 4906
137 4892
290 4907
462 2803
372 4888
1057 1244
252 4766
390 4946
7 4561
171 4862
422 4724
343 4649
929 4097
1037 2256
108 4897
73 4790
51 4579
283 4849
180 4849
300 4931
275 4665
468 4696
1079 4236
494 4955
2431 4683
2966 3150
3936 4687
317 4611
7 4827
389 4699
3681 4502
72 4877
346 4789
2294 3362
359 4927
147 4623
397 4547
150 4987
46 4614
1089 2911
179 4748
421 4741
222 4672
473 4504
282 4510
182 4590
256 4725
19 4968
115 4718
474 4675
222 4876
293 4909
49 4671
141 4994
176 4745
83 4755
137 4927
121 4615
184 4939
246 4957
484 4645
240 4520
300 4921
436 4840
2666 4026
120 4762
121 4886
137 4525
459 4660
392 4523
1094 1294
464 4978
376 4952
124 4835
3748 4608
307 4800
84 4514
100 4943
335 4905
494 4959
460 4529
197 4571
313 4854
127 4778
136 4742
64 4996
30 4738
331 4563
383 4715
330 4555
386 4647
212 4671
124 4589
338 4785
284 4601
185 4748
188 4576
386 4997
270 4861
1036 1820
108 4841
357 4961
3212 3590
208 4876
333 4589
409 4988
103 4626
78 4699
951 3255
2399 3766
2798 2838
160 4602
288 4971
408 4586
143 4715
134 4722
324 4694
75 4907
457 4927
298 4722
136 4597
2930 4310
203 4897
351 4756
50 4707
1548 3842
25 4886
1400 3521
414 4845
372 4591
235 4697
214 4551
458 4804
2678 2679
447 4501
46 4957
444 4653
194 4520
1194 4075
2133 3456
211 4997
228 4981
32 4380
332 5000
271 4551
198 4846
310 4561
62 4941
792 4771
1530 4454
213 4818
303 4874
3017 4046
135 4954
62 4624
325 4719
1459 3459
268 4975
94 4635
25 4544
226 4734
267 4600
16 4275
400 4759
73 4806
275 4761
181 4553
126 4934
439 4658
499 4717
128 4935
307 4788
121 4866
26 4746
340 4703
236 4904
688 1235
684 1563
607 4483
787 3902
282 4801
2549 2951
114 4913
396 4521
389 4919
3052 3124
21 4843
462 4974
387 4577
482 4747
292 4532
491 4908
242 4976
455 4895
390 4688
386 4536
58 4792
290 4817
423 4943
194 4767
39 4606
297 4505
460 4564
2641 3647
112 4966
247 4990
139 4686
92 4565
696 1484
440 4670
15 4627
794 4561
84 4987
1052 4145
256 4964
117 4563
453 4773
356 4573
380 4783
489 4519
222 4929
189 4981
388 4866
62 4626
1904 3007
7 4579
268 4727
3253 4583
286 4784
312 4698
147 4933
178 4542
375 4985
294 4633
71 4948
63 4739
411 4709
80 4589
213 4785
111 4708
150 4576
1153 3271
214 4546
1251 3551
1928 3989
56 4966
457 4628
298 4557
113 4539
194 4686
479 4621
61 4928
4067 4696
1939 2241
429 4757
229 4826
344 5000
352 4694
3347 4681
391 4958
289 4964
58 4762
380 4607
714 1652
80 4532
252 4595
198 4696
489 4581
322 4821
176 4691
175 4923
399 4734
465 4850
487 4528
3 4605
176 4717
314 4508
465 4690
180 4633
184 4619
398 4650
3431 4349
73 4612
3320 4391
153 4747
461 4885
421 4717
70 4963
191 4965
59 4968
385 4775
127 4918
400 4788
2816 4397
369 4821
246 4953
246 4563
131 4927
602 3886
210 4676
396 4980
63 4822
97 4953
423 4929
480 4809
288 4885
83 4666
137 4851
362 4558
3894 4141
21 4526
44 4548
499 4610
210 4562
195 4571
339 4762
63 4730
126 4938
170 3453
243 4589
403 4981
1495 4342
360 4972
393 4981
489 4594
473 4701
58 4644
212 4557
199 4574
187 4972
97 4504
302 4920
495 4609
99 4658
256 4810
426 4970
89 4801
181 4810
288 4868
149 4910
404 4932
96 4929
350 4533
146 4643
470 4757
200 4796
2139 2223
423 4886
2650 4302
82 3787
568 1902
428 4677
970 4006
401 4747
1155 2686
962 4000
380 4566
1896 3883
55 4876
5 4547
460 4877
196 4673
47 4555
67 4569
284 4722
125 4945
165 4721
202 4779
283 4637
416 4820
151 4863
29 4855
3942 4987
43 4512
215 1703
194 4502
462 4737
310 4519
294 4708
790 1350
140 4765
100 4752
398 4566
473 4806
1349 4005
190 4596
446 4994
42 4893
388 4515
60 4608
418 4506
139 4702
304 4660
469 4707
1688 3705
31 4588
618 774
3251 4489
777 1224
412 4718
415 4727
394 4558
8 4894
350 4607
144 4578
331 4501
142 4994
2168 4278
1 4700
692 3733
23 1226
166 4791
1440 3658
429 4667
49 4575
179 4959
168 4814
361 4758
21 1811
137 4521
41 4736
1469 3783
52 4864
445 4547
185 4906
357 4900
263 4787
72 4635
64 4990
277 4681
73 4560
310 4506
3833 4842
271 4675
2467 3496
320 5000
45 4635
117 4624
2 4855
381 4615
288 4638
37 4124
1262 4570
188 4756
136 4939
262 4997
487 4903
70 4751
433 2939
592 3804
126 4870
184 4918
1521 3648
28 4749
260 4559
333 4752
22 4520
365 4525
174 4529
1078 3419
220 4506
434 4551
7 4996
30 4504
297 4627
21 4782
429 4544
403 4878
181 4504
484 4516
310 4874
226 4692
372 4568
3651 4372
304 4751
84 4989
389 4951
317 4839
351 4673
1711 2034
428 4747
4404 4452
239 4541
330 4892
253 4822
429 4585
3810 4139
405 4577
454 4525
131 4821
202 4826
339 4716
333 4584
351 4706
123 4515
2177 4590
227 4691
1 4615
92 4991
44 4660
335 4869
36 4738
244 4921
373 4702
62 123
391 4727
172 4967
289 4845
133 4537
845 3955
191 4721
3 4520
455 4936
269 4670
5 4672
2750 3483
488 4699
418 4558
91 4997
447 4865
9 4771
92 4651
423 4742
38 4612
377 4667
22 4645
168 4853
115 4811
2834 3113
319 4670
294 4929
151 4828
196 4950
398 4805
78 4812
352 4583
105 3352
94 4579
239 4850
446 4851
4 4859
1624 4806
487 4638
35 4809
333 4684
1289 2197
2021 2087
164 4573
295 4633
3409 4708
414 4654
144 4654
245 4946
287 4636
284 4575
295 4874
171 4928
98 4923
136 4830
123 4514
450 4668
56 4971
38 4834
13 4702
286 4865
1057 4255
84 4967
401 3183
478 4781
263 4753
377 4681
298 4526
136 4779
341 4871
484 4555
4466 4760
1909 4536
264 4555
221 4763
287 2362
2410 4197
352 4599
2612 3133
197 4807
22 4585
3752 4648
226 4600
389 4622
283 4861
224 4649
3495 4069
457 4971
164 4987
408 4595
138 4677
154 4629
87 4682
286 4990
801 1953
284 4894
6 4774
328 4589
2036 4569
495 4808
743 4841
473 4669
230 4565
3096 3915
274 4990
367 4507
251 4533
342 4622
129 4799
1245 4728
455 4898
336 4959
1986 2107
3006 4116
201 4656
443 4514
288 4505
3677 4001
317 4860
345 4847
94 4828
39 4898
140 4686
355 4868
127 4564
17 4854
257 1709
238 4746
76 4800
100 4605
301 4907
911 3525
290 4848
66 4545
152 4917
407 4811
445 4876
356 4606
131 4849
1372 3498
110 4698
413 4772
262 4899
71 4786
414 4766
1268 4368
66 4579
401 4688
275 4980
294 4958
251 4570
473 4507
46 4530
222 4880
192 4810
187 4809
109 4943
399 4594
320 4914
105 4537
293 4545
159 4938
259 4548
496 4747
492 4600
449 4704
54 4697
479 4934
1807 3179
461 4632
164 4875
35 4782
212 4991
350 4834
486 2616
92 4849
97 4644
207 2549
95 4634
292 4614
381 4848
79 813
393 4978
218 4528
229 4656
475 4624
528 4941
1899 3967
317 4989
3119 3787
120 4578
425 4985
1101 1984
237 4914
326 4552
276 4572
482 4639
156 4871
437 4816
62 4932
243 4671
397 4916
1016 3136
895 4045
396 4932
475 4645
175 4802
1133 4273
428 4575
454 4886
301 4569
87 4946
3257 4408
259 4852
120 4631
97 4688
31 4770
4084 4116
448 4724
57 4555
256 4676
235 4581
79 4619
402 4605
334 4850
128 4518
473 4849
6 1999
175 4876
405 4973
113 4738
285 4747
11 4805
2243 2972
418 4781
438 4999
97 4613
290 4864
348 4969
2380 2463
3194 3545
366 4973
1120 4563
334 4884
38 4943
2282 4093
84 4994
390 4769
204 4748
3369 4843
2161 2904
328 4861
266 4939
166 4553
364 4504
281 4971
231 4659
262 3680
218 4516
385 4542
44 4851
48 4782
315 4750
24 124
159 4576
358 4975
97 2899
267 4584
415 4982
229 4608
399 4822
272 4528
261 4812
368 4889
56 4699
3501 3530
356 4837
13 4691
136 458
97 4877
289 4675
346 4951
446 4505
231 4585
134 4731
229 4816
452 4779
434 4759
468 4513
492 4953
331 4907
38 1933
948 1925
4549 4797
306 4643
498 4647
190 4739
7 4765
263 4854
366 4591
384 693
37 4966
315 4921
439 4905
259 4550
379 4821
496 4873
75 4911
351 4943
224 4831
277 4980
208 4840
317 1860
32 4640
436 4980
191 4988
357 4593
363 4899
210 4945
287 4617
2043 2074
132 4724
496 4677
364 4867
119 4705
3260 4850
399 4602
493 4820
50 4937
83 4618
339 4728
348 4953
113 4769
485 4963
278 4654
49 4679
311 1744
392 4967
424 4651
361 4952
199 4769
204 4642
301 4594
193 4633
170 4805
107 4669
369 4687
94 4569
1639 4381
410 4717
248 708
1452 2610
2894 3898
196 4995
207 4537
1672 4776
427 4898
101 4894
228 4537
988 2088
277 4801
223 4994
168 4781
318 4842
181 4773
259 4175
39 4508
404 4866
123 4589
73 4764
325 4545
485 4480
255 4847
41 4845
555 2643
414 4598
81 4912
156 4578
192 4790
373 4782
380 4749
115 4643
221 4677
2480 2908
158 4610
319 4861
74 4522
223 4712
187 4777
250 4643
55 4978
233 4511
312 4606
161 4660
208 4775
2132 4843
161 4558
143 4956
15 4919
736 1910
205 4628
373 4519
2682 4452
377 4930
463 4809
2323 3706
439 4515
2259 3458
203 4913
61 4594
442 4633
3046 4947
456 4996
19 4954
55 4636
4473 4588
328 4975
209 4920
182 4846
423 4911
659 2540
206 4682
158 4631
90 4538
275 4720
3700 4109
341 4824
3408 4110
258 4621
8 4853
496 4692
350 4697
187 4799
436 4847
4464 4605
27 4747
1583 2271
288 4843
198 2172
69 4615
187 4997
71 4929
19 1977
832 4686
302 4921
59 963
112 4902
150 4902
3651 4668
100 4617
412 4998
1738 3284
3 4932
244 4521
430 4759
209 4953
428 4779
260 4546
61 4503
476 4531
1156 3020
3014 4176
3339 3489
202 4809
299 4541
2615 4084
41 4730
150 4893
491 4693
47 4591
28 4677
417 4810
308 4712
324 4689
57 4533
300 4889
186 4977
173 4887
193 4562
230 4500
1531 2378
4158 4875
1177 2360
463 3779
1256 2199
256 4781
125 4890
419 4723
193 4985
320 4805
28 4698
343 4539
120 4969
149 4524
377 4782
2986 3260
112 4927
368 4722
485 1471
187 4880
483 4528
823 3620
155 4561
14 4776
169 4834
89 4631
201 4658
118 4770
34 4590
99 4885
88 4988
91 4794
26 4948
92 4578
3300 4114
353 4663
442 4799
394 4535
19 4576
262 4626
12 4788
490 4691
139 4655
3 4829
1621 4852
2499 2966
158 4807
357 4520
210 4703
1 4990
268 4797
3498 4685
5 4837
2738 3215
2696 4936
283 4646
248 4718
142 4876
252 4819
162 4563
4192 4314
276 4652
356 4656
432 4750
309 4862
166 4983
72 4642
310 4764
3 3731
108 4678
484 4576
359 4568
682 1664
1222 3055
200 4642
238 4875
376 4953
215 4622
396 4850
268 4775
88 4909
57 4861
71 4585
408 4759
409 4764
19 4643
267 4884
68 4970
169 4920
844 3375
74 4820
1783 4086
304 4705
364 4697
176 4659
123 4763
38 4579
200 4954
23 1455
3473 3816
53 4900
16 4894
2651 4731
220 4775
357 4790
332 1019
345 4956
374 4833
123 4690
2 4744
458 4751
20 4750
135 4604
36 4610
190 4788
171 4873
67 4813
168 4599
239 4584
1099 3343
267 4812
290 4692
442 4982
387 4892
187 4519
157 4616
496 4633
375 4820
308 4763
431 4819
308 4618
237 4921
2634 4471
303 4848
210 4519
3246 3855
39 4837
119 1637
432 4699
80 4899
290 1473
117 4750
182 4993
417 4597
398 4908
1778 4153
432 4946
238 4555
77 4553
118 4682
878 2662
739 3244
381 4828
424 4235
189 4595
49 4927
2164 4280
431 4898
261 4713
707 1031
464 4578
442 4666
444 4831
387 4596
133 4627
500 4825
250 4614
1468 4573
499 4981
83 4733
6 4613
440 4602
32 4946
298 4665
434 4529
408 4857
303 4583
254 4559
82 4906
472 4967
57 4528
302 4564
162 4937
381 4932
200 4741
344 4774
76 4819
1373 3379
412 4531
304 4644
442 4576
499 4511
28 4553
2580 4644
764 4138
364 4908
3570 4164
440 4946
419 4670
313 4688
364 4983
640 738
385 4899
494 4722
424 4605
481 4631
228 4746
454 4818
114 4709
160 4567
430 4997
421 4756
78 4599
992 2416
4003 4183
3568 4278
432 4661
1894 3158
161 4611
148 4782
226 4541
33 4644
79 4515
65 4742
137 4709
410 4577
337 523
495 4596
159 4845
322 4819
280 4850
330 4518
271 4761
691 1523
5 4545
345 4751
182 4620
89 4823
469 4983
326 4565
281 4950
317 4987
497 4684
476 4696
173 4512
406 4567
342 4782
2211 2770
397 4595
188 4789
66 4730
466 4786
83 4999
337 4943
3734 4654
44 4777
14 4595
261 4506
204 4716
486 4699
327 4526
490 4662
1533 3520
211 4723
101 4706
232 4719
170 4790
4632 4700
88 4769
1886 3872
335 4518
147 4867
148 4996
260 4765
154 4712
405 3786
174 4664
676 4825
2185 2963
479 4778
200 4819
44 2814
137 4865
221 4980
410 4745
458 4823
302 2462
306 4666
281 4808
238 4659
386 4745
102 4898
145 4639
180 4890
87 4645
53 2929
200 2319
464 4621
260 4868
463 4756
313 4621
182 4669
4634 4949
89 4738
477 4589
381 4866
319 4835
305 4571
221 4977
1903 4962
2234 3382
37 4817
188 4564
476 4852
431 4631
2351 3183
1116 2266
414 4636
70 201
255 4584
149 4592
210 4679
3798 4720
333 4684
264 4705
314 4792
117 4832
495 4825
470 4775
183 4554
409 4598
478 4710
1914 2937
434 4885
4 4905
131 4985
235 4645
718 4577
251 4598
4275 4343
392 4771
2221 2678
93 4873
450 4722
305 4636
410 4508
276 4555
407 4561
1435 3385
395 4717
1746 1847
1513 2832
437 4705
344 4502
149 4772
405 4931
96 4996
913 4619
412 4827
63 4799
308 4768
215 4894
330 4572
494 4608
76 4892
393 4941
2781 3175
482 4870
226 4687
188 4961
168 4503
979 4513
4164 4959
346 4508
273 4728
437 4895
424 4750
441 4650
318 4620
488 4791
343 4937
3196 4175
209 4691
413 4929
457 4559
112 4553
435 4567
385 4795
444 4966
142 3110
139 4725
163 4998
182 4515
55 4556
77 4557
322 4678
195 4964
1996 4920
4160 4523
80 4983
226 4719
2229 3849
493 4966
336 4589
162 4540
310 4534
1281 2305
309 4985
306 4650
562 3903
57 4647
194 4866
2124 3067
394 4611
445 4615
49 4836
183 4989
179 4987
411 4647
215 4934
226 4977
372 4938
229 4838
176 4669
318 4616
1205 3581
383 4941
482 4508
363 4279
1125 4840
147 4566
22 4682
23 2548
40 4579
308 4701
358 4785
457 4772
2715 4245
429 4581
2456 3384
428 4859
166 4989
320 4956
3 4882
196 4787
207 4893
486 4940
331 3636
2166 4152
217 4591
415 4916
1976 3146
16 1701
340 4906
53 4596
103 4521
120 4995
471 3726
396 4671
119 4891
230 4555
13 4814
427 4934
497 4880
236 4820
20 4729
57 4782
472 4857
412 4744
275 4867
50 4057
36 2521
2 4607
455 4653
125 4635
2982 4439
371 4567
1651 1979
176 4704
138 4633
472 4778
125 4860
294 4637
358 4519
143 4689
117 4709
424 4639
139 4904
1777 2127
363 4580
3680 3800
118 4631
496 4909
2142 3497
212 4833
4 1957
413 4891
139 4620
121 4594
1385 3760
432 4520
208 4789
311 4923
211 4944
2064 4213
446 4611
356 4547
199 2694
311 4514
303 4768
58 4934
152 4950
70 4828
81 4685
425 4708
144 4903
471 4841
285 4617
456 4671
2027 4424
76 4855
365 4617
109 4951
98 4944
102 4988
16 4514
8 99
248 4605
61 4757
236 4568
2996 3202
151 4753
213 4979
368 4913
221 4581
188 4900
198 4766
210 4975
2186 4472
190 4933
167 4850
420 4575
485 4794
100 4548
478 4937
180 4608
369 4660
267 4762
248 4704
1090 2360
87 4653
248 4689
1379 4821
3535 4834
385 4809
290 4947
1341 2023
234 4785
322 4887
1720 3760
172 4982
84 4984
2319 3405
468 4876
450 4908
410 4639
463 4852
3657 4550
415 4877
280 4652
153 4722
306 4936
382 4655
284 4957
711 2033
413 4778
812 2538
2068 2168
90 4538
134 4624
53 4794
100 4553
144 4787
226 4523
1728 4023
8 4813
42 4799
4 4817
419 4668
227 4918
169 4506
265 4592
299 4646
60 4795
1224 1451
338 4517
360 4680
272 4854
190 4665
84 4754
309 4769
209 1630
296 4740
3658 3844
276 4839
94 4881
493 4518
17 4884
916 1555
415 4704
14 4798
213 4501
106 4698
165 4847
499 4563
138 4698
267 4819
251 4976
482 4590
434 4768
173 4937
493 4971
436 3559
490 1604
103 4521
259 4707
41 4800
38 4839
361 4533
406 4904
200 4737
6 4705
329 4790
452 4704
298 4631
186 4727
434 4552
36 2348
1372 4841
428 4899
147 4630
3056 3709
203 4851
171 4537
210 4727
1287 3561
334 4861
236 4653
71 4523
358 4704
1197 4694
328 4777
384 4501
203 4972
19 4714
299 4648
31 4564
93 4611
305 4612
197 4833
107 4997
289 4963
334 4556
407 4839
386 4826
245 4639
479 4662
2526 4142
400 4730
497 4970
353 4941
276 4639
412 4716
217 4700
392 4840
368 4910
274 3126
386 4819
198 4613
333 4967
9 4683
487 4724
853 1247
257 4640
177 4900
255 4736
165 4538
21 4861
1262 2087
452 4846
1882 4049
200 4840
41 4654
102 4899
164 4917
386 4829
373 5000
285 4517
317 4861
32 4622
211 4899
204 4710
1886 4404
13 4630
218 4500
496 4992
174 4680
337 4726
2086 2885
3290 4365
431 4686
2316 4354
443 4670
366 4543
129 4760
498 4967
106 4605
957 4125
198 4862
1466 3260
423 4670
192 4684
248 4700
22 4593
41 4748
413 4982
497 4834
441 4625
3172 3678
116 4665
3250 3317
327 4665
879 3887
305 4770
418 4811
435 4585
286 4927
782 1988
176 4810
262 4814
82 4963
475 4908
120 4874
420 4994
186 4674
311 4545
108 4822
143 4720
452 4560
422 4896
347 4860
372 4541
444 4964
6 4950
532 2203
1665 4138
89 4622
288 4894
1979 4782
404 4590
250 4809
2715 4175
301 4814
2354 3948
208 4958
430 4621
174 4701
1886 4075
353 4837
120 4675
374 4762
305 4740
134 4635
370 4876
1196 3994
195 4605
231 4988
597 4868
1008 1874
961 1783
2546 4617
46 4868
315 4819
366 4783
390 4801
77 4667
72 4764
3020 3269
71 4693
1652 3178
337 4973
117 4841
258 4586
28 4501
352 4738
224 4940
326 4701
459 4617
452 4540
24 4750
1 4648
1486 3015
301 4905
68 4990
3605 3993
86 4697
290 4961
391 4715
4681 4927
22 4837
274 4726
53 4865
318 4231
1477 4092
102 4524
3591 4012
411 4698
4087 4819
438 4564
467 4735
174 4696
199 4539
70 4763
123 4599
342 4075
57 4524
237 4912
3318 3468
366 4802
285 4559
8 4710
203 4586
23 4572
83 4797
106 4653
80 4611
2776 2943
274 4903
191 4924
77 4729
399 4922
177 4853
103 4502
298 4707
1707 2444
71 4947
372 4642
1525 4567
161 4861
417 4970
362 4634
40 4903
72 4610
161 4741
472 4726
2014 4343
732 4373
455 4503
474 4917
233 4968
146 4845
441 4886
401 4860
177 4514
488 4617
146 4868
394 4878
218 4957
82 4538
371 4875
85 4704
317 1750
76 4911
237 4824
34 4990
856 4225
338 4707
440 4991
196 4929
18 4791
436 4566
129 4780
319 4828
485 4851
30 4554
324 1743
1 4767
464 4623
265 4601
1700 3745
4077 4163
296 4856
194 998
378 4689
355 4576
117 4626
451 4570
355 4812
251 4872
434 4872
86 4714
355 4603
299 4613
313 4986
15 4694
398 4774
156 4606
3022 3770
329 4835
305 4701
837 2810
1759 3230
313 4720
255 4692
55 4867
426 5000
6 4916
2829 3645
1778 3971
392 4940
257 4958
93 4899
959 4347
120 4849
43 4694
182 4901
209 4810
144 4733
482 4672
355 4862
354 4821
809 4431
79 4845
383 4882
806 4479
70 4965
31 4810
2319 3579
39 4712
44 4712
2401 2902
469 4797
131 4773
2401 4693
386 4535
486 4986
3626 4220
32 4814
233 4935
109 4678
488 4966
2076 2881
39 4991
152 4693
433 4915
383 4936
129 4673
2838 3171
37 4942
313 4984
125 4926
130 4528
830 2874
402 4689
384 4815
320 4988
1592 4396
483 4939
134 4609
413 4805
312 4901
400 4816
1216 1278
416 4661
96 4936
177 4828
2295 2740
401 4692
417 4524
22 4664
497 4827
50 4889
2219 3244
21 4880
100 4702
303 4970
495 4503
279 4790
160 4704
2533 3512
286 4594
320 1161
443 4680
469 4911
37 4524
435 4784
241 4968
268 4965
417 4925
184 4878
41 4709
70 4692
381 4744
470 4738
55 4784
374 4866
456 4952
326 4697
418 4530
140 4848
276 4708
83 4525
377 4889
1452 4419
398 4578
829 3442
103 4664
254 4618
322 4830
494 4945
352 4600
112 4834
358 4709
271 4944
386 4816
374 4553
236 4705
17 4865
216 4543
1298 2754
115 4559
2772 4271
294 4875
288 4710
2629 4802
3955 4328
97 4733
366 4634
24 4532
434 4635
458 4916
348 4781
88 4577
2112 3269
109 4816
1725 3776
1216 3295
499 4873
159 4667
338 4542
464 4548
300 4871
751 3736
848 2289
85 4908
3315 4324
439 4885
349 4563
311 4832
1638 3737
157 4703
269 4588
128 4905
249 4566
19 4994
326 4569
223 4643
210 4581
222 4979
222 4884
464 4968
455 4949
469 4925
386 3676
488 4678
2278 4787
2055 2300
350 4896
41 4728
229 4889
230 4972
98 4733
1368 1727
45 4614
128 4925
319 4916
3397 4156
1894 3152
2550 2983
11 4527
1060 1463
434 4858
89 4563
144 4516
2276 3556
531 4603
392 4735
59 4936
117 4833
56 4817
355 4806
3197 3892
1991 3428
6 4908
64 4865
330 4572
432 4775
227 4745
75 4539
180 4989
179 4546
499 4607
136 4632
385 4885
42 4980
367 4619
282 4970
28 4921
159 4590
55 4969
381 4891
2018 3916
122 4720
325 4583
2115 4544
226 4916
369 4796
487 4531
341 4689
660 2867
77 4531
471 4678
3120 3772
67 4522
499 4861
141 2946
430 4604
1068 2227
53 4654
515 3570
487 4556
392 4532
388 2451
490 4998
11 4684
1013 4368
4400 4478
405 4799
310 2359
782 2709
571 3173
297 4891
60 4806
1921 3868
1 4967
306 4532
487 4964
27 4940
578 730
1030 4385
493 4738
57 4573
25 821
1334 2847
194 4672
36 4841
342 4636
196 4879
357 4692
337 4619
246 4782
2657 4468
1607 3239
207 4661
135 4975
442 4544
10 1050
50 4548
438 4858
268 4833
397 4728
207 4808
254 4974
3225 4252
453 4896
191 4868
491 4677
418 4676
132 4840
1202 4419
481 4755
94 4640
102 4625
459 4843
415 4936
435 4689
163 4937
235 4671
371 4952
434 4814
1572 1612
293 4757
897 1576
178 4655
479 4562
153 4623
383 2157
100 4504
169 4521
480 4879
195 4910
455 4977
484 4697
580 2938
186 4672
339 4934
323 4533
228 4627
153 4593
238 4909
411 4760
358 2542
1497 2812
418 4535
1634 2570
2733 4395
303 4865
221 4618
331 4977
86 3812
69 4630
417 4984
523 1782
489 4757
132 4780
162 4817
380 4718
37 4806
193 499
486 4928
405 4564
1629 3232
315 4686
150 4972
99 4843
338 4584
473 4895
277 4638
365 830
2701 4279
157 4601
205 4652
430 4865
222 4530
407 4520
75 4645
961 2094
127 4517
390 4798
1119 4223
109 4780
62 4561
1796 4677
137 4742
216 4949
1405 3431
187 4929
1347 4150
291 4750
160 4984
66 4670
430 4962
46 4969
423 4944
464 4908
1045 3825
354 4856
271 4949
131 4608
481 4890
427 4859
456 4812
171 4867
25 4819
331 4868
1148 4367
940 4284
303 4840
432 4746
3711 4681
428 4972
214 4663
132 4803
403 4900
129 4663
4616 4972
361 4539
1068 4545
56 4917
393 4799
366 4554
1182 1473
410 4962
55 4922
2303 4281
1923 1954
156 4962
1487 3348
247 4822
205 4689
3585 4537
1748 4319
143 4797
479 4905
354 4775
539 4546
41 4677
155 4888
411 2058
352 4683
307 4873
1678 3546
105 4614
492 2250
419 4661
121 4789
369 4944
1337 3126
937 3300
198 4760
497 4890
2311 2927
130 2625
375 4548
60 4971
159 4742
28 4829
224 4742
42 4931
254 4731
462 4999
457 4839
219 4996
9 4535
408 4568
413 4850
92 4578
362 4593
342 4881
417 4769
114 4743
307 4615
2142 4584
417 1983
305 4910
308 4755
359 4820
291 4525
432 4721
2 4934
309 4501
123 4502
95 4628
127 4641
2864 4358
267 4593
10 4634
185 4863
264 4711
459 4795
354 4633
483 4989
154 4675
4896 4925
2391 4567
372 4924
3241 3270
299 4546
387 4535
236 4821
97 4828
8 4543
151 4764
1862 4984
914 2430
331 4657
87 4909
350 4664
29 4590
113 4806
114 4946
163 4656
741 4493
130 4772
185 4561
1208 3230
78 4899
74 4725
302 4796
226 4722
3460 4996
465 4608
2396 3205
156 4776
477 4504
458 4736
48 4562
221 4546
1327 1352
65 4964
463 4513
172 4999
729 3988
3349 4338
227 4637
2662 4760
448 1412
346 2992
456 494
10 4965
172 4660
347 4905
84 4726
68 4708
206 4536
65 4660
442 4943
380 4562
1429 3257
409 4929
342 4639
414 4939
297 4835
340 4737
242 4552
417 5000
378 4730
41 722
370 4802
316 4651
449 4914
125 4590
2474 2742
39 2635
264 4536
321 4833
198 4509
84 4810
410 4823
442 4921
83 333
50 4714
2815 4369
205 4600
473 4967
394 4833
921 3122
218 4989
23 4887
373 4804
305 4717
268 4810
251 4954
457 4796
2891 4358
1280 4639
3659 3832
15 4550
472 4679
287 4915
412 4964
494 4734
244 4763
2322 4127
424 4642
431 4728
961 1728
164 4815
155 4862
211 4715
3868 4451
329 4720
46 4605
49 4789
489 4873
159 4571
591 1486
121 4765
280 4924
165 4786
241 4650
498 4709
128 4680
287 4794
168 4904
49 4827
264 4596
35 4625
184 4859
2843 3595
1091 3024
404 4896
304 4910
1334 1588
99 4804
282 4922
495 4934
372 4525
2094 3851
3120 3469
1 4604
344 4792
308 4806
2368 3737
107 4990
1795 4513
142 4670
109 4701
223 4930
19 4747
112 4558
414 4609
4 4983
259 4846
320 4567
717 1746
235 4799
324 4685
138 4209
443 4649
3782 4830
272 4926
160 4545
48 4786
381 4977
78 4970
3853 4529
450 4920
463 4789
492 4520
8 4797
265 4947
496 4840
244 4961
958 3514
451 4708
337 4882
206 4837
240 4594
13 4920
90 4847
78 4968
294 4868
469 4751
380 4858
3941 4283
147 4957
444 4530
153 4805
300 4597
490 4884
205 4923
218 4609
3806 4840
168 4801
136 4538
241 4949
330 4588
2430 3739
1302 2504
122 4278
52 4941
228 4940
76 4735
1190 3215
141 4544
478 4541
296 4936
289 4791
110 4668
2875 3749
176 4871
14 4637
22 4825
489 4824
490 4747
479 4579
34 4976
108 4576
149 4856
58 4618
285 4768
3798 3888
314 4576
438 4938
224 4573
235 4653
67 4593
116 4511
444 4797
243 4744
289 4910
438 4564
291 4903
118 4552
466 4916
217 4575
435 4964
469 4534
248 4574
482 4676
108 4559
312 4630
2175 2494
410 4572
481 4641
38 4554
44 4532
163 4634
292 4622
163 4986
125 4518
432 4776
29 4982
454 4876
1751 1874
3799 3871
91 4710
144 4837
431 4653
205 4699
126 4836
281 4661
13 4683
28 4976
333 4993
174 4914
184 4979
358 4977
56 4677
343 4647
304 4761
606 1054
75 1236
27 4931
258 4832
389 4722
2825 4393
120 4827
371 4902
375 4689
206 4697
3672 4207
471 4581
304 4800
42 4959
356 4775
362 4886
376 4616
330 4711
142 4541
403 4968
26 4550
309 4583
141 4849
87 4862
2541 4792
457 4773
452 4613
920 2309
119 4705
1704 3954
189 4688
359 4912
304 4957
336 4883
202 4670
345 4833
1921 2753
2 4774
23 4817
405 4524
13 4759
322 4729
239 4713
374 4892
1270 3943
312 4850
256 4573
140 4598
118 4763
406 4920
312 4534
571 4901
269 4738
268 4700
219 4764
695 806
461 4787
62 4941
249 4295
262 4618
476 4854
143 4638
113 4978
365 4574
322 4987
469 4678
374 4703
217 4729
172 4774
80 4766
343 4823
47 4693
77 4640
224 4701
35 4684
69 4882
271 429
183 4565
369 4555
423 4679
183 4652
54 4730
495 4837
3044 3237
1755 2583
379 4729
13 4518
468 4699
1100 1231
123 4913
81 4602
3161 3576
871 872
94 4770
125 4851
1629 2304
334 4621
1730 4326
59 4711
136 4815
320 4532
232 4193
302 4514
290 4737
2461 4623
168 4928
194 4783
353 4958
571 1333
456 3252
227 4615
342 4695
339 4651
192 4547
251 4706
251 4852
390 4952
490 4525
458 4920
54 4576
826 1279
77 4822
376 4934
498 4849
127 5000
51 2589
65 4564
402 4909
3355 4697
732 3107
131 4668
46 4976
47 4908
226 4981
43 4720
2156 2897
631 2323
221 4569
139 4816
222 4642
163 4598
485 4714
2447 3416
833 1716
406 2592
480 4760
35 4803
100 4847
287 4593
348 4608
93 4620
436 4649
311 4711
2920 3068
4056 4980
236 4705
77 4943
445 4703
1873 3135
282 4937
414 4902
209 4992
311 4884
429 4526
260 4537
213 4716
19 4844
1349 1818
1309 4487
1869 4978
248 4524
409 4866
3471 4421
369 4983
293 4981
219 4706
131 4637
191 4932
465 4624
1496 3546
463 4769
248 4959
10 4957
205 4726
77 4579
86 4548
115 4675
98 4804
105 4892
1960 4570
1042 3127
3816 4562
198 4544
200 4951
346 4932
55 4658
404 4571
371 4916
49 4736
102 4856
1762 3652
20 4992
3078 4186
248 4897
504 4866
284 4805
254 4789
779 1885
400 4107
48 4963
154 4675
109 4916
170 4652
166 4645
255 4954
101 4723
232 4860
353 4643
1959 4087
238 4500
174 4879
271 4605
392 4754
395 4597
271 4666
1801 4160
2573 3567
218 4896
169 4568
368 4556
379 4524
218 4871
250 4830
18 4592
249 4849
307 4534
309 4747
218 4575
1105 2411
240 4920
286 4947
96 4672
353 4851
105 4543
376 4647
132 4764
4736
847 4124
222 4023
272 4000
133 3993
221 4470
2123 3932
578 4398
684 4496
2937 3156
309 4421
606 3982
568 4279
585 3922
607 4512
797 4228
484 4185
2178 3669
996 4301
196 4360
204 4322
318 4347
400 4334
442 4091
850 4430
49 405
764 4163
2393 3354
680 4112
191 4101
689 4203
1472 3612
275 4452
374 4028
1853 2925
711 4236
96 4372
2442 2555
724 4236
157 2201
817 3981
564 4561
64 4162
386 4555
403 4139
135 4467
416 4534
842 4083
294 4488
363 4358
454 4312
156 4002
448 4052
633 4132
1304 1393
339 4282
848 4568
50 221
567 4364
901 4095
3367 4243
458 4457
712 4365
370 4336
9 4366
456 4409
197 4046
223 4155
470 3990
91 4512
257 1113
2031 4388
115 4231
268 3991
3113 3829
785 4420
1074 3489
895 3958
148 4144
789 4385
37 4176
93 4511
598 4119
2112 2676
82 4084
1393 4340
674 4562
505 3970
670 4414
153 4198
433 4056
1385 2617
94 4535
358 4071
3700 4195
79 4330
27 1316
561 4078
1508 1794
741 4111
47 4089
512 4040
877 4480
2385 3559
432 4154
719 3940
759 3928
618 4363
748 4142
565 4336
275 1534
800 4319
87 4200
158 4347
456 4201
653 1691
612 4462
577 4319
779 4391
879 4257
1790 4140
18 4532
205 4397
1125 2620
148 2641
627 4196
641 4221
24 4241
1599 4563
428 4161
1451 1598
762 4143
2308 3472
3038 4083
358 3395
387 4075
333 4258
621 3923
807 4134
198 3919
324 4274
425 4040
104 4540
1793 4535
465 3996
886 4183
544 3123
774 4340
684 4162
134 3450
64 4120
618 3944
450 4383
602 4557
208 4239
626 3943
880 4490
588 3931
361 4463
446 4451
2285 3304
390 4194
515 3915
317 4547
437 3505
197 3291
554 4256
3470 3554
120 4399
831 4491
2255 4460
130 4395
171 3939
2153 2961
870 4146
669 4369
184 4201
897 4113
3267 4082
96 4406
901 4205
2264 2976
161 3939
523 3886
149 4189
357 4563
1169 1213
910 4323
1015 3948
800 1496
715 4328
669 4395
239 4095
803 4268
740 4404
997 2444
63 4191
214 4253
248 4107
1763 4161
910 2604
2657 2705
1548 4012
865 1281
425 4000
697 4199
26 4332
306 4515
297 3922
378 2342
817 4094
133 4359
4384 4524
2117 3059
203 3892
675 4425
587 4510
368 4319
356 4214
322 4008
1075 1315
895 4306
188 4402
631 4151
776 3893
1093 4118
48 777
208 4480
838 4392
1243 2727
341 4211
398 4431
745 4336
2097 2907
846 3998
203 1996
93 4040
3113 3937
802 1523
2991 4450
2537 3079
91 4040
700 4111
857 3948
682 4531
360 3948
669 4048
778 4023
2355 3313
532 680
695 3967
861 4436
186 4364
524 4484
535 4457
1019 3905
790 4483
777 3918
117 4344
246 4374
3239 4050
1503 3729
194 4366
1401 3299
265 3987
1507 4266
758 3932
615 4099
1460 4222
870 4155
828 4480
362 4530
391 4366
435 2351
765 4388
168 3988
400 3923
484 4076
646 4405
795 3049
93 4025
2407 4164
1 4456
261 4213
46 3945
395 3999
150 3902
780 4324
290 4093
10 4034
184 4523
265 3986
410 4538
2790 3767
324 4564
754 4345
266 4510
848 4525
47 3019
203 3389
128 4063
8 4015
1239 1334
635 4496
2711 2806
552 3887
757 4173
1364 2704
680 4037
840 4129
164 4099
465 4072
42 3915
173 2507
470 4060
457 4420
1945 4420
459 1316
840 4306
853 4098
785 3915
268 4513
692 4319
854 4106
801 4257
96 4247
359 4430
781 4126
2781 3241
2528 3195
94 4514
678 3984
897 3902
500 4201
698 4089
228 4079
221 4338
583 4084
2444 3031
613 4090
696 4514
274 4357
1929 3522
2558 2734
431 4392
92 4292
734 4397
1824 2302
3323 3498
5 4501
2877 3981
548 4500
1590 4493
833 4146
216 3912
684 3198
232 4139
418 4005
898 4003
4 4456
14 3955
882 4390
101 3979
1038 3580
380 3968
873 4014
961 2754
443 4399
573 1181
719 4542
48 3919
979 4336
384 4238
2243 3667
858 4046
492 4390
524 4195
61 4086
664 4191
289 3691
226 4132
871 4396
773 4497
438 4340
731 4251
523 4427
2462 4256
270 3920
2388 3240
437 4270
486 4564
444 4046
126 4141
76 2039
706 4396
1741 2071
253 1734
175 3995
480 4470
2026 2934
3413 4537
745 4545
540 4298
811 4279
1069 2154
279 1331
1151 1193
142 3939
777 4446
173 4258
580 4288
447 4488
453 4269
586 3935
701 1567
131 4061
161 3888
179 3930
273 4002
402 4521
26 4523
1937 2257
154 4045
1 4512
438 4414
76 4564
188 3964
543 4357
535 4254
860 3949
671 4330
2170 2685
786 3955
301 4327
179 4167
275 3997
1852 3964
3399 3730
649 4533
175 1080
727 4249
324 4336
830 4034
457 4158
591 4337
248 1972
354 4259
853 4024
838 4310
237 4403
111 1379
1668 2813
400 4323
392 4507
351 3905
147 4246
1024 2926
638 4096
293 4469
17 3963
347 4226
905 4548
814 4053
197 4187
289 4076
603 4466
135 4525
206 4097
457 1271
757 4273
220 4354
599 4472
137 4396
180 4256
792 4266
427 3993
273 4233
726 4257
821 4267
319 3921
13 4080
190 3989
685 4440
1037 2131
589 4518
323 4020
174 4453
1706 4278
666 4017
963 2450
2066 2534
59 4151
485 4393
501 4571
2881 4425
2494 4018
125 4208
3694 3746
297 4158
204 4194
74 3977
1145 2040
872 4373
419 3689
633 4132
808 2347
772 4234
4445 4529
411 4540
59 2247
538 4365
322 4419
711 1453
253 4191
46 4113
1717 2253
716 4531
581 3963
801 4328
405 4158
28 4232
1456 2085
232 3181
335 4256
536 4259
1760 2615
723 4082
573 4267
172 3925
20 4074
157 4496
113 4006
770 4080
418 4561
3508 4509
901 3741
540 3888
741 4023
338 4034
105 4066
142 4053
289 3889
1459 2844
230 4544
111 3934
796 3991
531 4097
132 4255
178 3981
439 4547
772 4444
1250 2526
549 4063
184 4536
17 4429
4370 4404
640 3114
905 4457
1031 4288
648 4089
421 4041
103 2319
2544 3935
57 3993
633 4264
738 1738
707 4149
647 4136
1598 1689
643 3903
795 4382
745 4096
575 3568
2300 3740
472 4134
501 4521
623 3911
448 4508
1688 3777
168 3902
219 4250
575 4246
744 4545
218 2672
275 4185
2432 3891
424 4189
404 4366
39 4539
767 4499
100 4026
201 4512
874 4564
404 4485
673 4089
89 4404
373 4566
326 4130
898 4129
472 4192
512 4004
561 3807
280 4381
579 3937
536 4539
881 4476
284 4412
482 3978
254 958
1976 2340
232 4123
399 4476
743 4502
62 4433
73 4293
729 4423
652 3956
33 3605
205 3981
788 4346
915 1901
793 4105
292 3980
229 4542
843 4382
636 4413
1330 2826
787 4459
465 4564
878 4300
729 4328
100 3927
690 4454
53 4519
262 4484
280 4093
402 4566
93 4381
214 4352
514 4161
879 4076
558 4070
243 4092
704 3267
412 4041
874 4121
3203 4318
520 4384
621 4397
818 3979
3952 4336
632 4291
631 4287
397 4255
861 3991
1 4415
843 3966
468 4343
677 4196
680 4522
808 4325
500 3635
682 4194
757 4504
523 3987
255 4307
160 4064
491 4057
1039 1319
894 1116
907 4087
262 3907
341 4496
496 2434
3692 4555
702 4445
18 4225
109 4149
580 4465
3018 3270
1617 3278
3582 4468
2215 2485
858 4438
1593 3739
837 4184
498 4365
580 4366
559 4378
434 3897
730 4537
711 4071
224 962
305 4055
785 4331
825 4158
825 1869
124 3987
221 2014
159 4337
177 4343
1482 4466
2588 4567
423 4028
833 4570
155 4124
2831 3743
654 3915
383 4491
763 4020
587 747
632 3543
212 4333
1580 3243
165 4185
619 4538
160 3977
3385 4338
759 2781
701 4054
9 4341
205 4549
817 4422
81 4010
651 4224
232 4323
817 3922
327 4339
737 4171
9 4307
474 560
95 4439
656 4125
1661 3068
744 4250
616 4416
412 4304
313 4453
1871 3737
101 3929
3347 3577
1306 2539
419 2662
542 4133
870 4005
740 4064
673 4438
840 4278
522 1397
114 4467
2391 4458
354 4048
882 4375
397 1677
57 3952
892 4291
609 4030
636 3893
370 4059
772 3886
3231 4450
735 3933
311 922
374 4466
3791 4014
608 4325
1849 1984
608 4042
424 3933
184 1690
366 4272
1636 3610
878 4273
645 4182
805 4152
2516 3348
200 4509
315 4170
264 4181
789 4369
218 2859
37 2952
311 4188
3039 3317
708 3223
2444 2531
297 4281
129 3915
549 4549
520 4332
733 4083
175 4496
623 4301
975 1154
478 4039
1416 3966
1126 3349
681 3969
551 4236
126 4142
1230 3706
131 4332
855 4450
114 4480
325 4099
184 4502
646 4332
331 3913
269 4105
388 4222
461 4549
568 4496
863 4504
213 3905
669 4498
65 1220
873 2089
304 4563
2167 2396
555 4468
464 4063
2904 3257
3112 4225
867 4177
2550 3510
718 1277
630 4487
259 4331
376 4277
17 4428
690 3919
266 4446
847 4423
580 4447
709 4538
877 4246
902 4209
511 4368
717 4134
2119 3696
56 4002
949 4511
305 4304
203 4512
3692 3753
872 4178
171 4078
558 3895
608 4400
204 4060
139 4485
628 3992
117 3997
873 3993
60 1727
465 4481
376 4490
119 4528
109 4542
882 4354
813 4157
1066 1938
164 4322
674 4211
2390 3828
192 3486
370 4079
697 2302
1626 2444
117 4522
453 4103
3162 3257
238 4099
327 3050
725 4355
17 4554
224 4555
595 1305
456 4210
331 4010
460 4218
1870 2900
776 3944
599 4029
207 4295
811 4207
457 4076
260 3939
622 4369
215 1180
2632 3558
105 3887
2169 3455
879 4425
744 3991
382 3909
1592 3307
3787 3929
661 4032
401 4155
868 4108
442 4260
233 2171
224 4492
629 4319
534 4442
466 4227
2778 3271
1882 2102
144 4235
674 2471
236 3902
670 3964
110 4193
619 4120
424 2244
592 3903
253 4237
110 3969
82 927
86 4566
652 4310
6 4570
3533 4333
410 4284
491 4179
466 3042
211 4497
571 4324
828 4035
129 4087
781 3991
818 4355
173 3967
281 4274
493 4329
747 4201
370 4244
508 4064
1123 3969
34 3038
429 2783
693 4198
710 4262
812 4492
193 4564
103 4450
556 4311
543 3974
3683 4179
1494 3708
1820 3476
863 1200
16 3886
666 4114
330 3918
2663 3860
64 4122
744 4338
148 4136
1232 1910
799 4473
201 3981
811 1892
733 4464
471 4374
228 3987
535 4269
1927 4371
787 4198
356 4093
452 4378
480 4291
193 4264
150 4316
122 4080
765 3893
1471 2159
9 4343
765 3952
815 4153
352 4484
2100 4323
674 4243
720 1234
2304 4495
562 4340
2806 3525
403 4443
559 4281
826 4541
564 4523
116 911
721 4505
830 4471
519 4365
379 4058
485 3941
767 4245
195 2767
569 4115
589 1817
446 4262
619 4451
745 4037
421 4554
776 4082
383 4138
751 3914
82 2001
736 3985
266 2965
31 4485
168 3740
731 4545
209 4122
651 4430
634 3991
749 4553
3721 4502
304 2015
280 4201
595 4110
780 4257
433 1524
418 4468
281 4499
527 4205
247 4161
339 4218
901 3926
241 3954
443 584
145 4417
125 4064
476 4146
183 4487
25 3912
103 4316
2554 2612
435 1187
1892 3467
696 4499
450 4410
545 4166
306 4441
600 4339
629 4215
214 2267
565 1893
560 4174
875 4474
2499 3645
861 4312
182 4389
140 4418
700 3543
192 4172
36 4069
573 4142
165 4161
346 4110
2423 3606
1775 3584
112 4118
829 4476
606 3968
752 2813
1040 1529
2009 4087
984 2681
14 4286
449 4256
238 4330
268 4521
656 3914
160 3948
182 4121
682 4345
836 2812
2576 3351
651 4509
375 4443
11 4490
384 4518
1265 4545
383 4237
1195 1543
105 4037
1092 3121
669 4201
782 4498
872 3947
734 3109
385 4447
123 4288
2686 3955
170 4347
1735 3286
361 2273
1022 1371
785 4255
103 4116
9 4520
79 4207
667 4023
561 4352
490 1194
628 1876
591 4083
1099 2293
513 4269
273 4250
769 3943
85 168
27 4275
2488 2553
2025 3308
31 4084
178 3960
188 4039
790 4128
232 4139
3739 4380
705 4164
471 4320
338 4187
703 3957
2052 3670
88 4553
79 1296
236 2620
1133 1886
2916 3703
444 4122
1532 4449
440 4142
1516 2555
85 3912
585 3953
806 4317
761 2740
218 4563
1154 3041
466 3897
642 3918
554 4489
693 3897
3208 4421
122 3893
732 1876
88 4054
115 4340
602 4405
829 2836
1073 1612
881 4282
196 4479
328 3897
507 3496
753 3910
698 4423
335 4480
2077 2399
2448 2728
157 3944
1614 3464
547 4475
1698 2537
675 4520
693 4511
10 4190
127 4544
439 4406
864 4364
804 4395
2231 3041
731 4181
338 4298
721 4448
2048 3310
1770 1943
2133 2320
2694 3656
1991 2488
305 3660
1247 2719
189 4514
690 4148
20 3908
514 4366
382 4084
1224 3095
137 4545
4215 4406
2475 2844
1854 3947
375 4053
825 4229
213 4134
1 4249
266 3566
344 1627
700 4534
747 4517
143 4512
864 4119
1812 3567
843 4440
114 4451
1049 3976
2954 3598
172 4258
52 4517
342 4344
144 4104
341 4557
191 3889
1537 3530
251 3983
447 4192
1160 4000
69 4161
974 2930
38 4133
690 1937
20 3947
490 4359
302 4074
681 4429
547 4203
418 3994
41 4079
341 3940
892 3890
268 4295
709 3938
845 4381
488 4326
43 2668
778 1284
275 4308
257 3607
528 4071
815 4435
4163 4405
2195 3378
418 4535
1495 4365
440 2887
141 4446
423 4495
245 4553
336 4025
655 4364
205 4359
723 4404
11 4383
106 3955
879 4301
100 4217
694 4388
457 4293
32 4070
481 4183
670 4085
651 3194
481 4383
889 4165
437 4559
255 4407
144 4459
1890 4558
2411 4153
911 4304
1604 3571
67 4305
80 4510
814 3903
1692 2038
2059 3789
257 4277
179 4385
966 2486
326 3459
664 4499
795 4346
2503 3991
242 4378
534 4399
856 4382
238 4109
129 4238
71 4235
394 4287
744 4078
152 4397
563 4372
1729 4529
637 4391
794 3998
454 4206
836 4197
45 4244
352 3987
1470 3177
475 3902
122 3925
434 4442
320 4129
375 4048
525 4089
385 4289
702 4408
54 4323
351 4078
428 4502
2612 3622
600 3923
760 4052
743 3887
322 4207
498 4083
1277 1560
172 4109
591 4532
17 4450
158 4373
138 4206
63 3446
294 3901
698 4107
689 4207
262 4033
643 4185
806 4070
551 4115
68 4104
553 3407
423 4060
866 4491
801 3425
304 4138
507 4181
528 2230
1228 3040
751 4195
269 4028
486 4018
788 4390
542 3967
906 4007
748 4474
558 3476
2494 4485
104 4370
577 4531
609 4059
503 4171
520 4117
739 4258
801 4393
588 4180
580 4566
700 4046
529 4009
1273 1746
348 4290
706 4541
154 4163
774 4178
478 4510
112 4534
818 3648
253 4366
861 4371
837 4046
914 4176
382 2980
3313 4378
635 4071
289 4047
3262 3413
240 4280
890 4116
677 3923
145 4267
591 4114
718 4458
865 1802
475 2031
901 3970
512 4428
233 4511
458 4520
795 4026
4146 4264
343 4123
1491 1513
739 4187
350 4011
270 611
187 3908
253 3950
550 4202
418 4273
853 3967
14 4008
652 4132
574 4261
2380 3573
1034 3871
946 3136
634 4071
427 3984
909 4462
849 4040
429 4484
827 4458
769 3972
684 4516
1521 3154
215 4280
2772 4329
71 4121
3596 3891
2922 3704
185 4100
912 3324
433 4018
44 4356
346 4416
595 3996
1751 3724
1520 1890
84 2084
70 4386
331 4052
50 4322
433 3887
236 4206
1879 2414
253 2469
508 1462
117 4520
613 4058
910 4027
723 4119
781 4315
255 4108
796 3825
734 3931
116 4324
360 778
647 4489
474 4298
626 4336
503 3896
573 4116
730 4383
949 3898
364 4419
275 3983
499 4299
469 4044
2804 3240
775 4516
176 3695
178 1641
1003 2992
477 4365
769 4021
103 1631
1383 2673
842 4240
862 4014
53 1107
68 3900
208 3946
91 4538
713 4572
541 3972
1569 4090
196 3993
888 1115
2602 3456
276 1294
774 4055
399 4091
2296 3925
763 4098
490 4165
591 4141
1366 4149
898 4369
581 4116
1226 3720
50 4268
224 4444
2203 2499
1639 3797
42 1228
2135 2908
938 1926
156 4299
448 4353
750 3893
2149 4533
361 4093
499 1020
669 4099
278 4244
406 3944
745 4257
803 4297
887 4329
893 4203
69 4427
404 1872
747 4147
683 4216
607 4005
339 4467
218 4062
12 3965
3054 3694
356 4532
697 4408
813 4163
165 4344
805 3963
135 4367
866 2360
59 4419
229 3842
480 1729
1674 2458
359 3990
658 4131
1827 4565
362 4258
1135 2571
1097 2451
338 4462
88 1238
751 3951
599 4127
1916 2333
298 4408
570 3923
788 4473
347 4272
890 4027
857 3127
2012 3788
87 854
2052 2934
3841 3894
234 4466
1984 3823
903 4360
2523 4060
740 4112
168 4560
716 4082
86 4113
343 4389
786 4489
2164 3566
2180 2871
838 4285
386 4068
613 4082
2330 2441
845 4432
446 4179
1646 4357
114 4517
1177 3682
165 2997
567 2518
212 4277
3214 4187
905 1851
1311 3881
232 4026
2906 3937
715 4126
902 4167
607 3934
225 4529
62 4509
215 4548
825 4245
4191 4255
340 4372
331 4374
907 3990
171 4406
680 3925
377 4259
305 4389
879 4518
75 1373
367 4431
2515 2946
725 4036
116 1251
351 4242
574 4396
615 4197
2961 4476
658 3952
1440 3193
211 3487
19 4012
2445 2508
281 3910
335 3985
1412 1911
914 4329
367 4333
487 4361
58 1251
808 4137
1617 3240
769 4117
24 3909
1297 4007
1238 4237
211 2779
562 4147
634 4193
2449 3106
3 4531
1822 3043
264 1286
466 4471
315 4461
2189 4405
631 4034
2423 2718
749 4469
1231 3829
2769 3282
116 4198
2457 3038
258 4351
411 2564
145 4567
355 4450
250 4023
615 3985
572 4021
785 4171
677 1192
654 4029
389 4308
596 4322
589 4288
166 4546
227 4221
905 4065
165 4135
52 3028
499 4447
2515 2609
851 4278
604 4436
747 4187
430 4391
121 3095
263 3911
709 4035
542 4481
190 4031
850 4267
40 3927
188 3967
88 4273
326 4484
2184 3289
728 3891
373 4239
1379 2210
840 4019
198 4503
726 3892
831 4301
551 4380
832 3896
809 869
181 3895
728 4369
1302 3316
133 4492
555 4354
430 4199
795 4522
257 4269
700 4375
1527 4396
29 4144
495 4555
3229 4128
527 4077
699 4566
1358 4377
387 4052
437 4527
36 4507
118 4404
496 4125
1645 2405
2754 3057
446 4312
193 4077
125 1637
120 4382
266 4196
200 4430
132 4472
836 3940
482 2244
36 4233
387 3903
785 4215
106 4000
206 4478
749 4189
320 3986
700 3775
531 2943
649 4473
1466 2120
794 4120
2507 2801
1538 3814
650 4024
935 3371
580 4338
144 4413
365 4294
2383 3228
389 4295
383 4003
345 4255
2327 3421
2355 3602
224 3963
458 3959
571 4178
456 4472
1813 3799
125 4216
648 4233
1559 3967
3180 3455
555 4079
520 4369
1143 1592
3201 4198
3283 3762
376 4243
364 4136
733 4086
944 3448
487 4206
67 4308
1 4481
10 4048
1667 3147
396 4407
378 4157
882 4291
85 4246
389 3935
1423 2291
616 2994
331 4367
707 4119
384 4395
2829 4332
404 4439
75 4240
481 1978
639 4392
415 3936
31 4559
443 4380
760 3978
216 3448
747 4301
796 4022
397 4091
101 4525
40 3904
4551 4554
169 3412
3441 4283
586 4126
2330 2967
291 4179
1189 1914
1175 4329
334 4072
2955 4433
382 4271
3138 3923
307 4104
656 4202
1488 1692
536 3890
276 4504
398 4538
398 4539
366 4370
786 4232
1350 3177
632 3912
268 4473
56 2512
508 4252
558 4480
420 4016
882 4555
368 3970
503 4442
180 4309
208 2269
502 4164
841 4524
863 4042
849 3895
875 4360
335 4525
374 4494
661 4031
422 4359
456 4520
889 3908
321 2234
978 2547
289 4040
88 4448
56 4280
3879 3940
472 4031
1094 3704
602 3166
374 3948
2716 3038
496 504
909 4451
3117 3908
344 3925
1724 2743
855 3969
890 4273
719 4498
614 3898
335 1413
94 4444
94 4303
363 3896
521 3915
372 4528
481 4406
560 3978
904 4280
3250 3392
721 3939
744 4039
386 4323
126 4060
29 4073
543 4315
295 4477
864 4353
749 4066
1119 2597
797 3980
719 4476
2416 4271
292 4359
188 4086
364 2858
298 4359
1561 2126
1241 4383
348 4188
510 4557
609 4189
767 2468
270 4519
314 4087
1622 1850
581 4446
69 3999
334 3928
2566 3568
274 4247
710 1673
780 4197
213 4320
632 3955
820 4211
357 4569
373 4224
540 3160
753 4115
788 4343
316 3969
637 4431
97 4199
1044 4153
363 4135
254 4024
2927 3423
914 4224
1038 2098
440 3945
859 4144
95 3895
85 4298
359 2887
392 3933
667 4248
22 3007
27 4570
740 4078
166 2453
669 4334
404 4085
656 3928
785 4259
135 4372
817 4129
1510 3742
413 1676
316 1430
21 313
114 4432
3568 4068
329 4284
866 4329
371 4499
556 4359
61 4023
80 4461
422 3984
63 4466
2571 2738
374 4397
764 1516
538 4389
201 4050
758 1523
73 4345
893 3528
345 4548
533 4141
352 4182
101 4271
792 3920
1803 2462
793 4066
3088 4282
274 4475
263 4310
375 811
209 4106
1805 3494
5 4448
1208 1944
213 4491
1719 4130
601 4171
1674 1806
197 706
737 4002
1257 2441
702 4379
325 4491
264 3992
671 4338
513 4306
649 4074
120 4463
35 2662
723 4301
467 3940
217 4492
1566 3620
537 4047
194 4060
918 3596
722 3889
289 4517
782 4206
60 4492
194 2287
387 4199
4199 4545
137 1481
853 4267
3104 3446
784 4566
304 4133
3 4385
317 4537
801 4506
952 2201
3437 3927
839 4105
899 4531
467 3365
723 3924
395 4453
1253 3755
834 4514
313 4379
444 4203
562 4493
1578 3054
775 4031
914 4148
2416 2767
39 4352
1588 2117
70 4090
725 3917
3362 4046
697 3974
238 4146
565 4282
867 2475
318 4482
423 4418
1991 3371
354 4141
220 4201
893 4171
2960 3903
653 4571
3126 3428
309 4034
851 3600
381 4379
209 3997
3053 4396
645 4523
1955 2179
27 4145
2510 3489
844 4124
368 4513
659 2446
621 2062
2232 3960
371 4120
443 3949
90 3352
517 4168
438 4205
837 4045
2628 4118
669 4307
228 4503
880 4569
794 4452
642 4068
765 1983
425 4341
763 3695
1096 1787
344 4061
161 4162
457 2975
580 4226
161 4012
251 4160
629 4165
199 3300
206 4328
1436 4542
848 3849
419 4545
107 4212
200 1238
1768 2690
312 4199
204 3973
139 4020
2741 3621
718 4396
660 1096
657 4286
106 4335
836 3872
2317 4035
634 4219
108 4024
804 3939
15 3923
63 3392
339 4392
873 4514
1 4020
738 4352
40 4414
188 3984
2156 3355
43 4187
72 4499
2214 4308
2028 2666
470 4365
661 4231
611 4060
114 4435
531 4286
459 4093
307 1174
1943 2200
1804 3054
2371 3633
322 4158
3106 3366
243 4353
457 4066
74 4190
1024 3507
326 4229
653 4307
62 4487
717 3266
862 4346
332 3946
724 4377
704 4094
887 4399
738 4408
194 4033
843 4422
400 3898
776 4036
693 4125
594 4131
186 4420
459 3931
492 4487
250 4162
469 4305
1760 3644
1294 1515
1300 2225
1724 3635
221 4407
2434 2791
1595 2230
87 4029
2953 4272
595 4366
232 2362
128 4072
369 4211
3353 3435
62 3993
2526 3746
572 4080
265 4304
239 3939
2495 2805
746 4252
411 4408
456 4202
634 4142
31 4390
209 4438
88 4247
648 4463
897 4534
12 4226
590 4187
529 4571
576 3995
1560 2130
180 3886
4341 4359
742 4468
41 4527
1628 2801
235 4522
218 4413
13 3288
119 3990
234 4110
463 4353
569 4511
462 4279
314 4398
800 4071
561 4284
21 3944
725 4426
124 4116
211 4184
836 4248
2615 3112
253 4287
909 4345
210 4185
694 4003
922 2514
843 4434
27 4493
884 1498
475 3424
559 4344
731 4169
142 4247
776 4189
343 3943
1897 4449
1937 2366
138 4144
511 4252
1167 4052
174 4255
759 4224
147 3931
3896 4182
619 4438
896 4538
867 4299
175 3948
347 4511
1307 1719
1109 3805
440 4085
56 720
78 4360
199 4301
154 4012
389 4272
1451 3422
21 4049
722 3991
677 1617
13 3912
4113 4146
547 4321
3487 3957
561 4215
3041 3385
731 4044
3330 4332
364 4074
458 4385
1031 3736
2572 3317
276 4476
1634 3939
3396 4377
90 4142
115 3978
894 4013
138 172
310 3981
689 4350
435 4114
892 4258
218 3957
386 4167
3685 4337
334 3894
821 4340
1199 2970
492 4439
125 4277
3564 4030
457 4211
278 4101
173 1883
870 4227
426 4308
842 4454
187 4357
159 4004
564 4530
3087 3202
861 2256
595 4074
763 4495
797 4516
542 1162
372 604
3270 3373
819 4269
728 3948
7 2916
417 4522
296 3917
158 3984
735 4239
917 2624
334 3896
2107 2703
7 4042
551 3947
645 4374
593 4065
1763 4054
53 4446
670 4358
119 4114
425 3927
2903 3797
690 3961
85 3948
2599 3186
799 4428
331 4210
588 2171
937 3368
823 3917
265 4019
300 795
216 3993
89 3957
846 3888
684 4545
106 4074
10 4287
33 4110
3714 3785
3559 4409
1892 3961
108 4203
2293 3724
737 4482
2728 4048
1900 2160
108 4033
620 3572
803 2832
512 4348
408 4084
592 4186
245 1223
887 3891
87 4517
411 3930
100 3896
533 4509
590 4100
528 4237
684 3039
342 4571
2948 3284
104 4342
691 4005
543 4027
166 4376
748 4196
726 4562
865 4105
713 4078
208 4227
28 4517
747 4300
1468 2676
95 4512
416 3892
1993 4533
905 4316
155 4430
642 4342
595 2496
773 3951
3353 3974
1650 2655
177 3067
1537 3669
2614 4143
2479 3695
557 1732
895 4172
563 3958
74 4061
472 4147
333 4137
316 4495
652 3981
844 4482
379 1820
2096 3133
2260 4022
369 4199
104 4291
730 4411
655 4282
525 1417
661 4431
3600 3669
3699 4419
791 4168
593 4440
643 4276
163 4096
805 2199
83 4403
27 3955
2481 3646
349 4080
835 4230
1397 4510
805 4521
700 4409
685 4354
277 4310
1397 1622
145 4248
506 4338
421 4152
893 2555
658 4044
443 4026
552 3965
744 3932
345 4254
12 795
3478 3836
781 4302
536 3886
27 4470
1096 2843
18 4392
2120 4321
930 2060
125 3923
12 4153
13 4091
629 3950
1595 4531
522 3896
413 3903
442 4342
897 3906
372 1846
70 4462
730 4287
2620 2642
807 4365
1078 3184
669 4255
563 4367
854 1219
450 4095
368 4118
25 4469
699 4117
50 3994
2501 3452
110 4021
382 4038
751 3947
268 4447
679 4170
191 4056
175 3902
1127 4240
823 2848
807 3982
1614 4388
327 4009
19 3907
515 3979
663 4419
184 4449
574 4434
358 1489
479 887
359 4362
1027 4173
512 4278
3527 4422
294 4238
353 4385
1446 2330
666 3999
140 4311
590 4256
582 3918
455 4190
890 4068
595 4539
81 4226
893 3919
346 4377
464 3958
2149 2927
3029 3732
2931 3143
950 3276
194 4470
157 4445
710 4351
335 4013
502 4227
656 4301
110 4468
679 4120
290 4350
922 3852
440 1008
486 4525
87 4167
1014 2948
631 4470
1401 4526
131 4417
637 4046
192 4431
709 3965
366 4523
807 3760
364 4335
3946 4286
642 3892
767 4538
427 4415
595 4339
287 4341
426 4501
301 4454
164 4486
346 4235
116 4091
434 3896
233 727
613 4365
558 3902
738 4469
74 4526
691 4559
891 4285
675 3898
694 3798
713 4318
429 3956
596 4376
252 4388
17 4122
814 4116
726 4018
644 4225
3790 4189
2081 3560
850 3953
911 4350
3317 4168
58 3905
294 4082
817 4350
28 4057
889 1148
154 4430
34 4051
556 4181
577 4548
68 4507
1006 1877
162 4465
401 4063
220 1587
967 2434
235 3931
358 4225
456 4251
624 3988
24 4432
213 4162
535 4143
259 4199
369 4016
350 4150
753 3993
836 4444
235 4240
2016 2435
2765 4074
859 3980
214 4351
4346 4364
1702 3016
391 3916
202 4211
150 4437
3828 3891
1580 3414
1234 1603
401 4533
69 3981
232 3955
127 4238
1611 2823
411 4119
106 4498
221 4138
334 4076
630 3965
663 4364
64 3920
3589 3688
2653 4251
674 4507
150 4539
114 3533
158 4318
77 4138
678 2449
581 4226
378 4424
791 4460
1132 4128
435 4177
4010 4304
815 4163
307 4005
885 3907
1082 1658
422 4147
342 4383
812 4277
677 4053
419 4494
906 4158
887 3990
911 4001
714 4231
26 4285
1269 1873
803 4126
295 4262
365 4380
238 4001
487 4235
397 4453
174 4414
528 4461
765 4254
1857 3791
2906 3249
695 4411
548 1943
842 4080
272 4177
585 4129
545 4261
819 4509
1158 3493
1469 1991
35 4183
75 4136
827 2891
3052 3339
417 4554
252 1948
442 4487
984 1027
455 4405
241 4267
555 3925
622 4021
678 4461
500 3959
229 4368
315 3972
726 4195
680 3150
383 4489
206 4031
400 3955
649 4508
813 4451
1515 2943
181 3995
143 1147
3526 3659
539 4505
1418 4475
324 3973
54 4455
332 4298
221 4322
865 4059
1106 4238
868 4460
705 2796
768 4425
610 4132
785 4037
673 4089
512 3915
2477 4238
3009 4203
60 4318
357 3361
688 4454
1944 2477
774 4246
1070 2331
92 4327
352 2033
139 1948
3777 4300
1954 1965
445 2965
806 1153
339 4525
158 3893
347 4307
46 4180
559 2346
784 4028
744 4478
108 4333
138 4207
1559 3262
3073 3427
1719 3890
450 4173
686 4116
901 4509
649 4271
611 2744
779 4399
2082 4483
462 4414
515 4222
961 4209
20 4306
692 4129
727 4333
966 4406
3192 3911
482 4487
3358 3568
1456 2464
890 3927
125 3951
54 4212
543 4313
662 4214
450 4355
2931 3567
153 3955
834 911
201 4265
85 4566
17 4028
894 4217
826 4131
160 3898
465 4513
990 2426
151 4153
507 4485
554 4123
486 4314
779 3910
851 4248
21 3921
46 4072
382 740
837 3886
3980 4044
1999 2124
858 4319
386 4175
150 4134
458 4167
322 4530
101 4059
524 4335
640 4040
2181 3334
358 4393
1774 4553
579 4515
712 4108
1105 2653
894 4335
809 3754
562 910
711 3989
2280 4395
274 4058
789 4107
1152 2053
1064 2210
23 4552
2150 2856
844 3977
67 4537
522 4258
648 3900
918 2497
567 4336
1903 4295
336 4004
1376 3999
190 4475
23 4382
491 4535
862 4153
327 4096
389 3999
27 3978
3161 4090
890 4164
2989 4042
464 4369
1773 3411
2337 3133
788 4473
1966 4393
408 4298
2356 3523
776 4407
136 4192
553 4225
3815 4494
169 4030
3387 3415
163 4459
358 4388
416 1880
474 4463
596 4365
190 4263
800 4171
714 3907
1579 2440
27 4344
58 1056
3509 4525
268 4020
2 3955
138 4202
319 4484
2820 3964
788 3961
353 4334
523 4552
190 4483
815 4260
346 4313
238 4339
218 4080
381 4080
1283 4325
371 3384
687 4204
622 4453
715 3955
834 1542
466 4367
109 2969
333 4152
802 4079
794 4143
809 4366
380 4493
820 3938
443 4374
2336 3993
661 4235
420 4555
338 476
821 4406
24 4307
411 4182
203 1151
171 4103
1081 2401
188 4290
340 4178
396 4362
329 4486
144 4379
1176 4284
390 4464
905 2189
271 3957
743 3989
671 4431
397 4083
774 4283
378 4421
306 4316
234 4270
713 831
228 4054
232 4167
2213 2570
721 4431
264 3891
842 4226
245 677
580 4214
732 4046
827 4394
1222 2469
505 3897
167 3983
1548 1739
375 4434
1813 3307
3127 3806
397 4555
229 3981
384 3926
630 3926
24 3907
1071 2119
66 4482
1781 3801
781 1165
80 4030
2586 4445
718 4309
1167 4081
359 4471
3593 4459
2131 3325
612 4063
193 4247
3486 4122
774 4548
683 4019
337 4011
723 4078
1667 2146
374 4128
24 4001
424 4542
873 4259
407 4053
910 4385
47 4114
3074 4374
1047 3027
779 4487
535 4016
355 4296
39 4030
958 3327
170 3754
328 4526
190 3988
272 4120
2923 3531
191 4298
1595 4298
360 3914
2686 3979
519 4373
364 4128
103 4350
268 4167
91 4265
441 1876
703 3937
463 4398
373 4100
377 4345
293 4572
292 4195
485 3887
1572 3131
1288 1892
388 4560
11 4158
868 4258
2403 2441
609 3427
421 3978
593 4495
2231 3318
462 3914
726 4242
594 4345
555 4467
2544 4145
624 4291
680 4336
262 4158
1153 4398
337 4571
3539 3578
228 3954
1065 4405
739 4214
674 4032
694 4263
585 3912
106 4093
2537 3205
871 4305
200 3913
106 4534
58 4397
873 4305
106 4400
362 4553
441 4502
674 4236
730 3916
61 4559
2066 2685
648 3984
12 4250
387 4404
484 4410
1 4306
554 3986
1190 2243
220 4200
688 4503
762 4246
384 4191
1381 1822
421 4505
1590 2452
437 4517
68 3970
1217 2012
539 1029
1456 3789
16 4120
1291 1420
800 4072
225 4042
636 4086
37 4182
633 4252
586 4532
426 3928
847 3952
368 4487
808 2156
1317 3099
688 4106
764 4035
1074 2147
1276 1654
846 3938
438 4315
2732 3770
33 4108
189 4334
725 4419
2060 3410
194 3171
429 1289
484 3923
393 472
141 4059
416 4222
822 4299
320 3969
664 4042
518 4262
786 4029
691 4374
46 3191
259 4556
126 2881
1548 1560
424 4481
151 4392
1786 3217
203 4195
19 4406
355 4272
562 4134
2875 2925
1490 2224
163 4411
1284 3353
3279 4181
296 4354
6 4163
3079 3215
166 4356
3366 3678
27 4474
2876 4249
4 3185
455 2791
285 4101
2733 4400
624 4177
1422 4122
469 4484
584 3989
1917 3705
2278 2555
3350 4114
420 4345
1272 3436
19 3900
697 4556
635 4043
135 4294
2456 4327
881 4547
441 3944
319 4450
2399 2881
404 4104
369 4399
134 3967
3338 3451
200 4415
401 4376
160 4421
160 4449
251 4386
203 4440
828 4302
1151 1334
151 4193
800 4344
13 4426
470 645
1652 2918
846 4093
730 3900
228 2561
119 4001
1118 3043
148 2247
894 3894
1123 3516
57 4328
775 4104
668 4451
279 4393
853 4353
112 4247
694 4029
196 4445
560 4356
740 4443
905 4181
465 1094
464 4204
337 4349
530 3930
900 4210
907 4171
811 4379
583 4159
3206 3520
532 3897
124 4511
2050 2584
295 4005
61 4524
455 4169
2207 2806
186 4463
371 4450
530 1164
1823 3941
686 4127
176 4543
76 3959
886 4128
811 1280
114 4193
648 4473
3310 4178
48 4533
470 4419
816 4403
536 1169
902 4108
892 4373
3393 3449
1972 3535
168 4068
2264 4297
461 4128
3125 3783
791 4064
676 4472
667 4343
176 4552
3493 4212
288 4498
469 4425
27 4559
241 1202
244 4087
780 4475
131 3910
84 4106
379 4439
716 3991
155 4168
7 4430
339 4195
3362 3848
837 3938
871 4066
316 4173
1957 2081
1784 4050
855 4560
744 3988
37 4181
342 3913
180 4105
2450 3258
895 4330
722 880
140 4500
2620 2908
2456 3677
292 4474
547 4479
496 4189
76 4362
146 4152
208 4465
579 4476
728 4406
24 4075
214 4486
3555 4175
1712 1945
3029 3178
110 4322
106 4551
794 3962
624 4261
616 706
395 4206
2994 3993
696 3990
681 3906
240 4445
827 4348
596 4326
667 4517
4189 4189
841 4331
3384 3624
510 4491
250 3948
1074 4211
219 4035
869 4557
522 4541
545 3896
598 1077
224 4557
194 4418
373 3904
577 4245
451 4327
268 4308
2424 3638
80 4349
3745 4143
2512 4003
570 3398
693 4410
2232 2446
544 4308
333 4193
893 4412
738 4456
1486 4102
1284 3917
907 4375
733 4383
413 4493
853 4363
33 4489
907 2683
794 3974
328 4206
605 2121
763 4007
2100 4451
885 4398
766 4561
308 3916
438 4427
313 4183
3348 3703
377 3949
588 3964
671 4041
2358 3545
264 4055
454 4216
864 4048
95 3939
777 4301
531 4161
3159 4012
80 4114
824 3898
807 3959
726 3391
3367 3546
67 4316
86 4344
716 4002
233 4310
1410 2772
103 4051
111 4107
139 4255
508 4179
1094 4429
788 4067
935 4412
1636 2642
702 4242
276 4243
1218 1631
773 4324
119 4570
777 4051
77 4315
662 4510
244 4113
799 3968
2607 3783
516 4011
1168 2414
878 1414
151 4480
267 4220
213 3982
297 4205
337 4545
679 4112
873 4034
92 4171
1745 4499
504 4257
158 4490
211 4056
189 4061
376 4172
412 4495
400 442
688 4331
831 1830
520 4570
786 4377
229 4092
752 3997
2512 4025
222 4497
720 3992
212 4498
725 4008
1365 4080
298 4540
67 4529
2146 3894
124 4086
839 3825
768 4277
87 4121
755 4259
2544 3880
416 4227
1031 1765
104 4557
167 4134
178 4532
164 4085
427 4033
519 3949
89 4377
620 4406
87 2700
107 4033
34 4531
694 3031
87 4556
2508 3325
635 4221
335 4125
608 4076
138 4495
677 4368
258 4172
427 3899
237 4254
672 4146
228 4179
482 3891
890 4174
362 4485
500 4516
448 4201
43 4050
109 4543
257 4424
103 4161
487 3973
572 4454
424 3920
548 4479
675 4070
106 4451
811 4289
436 4308
59 4183
609 4452
2377 2520
354 3919
2 4569
280 4296
669 4029
143 3980
317 625
869 4369
885 4557
1735 2182
2729 4517
390 4367
148 4137
670 4006
105 4136
826 3452
623 4563
533 3956
113 4214
39 4354
268 4108
1037 1779
3337 4416
32 4037
884 3917
228 4098
106 4552
2469 4027
398 4348
83 3891
828 4227
300 3914
126 1354
1140 2404
199 4242
710 4017
325 4228
811 3945
1207 2359
334 4319
631 4313
191 4103
2006 2075
740 4222
1453 3020
422 3948
568 3939
2127 2320
1524 4105
550 4034
887 4046
2224 3181
553 4459
2365 3985
792 1882
110 4540
47 4132
799 3937
2339 3561
143 4183
945 3357
1663 2829
144 1037
334 4389
596 4055
1543 2312
560 4144
210 4569
1099 2375
2220 4498
46 4033
3163 4231
342 4081
2078 2702
402 4520
295 1396
452 3930
886 4246
712 4419
180 1786
125 4179
2063 4130
314 4197
3225 4192
280 4069
279 4134
987 2252
521 4009
69 4057
520 4483
492 4115
251 4283
1484 3721
677 3995
362 4432
783 4521
508 4564
510 4467
828 3974
467 1209
118 4369
496 4497
822 4105
571 4471
105 717
254 4435
476 4429
3567 3831
1265 2062
571 4119
585 4305
209 421
165 3918
690 4395
658 4446
971 4431
652 3966
251 4010
875 4374
3218 4038
230 4368
702 3985
770 4114
386 4359
790 4519
1775 2473
2679 3552
874 4030
197 4203
859 4438
266 4405
56 4203
894 3986
728 4301
507 4230
698 2216
501 4297
475 4283
71 4518
125 3984
2838 3615
3653 4080
829 4423
756 3893
822 1185
796 4266
1185 3673
522 4396
2809 3923
527 4083
575 4294
1337 1628
201 2821
178 3903
438 4315
827 3953
58 4193
702 4151
858 4263
935 3763
396 4326
240 4121
2807 3064
526 4478
118 4163
724 4389
201 4355
670 4505
477 2581
412 4078
256 4504
512 4277
779 4557
500 4279
483 4558
341 4212
442 4313
188 3900
634 4272
160 4043
123 4403
216 1993
2355 4301
877 4339
150 3907
1656 3503
526 4278
189 4405
662 4116
522 3977
415 4418
206 4355
2115 3373
128 3919
131 4487
561 3982
80 4542
268 4184
600 3942
94 4420
121 3947
254 910
45 4528
290 4109
601 4223
531 4244
421 4034
679 4199
349 4540
259 2243
465 4491
861 4339
291 4441
529 4135
2090 2432
87 1901
1209 4403
716 3464
630 4488
388 4332
822 4447
690 4148
693 4210
424 3953
717 3928
909 4261
262 4279
146 4085
863 1791
43 4412
354 4457
119 4103
664 3993
740 3895
395 4180
738 4327
321 4274
455 4424
175 4379
491 3939
3007 4119
842 4481
394 4439
270 4567
602 4356
105 1055
3582 3823
1874 4008
412 4497
394 4524
3 4435
1938 3615
1839 4004
147 4083
894 4030
818 4055
1470 3974
165 4323
651 4338
503 4265
887 4323
635 4028
809 4301
2599 4003
1 4339
283 4276
1025 2394
529 4361
1658 1952
2299 2645
271 1252
3278 3401
465 4515
830 2798
1321 2491
178 4184
34 4536
649 4109
840 3982
727 4057
765 4038
829 3958
360 4113
741 4361
382 3984
233 4167
241 4240
597 1809
1 3955
644 4519
387 3995
2439 3894
1382 1455
899 2487
38 4470
212 4282
46 1118
461 4209
305 3949
525 4007
695 4385
4156 4447
815 4182
400 3061
245 4174
1200 2204
3359 4570
153 4382
91 4152
623 3921
3097 3369
851 4348
1537 2695
2765 2903
900 3909
881 3911
112 2342
607 3958
2816 3007
899 4199
702 4156
396 4185
612 4554
415 4340
341 4342
2959 4408
1370 1406
710 4158
473 3738
761 4211
57 4558
737 4477
322 4228
732 4104
57 4045
213 4066
1188 2738
417 4278
455 1927
2775 4108
847 3929
1933 2356
596 3969
741 1382
404 4358
1022 2333
824 2536
101 4057
1829 3015
458 4151
802 4259
4061 4145
144 4397
605 3908
603 3965
765 4255
598 4508
439 4276
963 3351
2268 2822
718 4318
725 3508
822 4554
395 4538
406 4337
135 4172
447 3892
119 4418
729 4521
361 3189
19 3942
431 4293
2661 3288
144 4304
87 4123
1728 4396
801 3967
533 4254
1678 2371
370 3578
3047 4052
3013 4362
293 4006
405 3904
477 4453
61 4171
55 3946
2863 3127
864 4345
643 3350
769 4539
821 4177
789 4202
710 3893
230 4555
471 4439
2171 4399
108 4480
2170 2293
109 4374
710 4234
390 4115
174 4388
423 1040
863 4289
366 4540
784 4055
756 4484
900 3954
228 4113
486 3901
549 4226
636 4153
642 2013
279 4355
290 4384
2471 3134
89 3909
639 4301
817 3097
2078 2513
46 4418
322 4065
789 4059
902 4194
852 4301
2014 3832
4269 4430
3080 4220
286 4537
3485 4557
2141 4011
664 3971
3 4427
713 4514
712 4027
442 4267
4102 4157
3584 4113
180 4103
307 3999
2612 4357
71 4215
408 4126
629 4167
731 4126
707 3949
899 4313
786 2662
544 4282
1691 4335
883 4534
4 3987
1748 3456
149 3864
346 3966
2236 3519
235 4326
463 3909
978 2687
1610 3102
575 3893
528 2261
136 4100
330 4459
8 4107
290 3940
588 4149
389 3896
334 4570
302 3894
738 4549
571 4424
542 4538
659 4525
248 4274
204 4240
439 4039
618 4341
457 4456
2318 4231
1957 2266
507 4516
398 4440
322 3942
2131 3176
456 4070
830 4067
130 4450
787 4032
183 3818
940 4071
550 4008
231 4535
2707 2732
768 4172
642 4038
894 3921
427 4479
1079 4454
625 4560
116 4493
3367 3463
2198 2257
328 4298
360 3950
825 4348
445 4521
912 4197
176 4235
519 4385
40 3945
430 3939
638 4402
79 4385
365 4134
693 4501
3120 4105
404 3929
318 3931
85 4144
1038 3311
209 4412
615 4307
2127 2545
270 4524
765 4307
498 3859
1454 1808
787 4040
687 4502
791 3894
64 4045
610 4416
107 4059
841 4413
187 4496
136 4240
908 4476
76 4519
313 4251
363 4440
741 4149
47 4095
535 4520
619 4171
366 3939
791 4330
831 4256
3593 4565
1488 2977
4276 4524
1922 2026
157 4473
138 4162
1213 2638
371 4559
1636 4025
866 3467
1393 2221
1928 3244
819 4245
2725 2999
292 4340
78 4117
331 3968
1554 3114
570 4350
171 1675
551 4408
2051 3696
131 4513
734 4062
1782 2594
895 4242
174 3951
683 4389
724 4462
1401 2829
811 4512
103 4063
1411 2808
767 4226
432 4284
161 3965
828 4296
365 4428
66 4534
265 4123
1013 4148
423 4205
107 4358
1401 2303
394 3975
687 3937
164 4413
690 3268
3212 3844
221 4175
905 4148
327 4568
192 4171
587 4280
715 4512
196 4168
36 4037
198 4264
453 4538
65 4231
8 4385
1700 2724
1730 2241
1449 4452
3467 3902
225 3894
1698 3924
708 4308
624 3939
1170 4168
52 4112
510 3936
824 4498
251 4122
43 4367
812 4267
1164 1251
2719 3558
750 3999
2834 3928
126 4131
9 1433
647 3057
142 4089
243 4243
3223 4268
59 4342
772 4106
1317 2942
720 4402
635 4170
389 4379
878 3947
1486 1629
2718 4112
437 4200
43 3972
9 4297
1058 1665
827 3900
2430 3177
1854 3521
644 4143
84 3395
1772 2916
1077 3609
803 4153
1600 2331
389 4178
17 4272
437 4506
1033 3902
586 4475
2181 3987
308 4290
537 3638
182 3305
1794 3517
1735 2428
410 4307
453 4381
519 683
692 4089
646 4123
1850 4075
539 4382
645 4042
643 4504
719 4030
2628 4485
811 4215
141 4529
208 4074
759 3967
1969 3774
2473 3902
843 4069
3651 3891
5 2550
692 4036
784 4430
2860 3817
153 4028
4088 4302
149 4199
404 4142
346 4498
569 4397
365 4065
2487 3560
864 3927
349 3944
508 4427
574 4157
834 3926
437 4057
458 4051
2283 2701
729 4000
778 4542
3048 4072
1990 2814
387 4564
19 4183
430 4025
879 2986
414 2044
870 4236
82 4253
749 4029
1771 3137
452 4432
312 3908
578 4348
601 644
1774 3186
633 3272
56 4051
197 2649
389 4329
31 4529
1750 4022
577 4356
127 3967
860 3934
826 4242
528 4119
417 4268
2727 3565
345 4143
231 4368
450 3906
423 4331
748 4099
25 4216
103 2552
514 4401
1683 2141
610 4253
130 4480
450 4013
828 4444
115 4068
626 4563
2811 4251
439 4399
906 4166
411 2867
340 3897
618 3947
426 3916
170 4525
590 3929
2372 2750
881 4022
3633 4025
439 4483
686 4154
1558 3947
604 4350
440 4036
476 4449
4 3900
2795 3527
2425 3683
328 4343
863 4549
173 3947
1191 3775
43 4376
2230 4168
898 2108
323 4222
371 4361
969 2495
3 4294
566 4272
3727 4347
501 4494
453 4074
529 3603
881 4240
95 4161
359 3914
250 4342
698 4376
116 4432
314 4500
259 4341
876 4338
702 4522
179 4220
685 2381
894 4504
2605 3977
336 957
597 3983
885 4216
790 4050
234 4383
570 4231
1175 4401
82 4359
358 4343
742 4161
492 4326
813 4541
2786 3029
1002 2735
2963 4014
17 4350
1128 1524
143 4512
292 4190
388 3920
1601 2752
589 4275
138 3914
120 4305
389 4140
721 4058
414 3992
807 4116
43 3919
2222 2941
183 4412
109 4535
283 4061
107 4179
854 4151
3825 3961
4 4322
11 4006
751 4351
64 4201
1977 3850
603 4252
2621 4191
47 4344
630 4207
751 4415
3416 3893
90 4446
614 4072
247 3952
498 4538
1747 2130
473 4425
215 3815
4491 4522
390 4472
163 4041
791 4206
1233 3509
1126 1517
720 4384
986 1017
438 4050
728 4029
2278 3088
189 4249
422 4219
655 4066
844 4093
113 3950
320 4142
315 3928
582 4053
128 4066
897 4001
891 4567
272 829
1485 2978
1836 2479
1378 1840
609 4556
2728 3080
455 4226
1271 3719
630 4537
25 4130
115 4389
329 4011
3054 4138
376 3521
3887 4432
3211 3362
329 3930
521 4353
442 4475
131 4451
150 4259
527 4152
895 4022
884 4394
275 3796
3003 3319
610 4447
449 1548
588 4433
99 4375
2416 2946
485 4381
311 4349
331 3158
719 4167
514 4006
669 4367
258 4561
508 4006
2235 3140
2936 3361
21 4406
2351 3117
685 3982
644 3904
73 4374
1762 1975
1828 4431
112 2928
496 3916
682 4031
604 4491
483 3993
38 3953
653 4180
740 4327
303 2837
374 4535
885 3112
526 4345
825 4234
359 2552
1431 3326
637 4563
567 2410
21 810
4257 4259
147 933
140 3971
2868 2944
73 3935
780 4504
469 4303
446 4091
2571 3660
1496 2792
187 3969
2184 2266
353 3989
867 4017
131 4181
568 4437
220 4392
528 4417
3005 3759
179 4261
215 4473
789 4011
263 4570
3001 3388
81 4090
903 4536
502 3180
641 4464
854 1856
532 4119
1378 3348
514 4523
305 4555
452 3964
441 4315
2594 2660
504 4391
851 4359
829 4490
823 4065
520 4408
2471 2736
1339 3570
338 3964
3872 4323
1818 4517
826 4001
73 4054
1140 3369
1051 1514
611 4110
1715 1968
525 3387
580 3939
234 4542
282 4014
854 4042
518 4213
594 4032
866 1091
533 4088
1790 4426
485 4553
379 1822
204 4410
95 4098
736 4268
725 4146
762 4064
684 4000
350 4324
254 3981
754 4007
4 4126
5 4385
3842 4354
497 4451
54 4304
327 4375
52 4081
893 4181
251 4189
254 3927
611 4056
654 3920
911 4025
404 3951
381 4450
763 4098
1825 2644
591 3906
533 4070
331 4568
752 4161
63 4444
320 4174
699 4395
514 4063
1370 2540
100 4219
2835 4217
795 1771
241 4268
523 4213
867 4382
288 4520
882 4487
350 4437
147 2893
1735 2717
905 4308
1664 4520
13 4321
518 4159
2297 3681
441 4147
1191 1953
526 1581
4458 4465
889 3826
1560 3412
98 4108
1231 4494
75 4149
775 4161
906 4554
2580 4536
3164 4086
487 4360
769 4217
1140 1703
6 4081
668 4214
2576 4322
47 4275
548 4410
606 4171
643 4498
270 4295
298 3923
770 3988
594 4180
447 4432
227 4049
193 4325
757 3973
1869 2759
1660 1972
853 3180
186 4244
14 4167
448 4262
146 3329
2593 3165
499 4054
1496 3931
107 4460
1366 1852
1133 2602
161 4431
2469 4055
617 4307
393 1001
3140 4526
831 4229
5 4545
516 4209
733 4158
147 3845
874 4528
768 4420
708 4081
64 4517
209 3945
259 4164
308 4418
88 4265
340 4202
897 4087
600 4360
781 4307
373 4451
561 4250
142 471
639 4137
1374 2664
570 4242
220 3887
498 4043
506 4024
754 3969
200 4509
3189 3444
306 4310
635 4177
463 4552
739 4051
814 4317
1818 2681
44 4534
96 3980
1377 2165
508 4125
100 4389
2738 3613
369 4335
836 4532
175 4173
110 3986
398 4169
18 4136
486 4003
38 4126
77 4520
551 4228
740 4382
493 3960
692 4122
575 4238
549 2479
868 1752
404 4042
51 4278
1987 4081
40 4572
871 4485
3131 3247
1315 3224
739 4056
130 4550
1760 1943
778 4491
3303 4073
347 4044
480 4217
341 4029
1564 2741
101 4139
198 4330
129 4473
73 4224
615 4496
544 4221
453 4352
473 4106
479 4087
427 4427
773 4477
297 4231
877 4128
117 4317
40 4296
609 4088
12 4322
165 4195
176 4445
2498 3487
68 4200
483 4136
442 4118
724 3965
1434 1810
364 3894
2554 3812
23 4305
789 4416
864 4081
401 4093
256 4307
176 4419
1698 3250
776 4408
730 4434
525 4393
3672 4501
204 4048
696 3958
72 3966
2769 4543
47 1415
346 3963
118 4054
745 3981
3175 4166
793 4327
362 4078
355 4197
1605 3216
674 3928
861 3980
20 4041
437 4482
19 4233
307 4456
39 3308
1895 3508
2013 4094
342 3927
1879 2931
1423 2979
807 4441
388 3921
1868 3753
434 3923
868 3916
494 3920
2232 3428
3570 3775
251 1465
805 4178
480 3994
728 4037
77 4160
338 3980
139 4207
1490 4375
600 4221
879 3935
469 822
692 4189
380 4513
263 4011
224 4117
52 4106
2254 2706
2 768
843 4410
149 3913
1416 2425
1738 1897
379 4562
1270 1721
192 4549
315 4154
648 3952
421 4041
216 4332
1342 1768
485 4103
521 4190
275 2485
192 4028
613 4118
425 4541
218 3356
543 4452
666 4030
779 4014
870 4570
753 4098
3120 3417
331 4074
311 3893
2016 3802
1444 3274
788 4127
403 3996
631 4416
607 2630
