74 6
120 9
83 15
88 6
85 28
71 3
83 17
85 19
85 14
89 15
129 14
83 10
120 6
89 8
83 23
85 19
83 19
88 6
85 26
120 11
139 5
85 2
85 21
85 26
83 16
139 5
83 14
83 19
43 5
83 25
83 4
120 6
85 22
85 22
83 23
43 5
102 10
85 13
89 31
38 1
85 8
85 29
120 9
85 26
89 32
83 11
83 5
83 9
85 28
88 12
83 16
89 12
48 6
139 2
83 16
83 14
83 28
83 5
72 2
88 16
120 9
85 6
83 10
83 23
6 1
102 3
83 11
88 11
88 9
83 18
89 32
83 18
89 14
83 22
89 37
89 11
83 14
120 5
85 29
85 22
49 1
83 23
85 30
83 9
89 33
83 17
83 12
83 13
120 12
83 18
