61
107 108
43 186
116 145
18 23
139 175
6 14
27 98
6 101
89 124
83 193
122 173
49 173
72 155
39 96
30 126
74 124
29 177
8 128
44 52
17 178
72 174
1 197
2 64
129 160
139 156
9 86
48 95
83 133
55 133
71 179
39 96
11 152
120 147
54 156
101 135
97 132
6 36
62 156
12 157
12 99
176 194
27 47
67 172
43 167
35 144
133 184
3 95
176 194
83 183
85 176
102 195
88 104
84 163
19 170
38 82
174 175
32 156
63 126
20 140
26 35
14 127
90
13 19
32 44
15 36
44 52
9 51
30 32
3 29
23 56
29 50
2 22
19 39
20 33
33 42
3 15
12 44
24 56
10 35
44 52
20 61
30 46
20 25
49 50
18 51
18 59
15 38
20 25
16 37
17 45
39 46
2 41
44 49
33 39
22 58
20 55
4 39
39 46
48 61
30 50
9 56
55 56
39 50
11 56
29 39
18 60
5 53
14 28
42 49
17 29
17 61
36 55
20 44
5 20
19 28
3 5
22 47
19 40
8 49
28 33
13 14
29 53
31 44
42 50
20 33
4 39
6 7
49 51
17 31
39 56
43 56
17 44
1 52
18 45
5 24
2 37
6 61
4 18
27 48
32 36
15 60
17 52
12 12
9 43
3 51
16 28
5 54
16 40
17 32
10 27
33 51
11 36
