150 116
130 11
182 35
151 61
193 15
151 86
130 33
150 102
148 71
146 105
151 52
150 108
153 16
150 96
130 42
130 18
182 26
160 23
122 9
150 85
153 127
108 34
151 74
151 95
151 51
160 64
123 57
148 51
150 86
123 38
150 82
160 63
151 56
104 11
71 3
160 33
172 13
182 46
146 43
153 143
151 40
150 135
153 143
99 6
148 58
150 123
148 87
150 83
193 13
182 86
145 40
148 71
153 37
122 13
151 33
150 113
151 55
150 72
130 33
182 79
151 45
153 148
148 55
150 103
182 63
158 3
151 39
153 136
146 28
151 57
150 119
153 157
182 43
151 89
160 37
151 71
182 73
160 56
151 18
148 58
193 8
151 104
146 34
186 43
150 98
148 92
153 34
70 12
150 90
146 28
182 83
182 90
182 25
148 40
130 11
123 49
130 29
150 101
121 4
150 107
150 110
93 6
160 39
186 27
148 56
151 30
111 10
148 39
151 48
150 88
153 17
148 54
182 67
182 49
145 43
150 120
153 127
