298
56 197
244 294
8 157
124 259
15 233
16 180
168 232
32 170
2 200
141 220
77 131
42 86
19 296
97 266
280 288
118 282
83 202
251 273
55 170
42 194
19 249
104 186
130 252
25 94
111 285
94 173
3 249
103 145
110 289
72 164
36 125
42 158
105 180
235 278
16 40
125 219
28 99
7 264
4 274
148 282
21 239
134 172
153 249
216 227
140 268
94 94
133 160
111 256
21 44
139 185
48 190
126 280
111 273
160 189
37 128
93 190
85 274
8 118
235 239
259 270
19 254
37 185
40 215
99 248
25 247
241 257
113 217
103 292
26 258
17 22
53 222
127 233
177 272
129 137
186 296
63 81
150 298
7 68
241 271
8 299
30 62
245 253
153 251
128 146
189 281
193 210
182 194
160 214
100 240
87 194
197 215
45 113
146 208
135 263
106 150
124 165
169 282
164 273
175 210
87 160
158 224
134 283
7 187
179 260
35 216
182 190
24 272
243 248
36 177
58 266
70 91
54 63
9 172
129 281
41 103
232 287
8 82
172 270
36 199
126 245
68 92
112 124
19 203
122 269
17 283
54 206
29 161
96 201
13 156
208 210
61 113
5 285
120 236
66 71
181 209
39 254
75 208
145 191
7 217
16 125
136 273
161 285
98 106
146 156
194 241
130 199
89 154
145 150
24 28
36 44
105 267
18 288
233 284
182 231
57 183
76 229
114 123
61 206
112 158
168 262
35 273
94 192
13 49
76 191
62 145
130 230
48 97
107 170
233 249
29 80
171 247
171 249
50 157
18 86
90 139
39 194
102 254
221 235
26 153
120 161
102 103
174 280
111 113
203 244
103 222
108 175
83 163
75 226
103 272
34 267
121 291
245 284
123 195
148 299
29 186
2 248
259 273
215 277
128 286
80 131
203 231
33 44
90 144
151 278
206 260
255 271
63 182
263 266
64 123
130 152
76 158
49 228
148 226
62 246
57 297
38 76
96 242
56 68
243 252
90 177
34 294
78 164
54 154
21 214
104 170
71 290
99 176
40 74
222 233
57 125
4 89
145 186
33 275
108 198
10 274
226 290
121 123
105 166
77 125
54 54
115 164
134 165
106 108
20 70
47 71
151 184
178 259
223 272
182 183
69 110
15 207
187 193
37 69
133 191
230 269
9 165
15 201
103 263
122 178
211 278
251 261
128 271
18 175
17 272
29 123
197 201
100 283
10 128
80 183
64 153
248 261
3 185
31 35
94 147
15 245
20 205
143 221
16 177
34 221
100 198
100 111
145 174
42 45
284 289
25 45
14 117
30 32
9 99
34 210
17 100
141 238
105 181
38 65
29 140
170 269
45 85
120 206
120 155
117
44 265
166 187
52 108
138 255
66 89
105 263
143 204
11 193
118 242
84 280
156 255
30 226
32 53
41 221
145 221
195 225
81 127
42 79
118 129
25 182
33 271
222 286
153 294
98 275
180 273
26 138
172 276
111 209
16 167
176 239
28 184
1 106
145 251
216 233
226 230
36 90
102 124
31 111
93 167
6 264
177 246
1 239
25 291
58 66
105 212
21 245
79 248
17 162
72 93
53 216
109 184
119 242
23 84
116 137
206 264
70 292
162 265
23 153
146 203
29 172
179 259
14 280
139 238
55 256
61 172
101 103
185 254
31 282
110 158
151 257
56 281
2 283
97 175
124 284
32 96
154 282
56 192
7 101
223 258
129 233
83 93
99 294
95 155
66 140
61 248
94 265
6 54
111 131
13 174
118 162
52 208
34 196
50 92
127 195
199 220
148 235
164 216
56 252
236 243
47 251
39 241
54 62
28 97
66 110
141 244
185 232
22 34
130 202
159 248
65 232
27 51
123 217
72 199
31 119
95 173
13 225
31 269
