136 47
202 33
190 65
187 97
187 78
143 28
187 80
227 31
187 75
209 24
187 138
187 144
247 15
136 27
238 82
249 87
227 44
136 54
249 135
187 97
187 86
143 31
227 94
199 14
238 63
187 110
141 16
228 90
187 94
178 69
191 45
79 5
116 6
238 71
135 11
249 93
227 42
227 51
131 4
196 14
249 92
187 127
238 50
233 26
233 58
181 6
202 19
175 14
227 54
141 137
187 109
227 115
187 123
227 76
187 146
136 40
178 72
209 93
147 47
221 35
223 43
136 45
227 110
135 72
187 92
227 63
190 61
160 4
97 11
39 2
173 39
227 72
227 87
151 53
226 32
227 46
160 27
238 74
80 5
147 49
241 36
187 149
118 12
221 48
227 77
247 20
49 6
227 123
97 8
160 23
227 69
238 62
263 6
233 20
118 10
187 146
187 92
227 83
238 14
165 13
227 63
227 60
223 10
136 48
227 81
227 104
187 52
227 69
249 91
135 68
187 144
238 39
136 66
187 103
187 144
262 10
135 77
202 49
136 70
238 75
135 28
227 72
202 49
187 82
202 37
249 106
143 26
123 2
187 93
178 41
227 103
187 50
227 133
187 126
202 48
247 20
187 84
238 20
160 29
233 69
151 58
187 21
227 73
135 25
187 109
187 112
221 21
238 54
227 112
221 32
219 26
133 9
135 15
227 117
178 18
227 120
178 71
187 125
187 72
80 16
202 43
249 91
227 49
248 4
227 50
252 8
178 42
238 30
227 119
209 32
227 81
128 22
