322
6 254
182 233
81 356
104 119
13 192
87 155
113 247
277 399
131 152
71 135
118 314
54 167
306 327
133 263
183 379
34 133
314 342
258 387
6 151
276 308
46 78
115 210
334 346
125 128
8 333
19 387
92 369
38 41
285 296
7 121
17 86
65 216
214 241
64 159
80 176
70 237
156 281
27 368
13 164
49 87
136 337
19 174
74 379
232 251
19 361
231 304
58 316
100 361
246 354
57 66
67 139
62 242
223 394
306 371
15 343
169 222
216 287
135 263
17 87
83 198
41 195
28 70
84 123
375 397
94 166
337 345
29 216
116 332
88 143
87 280
1 210
192 391
55 88
80 190
160 325
107 216
136 143
59 291
321 338
240 382
99 135
3 199
128 343
49 273
185 327
209 220
216 357
95 283
90 201
204 372
247 390
128 303
22 152
46 319
112 145
219 272
227 327
124 146
41 268
59 300
166 349
175 238
208 400
22 202
135 298
199 301
71 312
143 286
241 253
135 359
89 177
165 276
45 136
22 254
77 79
125 370
60 245
79 113
179 251
369 390
62 203
233 243
141 142
130 187
53 196
222 340
5 376
249 353
106 257
221 256
123 227
20 148
261 340
126 200
47 55
317 373
191 300
169 348
78 356
28 164
140 291
68 372
288 363
91 179
187 240
201 367
187 383
226 291
100 264
282 322
115 358
106 372
238 379
184 394
222 230
41 301
211 347
136 249
209 243
89 267
377 381
252 281
134 395
238 342
293 307
198 353
248 272
366 368
16 129
149 156
39 74
116 298
14 75
106 210
73 397
362 371
95 396
104 253
176 370
128 213
227 237
159 260
59 228
25 215
178 193
146 336
184 191
151 225
202 356
187 352
346 377
335 345
17 105
98 341
221 369
312 400
244 319
263 364
145 289
7 381
28 388
281 381
8 192
209 261
49 220
10 161
35 296
60 186
97 212
11 354
227 290
24 183
75 180
24 92
70 377
14 126
160 199
128 300
138 394
319 390
37 131
231 391
297 324
139 379
291 375
147 193
6 351
212 324
37 209
113 216
19 324
218 363
223 250
95 358
235 319
63 233
30 190
162 289
221 318
98 326
26 287
342 376
181 236
60 375
374 386
35 156
239 297
100 125
77 120
118 394
102 229
263 389
39 356
16 60
15 178
80 205
117 365
1 121
132 307
129 160
173 296
212 292
190 327
202 374
140 209
114 268
87 175
129 273
84 224
146 307
41 74
97 228
208 261
74 79
127 249
97 384
169 274
51 113
79 397
5 363
36 154
193 236
49 331
196 360
106 142
25 153
132 284
289 383
112 340
106 225
155 279
14 342
379 385
178 400
162 332
25 202
248 274
53 251
67 280
219 221
228 371
14 20
262 384
63 157
261 376
151 344
45 234
103 130
107 125
167 219
98 279
132 134
236 260
30 136
142 216
91 364
257 398
163 320
137 335
38 373
309 332
100 193
172
39 125
248 300
149 275
5 207
107 262
65 112
36 190
83 137
63 210
151 198
25 296
8 303
72 98
33 79
10 178
70 235
83 155
16 117
39 302
17 218
45 217
56 111
95 273
101 122
51 172
40 259
116 145
133 306
29 223
182 312
131 220
277 283
165 178
35 166
42 61
70 249
70 147
114 216
8 12
279 298
62 242
54 299
89 177
81 125
42 152
237 244
252 282
98 118
94 189
9 290
103 318
33 263
61 305
141 283
11 307
18 93
161 298
142 320
201 283
235 292
227 295
38 120
94 298
10 153
33 218
87 200
153 273
215 222
200 213
171 174
211 282
67 201
103 272
184 285
99 152
86 160
199 241
26 170
29 35
200 286
74 140
16 319
10 34
217 301
62 215
73 106
200 207
75 315
200 209
189 231
49 185
52 169
195 201
99 130
238 255
10 308
15 205
95 254
147 165
104 126
72 188
87 194
232 245
14 106
121 279
69 270
108 210
95 229
37 215
3 131
9 299
101 164
12 140
35 238
25 314
300 321
3 155
222 314
17 156
25 166
47 98
103 241
221 312
57 222
243 308
36 241
62 108
130 132
17 209
166 243
96 287
139 237
21 287
26 277
228 315
86 115
63 230
143 177
193 245
28 161
183 290
170 206
148 288
46 93
43 260
102 321
239 275
86 179
79 290
236 289
269 312
7 22
106 134
72 292
287 319
48 283
174 299
35 280
117 262
28 56
242 319
42 223
99 183
297 304
97 183
162 177
179 256
116 169
91 320
151 212
131 284
64 101
