95 2
224 14
196 8
180 22
214 7
196 3
276 16
470 2
45 2
408 6
196 11
27 2
276 20
408 9
224 12
276 21
163 5
123 4
408 3
180 15
224 12
276 13
180 19
276 2
408 9
196 8
205 5
180 12
214 7
388 3
196 8
276 13
224 8
196 13
408 7
395 6
276 23
276 14
276 15
159 9
276 24
123 3
408 13
196 11
276 15
159 8
276 7
276 13
180 3
180 17
276 18
196 5
276 9
180 14
276 20
408 2
180 20
159 5
163 2
276 12
180 14
395 5
408 9
276 21
408 10
121 1
276 8
276 11
180 13
276 11
276 17
408 9
408 15
159 8
196 5
180 14
214 10
276 22
196 6
180 17
196 11
218 6
276 10
159 8
180 14
224 8
196 8
408 9
266 7
180 6
224 27
196 13
180 17
408 13
276 14
45 2
276 13
276 15
266 8
276 19
214 10
180 19
76 1
408 10
276 11
180 18
266 2
196 17
56 3
408 8
180 3
408 13
276 13
266 11
210 5
218 1
276 5
276 8
276 11
276 12
196 13
196 9
281 27
196 10
180 19
276 12
276 15
276 14
196 5
395 3
180 18
395 6
388 1
276 12
276 7
159 8
180 6
408 10
276 15
196 15
180 17
276 13
180 7
180 16
276 19
276 9
191 2
196 17
276 6
123 6
159 9
180 14
180 3
276 9
214 5
196 18
276 14
276 18
276 21
123 4
408 11
191 5
180 18
276 12
408 11
180 6
180 7
395 6
180 1
276 11
73 1
214 7
180 6
395 4
180 16
395 6
196 11
408 13
180 18
281 21
121 1
276 20
224 25
276 12
214 7
180 16
196 6
266 8
276 10
281 25
224 28
180 13
276 9
196 9
180 20
134 4
408 9
45 2
408 12
205 4
180 23
134 2
205 7
218 3
180 7
224 27
276 21
276 14
191 5
218 3
191 6
276 10
196 13
180 7
408 12
196 12
276 6
123 6
276 9
196 13
196 11
123 7
191 9
276 14
97 3
470 3
276 14
191 7
408 13
276 16
191 4
180 7
167 2
196 10
180 6
276 12
180 11
191 6
196 6
395 6
159 8
276 20
276 18
395 2
180 18
275 4
210 4
205 7
121 1
275 4
276 11
276 12
276 16
196 13
191 5
180 17
196 11
395 8
205 3
159 7
159 8
276 15
266 9
266 8
276 19
276 7
196 9
276 18
395 6
395 2
276 17
276 16
408 13
266 9
191 6
180 20
134 3
266 6
123 4
210 6
180 15
276 6
470 3
218 6
408 7
310 15
196 10
408 8
100 2
196 13
180 13
276 19
224 10
180 5
408 14
276 8
180 5
275 3
408 13
180 5
408 9
180 13
196 11
218 6
276 9
196 8
180 16
276 7
276 18
196 12
408 11
163 3
276 19
408 11
180 5
191 2
196 16
276 12
196 18
266 8
276 18
196 8
191 7
276 14
276 12
191 5
191 4
266 7
276 8
276 17
276 13
180 22
266 8
276 16
276 14
276 13
205 5
276 15
276 4
196 11
408 13
408 3
196 12
276 13
196 8
408 10
218 6
341 4
196 14
180 20
408 10
180 15
266 8
180 5
196 13
224 8
408 11
276 7
159 5
395 4
224 10
196 9
163 4
180 6
123 5
