53
205 391
80 229
4 65
56 468
37 389
92 346
205 422
54 355
275 288
25 422
276 353
97 378
45 137
224 286
382 447
35 192
316 500
163 294
134 468
128 318
161 287
180 267
271 486
68 94
470 481
388 488
210 491
121 131
214 450
395 419
266 497
73 352
341 444
95 183
123 263
9 478
408 487
310 461
51 202
100 260
301 327
80 196
159 207
191 207
275 497
8 464
27 256
196 323
167 480
76 455
218 238
281 492
112 335
365
32 34
2 22
38 48
3 47
16 29
46 48
8 38
24 26
13 17
29 37
24 48
45 47
1 33
26 43
12 37
6 48
14 21
30 36
36 38
15 46
12 36
10 33
12 50
11 12
24 38
42 50
4 8
21 47
18 30
25 29
41 51
5 22
13 30
26 51
29 40
24 34
1 46
5 25
7 31
33 47
4 49
33 37
13 39
29 48
2 25
30 45
10 20
6 24
20 25
13 49
1 30
45 50
10 26
11 42
3 42
37 38
3 43
36 43
18 19
11 33
19 47
25 32
24 38
1 38
22 41
27 28
11 23
8 23
12 41
11 31
2 29
26 38
23 52
29 43
44 49
15 45
17 36
5 48
42 48
13 49
35 49
45 52
2 14
31 45
15 44
12 27
42 50
26 42
19 31
15 22
1 52
32 51
11 48
12 38
5 26
13 17
5 21
2 26
17 31
4 35
18 36
16 53
50 50
22 40
8 25
15 51
31 32
19 50
3 6
27 38
20 22
15 40
5 22
12 34
19 27
51 52
8 12
2 11
1 14
5 20
31 51
41 53
3 53
34 48
10 49
7 26
8 35
5 24
43 48
27 30
15 52
24 33
26 26
7 26
11 21
32 45
15 27
22 41
9 39
19 48
11 47
5 22
12 26
8 42
4 34
4 12
43 44
19 52
6 11
31 40
31 46
17 46
20 23
5 16
20 30
17 50
3 22
6 42
1 36
31 37
26 47
37 45
6 44
7 24
25 47
13 25
12 24
24 33
22 22
9 27
32 32
17 29
13 22
26 30
10 45
24 35
28 48
12 39
11 49
9 52
27 28
1 35
4 51
9 30
18 30
15 47
44 52
19 33
1 13
5 52
1 53
11 40
3 13
41 53
6 47
13 20
23 37
13 17
16 38
3 7
1 47
19 20
1 8
50 53
12 26
1 52
7 49
3 22
38 45
49 52
38 46
10 28
31 50
12 24
21 46
35 50
8 15
32 40
5 15
24 51
37 53
28 41
35 47
7 29
11 16
24 28
5 24
39 47
14 40
4 28
40 45
12 23
49 50
37 51
13 26
7 24
20 43
36 44
44 51
23 31
31 43
6 46
7 45
28 30
13 52
7 10
20 28
1 9
28 29
6 9
8 25
11 35
1 23
27 51
39 44
12 48
27 48
15 30
5 7
34 44
30 44
6 29
17 34
18 31
2 33
7 17
40 51
3 31
26 34
29 30
7 41
1 25
12 38
17 34
39 46
2 42
13 19
21 32
30 36
18 28
14 46
8 16
24 28
45 51
29 39
23 53
37 52
26 37
38 40
33 53
19 46
5 39
14 35
17 25
23 51
9 20
17 25
7 9
12 38
18 24
25 44
18 45
34 49
46 52
6 18
41 51
15 48
5 11
5 35
29 49
23 45
16 19
4 33
25 47
17 26
44 46
18 48
1 18
19 53
18 31
6 41
41 52
37 47
9 32
8 28
39 45
43 47
20 33
3 11
1 28
8 29
3 47
19 34
7 32
4 22
11 36
1 6
9 40
9 12
27 48
14 40
35 38
33 51
4 20
37 48
22 44
46 51
29 35
28 53
10 51
24 45
16 46
19 32
18 24
32 51
14 30
26 47
10 20
36 43
25 30
14 35
36 48
18 21
16 26
28 36
