254 142
274 84
274 122
315 51
197 19
274 71
197 21
235 14
274 113
274 56
295 8
274 86
274 55
274 69
274 89
147 27
254 96
145 16
274 94
239 18
151 5
274 107
280 39
274 78
321 68
286 26
321 53
274 90
308 83
345 24
274 107
321 76
143 5
274 92
147 17
321 33
342 9
274 70
274 46
267 47
242 80
274 128
254 97
286 21
274 60
274 79
243 12
280 38
274 49
297 18
33 2
267 33
274 118
239 55
274 111
145 18
267 17
243 98
321 59
183 6
109 13
121 2
197 35
55 5
217 7
239 73
109 11
280 83
274 72
321 72
321 46
321 26
280 12
299 8
342 4
345 3
197 21
274 31
239 70
239 48
242 78
274 79
239 51
280 58
274 53
254 124
254 68
217 24
239 50
197 20
274 18
236 9
345 10
274 72
164 9
267 68
274 90
345 15
239 58
321 51
274 40
274 67
243 83
259 28
193 22
197 43
217 71
274 55
142 13
321 63
274 90
345 24
280 64
267 44
274 106
274 113
239 68
246 45
321 43
267 33
321 37
109 13
243 147
321 72
274 30
254 97
321 58
274 119
274 72
55 4
345 16
267 45
239 46
239 41
342 10
197 34
280 37
190 17
267 39
280 32
286 22
197 22
254 132
274 38
274 85
37 1
274 118
348 45
239 36
241 65
171 32
274 98
239 60
239 40
197 13
207 17
147 13
239 65
