289
405 496
229 275
63 236
241 367
345 387
4 262
300 348
44 177
393 413
9 156
45 471
109 251
75 277
430 477
3 199
436 464
133 334
31 135
92 254
42 242
76 127
245 289
72 168
145 415
217 401
80 289
254 295
141 170
38 54
427 458
134 245
65 103
68 349
72 146
178 451
136 287
44 109
153 493
61 278
107 255
185 210
108 491
48 429
24 226
202 281
90 323
68 484
212 275
315 397
159 419
100 353
183 261
287 398
62 113
378 391
379 407
130 430
128 379
14 493
92 245
234 371
239 354
308 351
221 243
254 492
80 487
20 417
257 491
227 249
90 462
66 363
34 359
91 493
84 385
208 356
2 412
62 370
211 311
410 482
155 197
297 302
195 496
286 402
113 345
88 126
203 456
207 292
99 294
453 461
90 341
181 286
173 408
272 446
280 386
226 325
83 151
125 293
464 473
125 210
164 200
155 174
308 463
314 411
217 439
10 40
352 482
64 213
307 477
143 481
67 233
61 293
95 212
183 221
49 354
395 416
290 484
378 405
109 466
176 281
379 384
248 417
65 155
396 453
14 247
236 351
167 374
217 258
125 368
127 281
99 471
280 428
193 423
76 476
438 475
117 142
294 385
304 382
141 413
51 441
285 407
345 352
32 380
13 205
42 105
177 261
55 85
217 223
321 500
136 195
376 402
319 348
306 448
26 225
214 218
170 362
273 404
202 255
38 172
118 422
67 457
49 198
242 438
299 500
224 492
274 299
38 335
259 439
328 436
157 479
258 416
58 90
226 287
108 237
111 496
254 302
22 324
21 262
209 415
221 315
98 483
315 499
208 275
1 490
14 317
243 426
375 396
9 106
295 312
80 438
243 386
187 308
141 386
246 423
195 226
48 167
230 391
267 445
253 290
163 296
11 39
348 361
81 300
182 401
305 411
100 142
329 402
116 445
8 35
72 349
243 398
37 208
31 420
115 222
173 277
54 56
10 485
197 246
43 56
378 468
108 337
66 363
167 411
190 458
135 203
3 446
227 360
91 206
264 288
121 279
83 280
211 228
291 396
112 347
48 291
117 323
12 294
104 225
54 71
4 387
133 229
239 388
33 84
142 166
124 311
68 111
171 383
147 380
106 179
144 382
294 499
48 308
313 458
84 89
74 256
142 470
313 496
146 429
25 439
33 460
52 385
31 465
59 290
451 498
122 383
96 179
14 428
342 397
230 480
324 379
180 381
43 140
235 268
5 104
211 355
408 469
126 347
129 395
107 490
52 330
343 437
103 413
61 96
71 298
193 255
75 161
117 474
78 406
151 157
378 464
158
21 284
64 224
25 256
83 187
211 236
144 274
212 243
265 288
60 270
137 239
184 195
57 220
129 232
108 239
48 220
225 265
17 201
4 33
54 231
51 75
282 289
29 232
69 142
85 237
41 166
64 97
52 154
70 240
41 196
124 165
58 258
23 171
103 112
42 214
241 268
83 154
266 278
150 270
111 201
188 269
5 165
25 262
98 289
62 90
148 255
122 269
177 192
58 126
105 205
62 84
239 242
184 240
46 265
39 135
35 240
4 38
184 212
31 217
46 155
111 122
2 23
227 229
194 256
139 146
145 159
8 147
10 27
54 210
119 255
39 174
79 174
136 183
85 110
159 168
265 269
4 7
216 248
151 200
17 149
5 86
31 179
66 218
23 112
74 190
112 219
17 254
171 285
24 60
20 108
204 235
154 181
115 131
131 147
137 269
96 112
162 276
79 258
127 152
26 129
57 151
162 225
150 265
31 188
142 194
107 151
191 262
18 157
146 245
225 245
51 168
28 200
104 154
76 202
171 245
54 255
15 231
14 139
177 255
66 149
176 229
76 155
4 26
6 284
43 177
165 211
19 205
47 155
15 243
78 224
143 154
123 151
171 246
39 120
18 82
258 271
192 253
54 124
219 245
180 246
64 121
70 103
197 234
17 264
142 213
80 247
211 211
44 262
130 213
37 89
1 125
218 268
23 209
19 127
19 81
212 229
85 121
233 252
18 134
