1684 2041
1684 1931
1684 1893
1684 2230
1226 342
1684 2047
1684 2347
1684 2092
1620 357
1684 2317
1684 2038
1661 2222
1684 2014
1732 856
1684 2316
1684 2206
1360 159
1684 2138
1684 2295
1661 2173
574 30
1620 481
1683 821
1661 2275
1684 2183
1684 1984
1683 1343
1661 2393
1684 2029
1361 347
1732 610
1535 33
1684 2114
1634 1373
1684 2011
1661 2319
1661 2332
1684 2196
1661 2396
1684 1912
1684 2038
1684 1905
1684 2251
1684 1961
1697 208
1732 720
1684 2096
1661 2366
1684 2254
1684 1775
1363 664
1399 1188
1925 224
1732 374
1684 1968
1361 120
1709 1101
1361 469
1661 2086
1684 2173
1759 29
1684 1729
1732 1060
1684 1747
1684 1960
1684 1696
1684 1679
1684 1822
1684 1879
1684 2024
1684 2025
1684 2002
1684 2109
1684 2112
1482 849
1684 1962
1684 1778
1684 2001
1684 1838
1684 2029
1098 80
1684 2112
1684 2181
1684 1807
1732 1154
1684 2123
1684 1820
1684 2233
1684 2211
1732 1427
1684 1957
1732 1464
1620 345
2324 28
1683 958
1661 2176
1683 1502
1661 2150
1661 2414
1727 360
1363 854
1684 2086
1697 778
1661 2282
1684 2228
1684 2065
1399 610
1684 2091
1684 1897
1661 459
1684 1891
1684 1863
1684 1912
1727 73
1684 1687
1684 1910
1684 1915
1661 2260
1684 1804
1684 2237
1683 406
1661 2072
1548 140
1684 2154
1684 1648
1684 1881
1732 858
1684 2063
1684 1999
1684 1764
1684 1977
1732 783
1661 752
1684 1993
1684 2202
1661 852
1661 2084
1684 1955
1684 2019
1684 1896
1363 631
1684 2075
1683 894
1727 411
1684 2174
1732 1076
1661 2164
1684 1750
1684 2286
1684 1903
1732 1012
1684 1886
1684 2194
1661 2302
1661 645
1684 1255
1684 1867
1684 2155
1684 2141
1684 1906
1414 376
1661 2374
1661 2218
1684 1955
1684 1980
1313 149
1684 2250
1684 2225
1684 1854
1684 2070
1684 1903
1684 2130
1684 2140
1684 1978
1684 2203
1684 1725
1661 2354
1620 408
1684 2105
1684 1723
1661 2066
1684 1537
1732 675
1684 2088
1618 922
1661 2304
1684 2141
1732 893
1684 1859
1753 177
1684 2033
1684 2067
1684 1702
1684 2119
1683 933
1684 2151
1680 1256
1684 1776
1684 2204
1683 1386
1684 1937
1684 1889
1684 1946
1684 1888
1684 1973
1732 930
1684 2041
1661 2420
1683 1187
1618 216
1684 1864
1684 2054
1732 1380
1684 1927
1661 674
1732 1296
1661 2251
1661 2093
1661 2315
1684 2240
1684 1954
1684 2010
1661 646
1684 2080
1697 1074
1661 2216
1684 1488
1661 2319
1684 707
1683 913
1661 2136
1684 1763
1684 2193
1684 1994
1684 2236
1661 2177
1684 1790
1661 2290
1684 1838
1683 1067
1684 1902
1363 968
1684 2061
1661 2412
1361 563
1683 1288
1684 1907
1661 2259
1482 700
1684 1703
1697 769
1684 1505
1661 2355
1684 2171
1684 2186
1684 2078
1684 1928
1684 2020
1684 2051
1661 1038
1684 2107
1684 2288
1684 1921
1684 2123
1684 1886
1732 601
1684 1876
1684 1829
1684 1930
1363 656
1684 2241
1684 2122
1164 200
1684 1701
1684 1463
1684 1633
1039 96
1399 1153
1684 2103
1684 2187
1661 2393
1618 312
1684 1954
1684 2246
1684 2234
1684 1826
1684 1943
1684 2048
1684 2021
1683 770
1684 2110
1684 2128
1684 1929
1684 2071
1684 1817
1349 54
1684 1894
1684 2251
1684 1963
1684 2108
1684 2122
1684 1905
1238 491
1661 2178
1684 1987
1684 1789
1684 1934
1661 2128
1226 328
1661 2304
1684 1763
1684 1933
1683 404
1684 2110
1684 2023
1684 1925
1661 612
1684 1990
1661 2422
1684 1349
1684 1987
1684 1663
1684 1978
1684 2078
1684 2133
1684 2054
1684 2200
1684 2233
1684 2081
1618 862
1313 70
1684 1902
939 132
1684 2306
1684 1780
1360 42
1684 2318
1620 483
1684 1807
1684 1801
1661 762
1684 2220
1684 1968
1684 1950
1684 1982
1684 1819
1684 2110
1684 1697
1684 1862
1684 1994
1684 2013
1684 1812
1661 2196
1661 2106
1684 1958
1618 802
1684 1901
1684 1827
1684 1906
1332 93
1684 2075
1684 1882
1732 520
1684 1882
1684 2029
1684 1245
1661 2076
1684 1933
1684 1975
1684 1744
1684 1961
1684 1014
1684 1907
1238 440
1697 285
1661 2437
1414 98
1684 2085
1684 2293
1684 1707
1022 182
1697 1185
1399 684
1684 1918
1684 2290
1140 63
1684 1876
1684 1771
1661 2120
1684 1750
1618 712
1684 1820
1684 2319
1661 2299
1661 794
1684 1996
1361 421
1684 1930
1684 2054
1618 812
1684 1803
1684 1843
1684 2086
1661 2043
1618 556
1661 2335
1414 400
1684 1952
358 7
1684 1482
1661 2129
1684 2195
1732 775
1684 2147
1684 1931
1732 1557
1684 1777
1684 1985
1684 2241
1684 1719
1684 2018
1683 447
1684 2271
1684 2119
1684 2322
1661 2430
1684 2089
1684 1948
1684 1997
1683 528
768 18
1482 680
1684 1451
1684 1754
1684 1857
1684 1849
1684 2018
1684 1841
1885 19
1684 2134
1661 2400
1618 549
1684 2072
1684 1705
1684 2056
1607 130
1684 1630
1684 2345
1661 2221
1661 2122
1684 1920
1661 944
1684 2196
1684 1742
1732 751
1684 2030
1661 698
1684 2140
1684 1951
1661 732
1732 822
1684 1987
1684 2033
1684 2251
1684 2298
1684 2005
1684 2011
1684 1882
1684 2053
1684 1929
1684 1891
1661 2281
1661 2315
1684 1773
1684 1917
1684 1729
1661 898
1684 1904
1684 2123
1684 1922
1661 2250
1684 1847
1684 1926
1727 415
1684 2068
1618 580
1363 1093
1684 1934
2236 108
1684 2062
1684 2051
1684 2297
1661 2221
1732 1280
1684 1904
1684 1750
1684 2213
1684 1857
1661 2209
1684 2083
1684 2056
1869 141
1684 2041
1684 199
1618 644
1661 2145
1684 1912
1684 2274
1586 143
1684 2014
1912 29
1661 2098
1684 2326
1684 2165
1684 1993
1684 1998
1684 2050
1684 1714
1684 2183
1684 1977
2260 166
1683 551
1684 206
1684 2221
1661 2363
1753 311
1684 1963
1684 1901
1661 2196
1684 2014
1684 1925
1684 1934
1495 857
1684 2034
1661 2201
1684 1855
1798 388
1618 940
1684 1760
1684 2109
1684 2259
1684 2032
1684 1955
1684 2040
1684 2263
1984 438
1684 1668
1684 1994
1684 2152
1684 2081
1661 2203
1684 2248
1683 738
1684 1908
1684 1168
1732 852
1661 2167
1684 2263
1684 1993
1684 2154
1661 2321
1684 2120
1684 2256
1684 1623
1217 59
1684 1913
1684 2063
1661 2249
1661 1984
1684 1921
1661 2295
1495 1041
1684 2106
1684 1771
1684 2312
1684 1743
1684 1902
1684 2002
1414 397
1684 2015
1830 172
1684 1892
1684 2045
1363 595
1684 1778
1684 1921
1684 1950
1732 985
1684 1966
1684 2031
1684 1887
1684 1761
1684 2249
1684 1814
1684 1999
1684 2212
1684 1989
1684 1883
1684 2027
1684 1890
1684 1820
1684 1880
1684 2041
1684 2040
1684 2010
1684 2188
1661 2411
1684 2181
1684 2300
1684 1822
1683 685
1661 2294
1661 2425
1683 996
1684 1836
1684 2250
1661 915
1684 1711
1661 2214
1684 1724
1684 2069
1684 2248
1684 1835
1399 585
1684 2207
288 8
1684 1824
1684 2249
1684 1875
1732 521
1684 1875
1684 1994
1684 2068
1684 1747
1684 2134
1684 2001
1684 2093
1684 2336
1732 1309
1684 2017
1661 922
1684 1957
1684 2148
1684 1728
1634 1762
1684 2016
1684 2021
1684 2051
1684 2166
1661 2139
1661 2390
1732 1691
1732 1282
1399 186
1661 2234
1684 1972
1684 660
1684 2036
1684 1793
1471 103
1684 2014
1684 1950
1661 2222
1684 2072
1684 2097
1743 237
1661 2373
1684 2127
1684 2060
1684 2045
1684 2104
1684 1989
1683 558
1727 555
1684 2160
1684 1920
1684 1999
1683 930
1684 2017
1361 432
1684 2302
1684 1946
1684 2301
1684 1739
1684 2114
1661 2292
1680 1296
229 5
1039 325
1684 2155
1684 2240
1684 1935
1798 82
1684 1886
1661 2276
1684 2034
1684 2225
1684 1979
1732 1123
1684 1987
1684 2219
1620 445
1684 2002
1217 87
1684 1932
1683 387
987 76
1684 2126
1684 1928
1684 2206
1684 2020
1684 1874
1684 1843
1684 2073
1661 685
1684 2213
1684 1655
1684 1788
1636 878
1618 838
1684 1909
1684 1973
1683 1060
1684 2082
1684 2048
1732 1061
1661 464
1684 1852
1684 2104
1684 1686
1684 2123
1732 606
1661 2186
1684 1968
1684 2045
1732 740
1399 553
1684 1979
1684 2006
1684 2043
1684 1872
1732 1287
1684 1660
1661 2320
1567 132
1684 2004
1661 306
1684 1764
1684 1534
1684 1895
1661 2226
1684 2153
1661 2140
1684 1565
1684 2027
1684 1836
1684 1693
1684 1733
1661 2398
1684 1821
1684 1670
1684 1944
1732 345
1684 2024
1661 2291
1684 1878
1684 2002
1684 1984
1684 2059
1661 419
1732 1167
1661 1064
1684 2102
1661 2289
1684 1679
1684 2052
1684 1937
1684 1919
1661 2152
1684 1716
1684 1481
1732 1490
1684 1884
1684 1926
1684 2147
1684 1950
1684 1981
1684 1850
1480 91
1634 1422
1684 2270
1661 2395
1684 1989
1732 1236
1684 2304
1684 2024
1684 2115
1684 1830
1399 336
1361 482
1684 2208
1238 159
1684 2050
1684 2075
1684 2058
1661 2079
1661 441
1684 1826
1684 1957
1684 2107
1684 2119
1661 2348
1684 2050
1172 135
1684 1837
1618 639
1684 1802
1684 1968
1684 2047
1349 389
1684 2006
1732 1330
1661 2054
1684 2387
1732 785
1684 1970
1661 2263
1684 1743
1684 1972
1684 2172
1684 2161
1732 84
1349 316
1684 2270
1618 565
1661 2130
1684 1920
1684 2229
1618 120
1684 1908
1684 1664
1683 1104
1684 2060
1684 1787
1164 150
1238 231
1661 358
1684 1906
1684 2017
931 55
1684 2197
1684 2126
1684 2019
1684 2224
1684 2142
1636 570
1661 2071
1661 1800
1684 1346
1618 771
1661 1127
1371 159
1684 2014
1732 1204
1684 2016
1684 2084
1684 2171
1684 1954
1156 161
1684 1659
1684 957
1684 1948
1684 2341
1684 2015
1684 1941
1684 2015
1684 2220
1684 1934
1684 2228
1618 295
1684 2292
1684 2171
1684 1737
1684 1775
1684 1854
1684 1904
1684 2308
1482 162
1709 1258
1684 1993
1684 2165
1683 1157
1684 2236
1684 1992
1732 1400
1661 2260
1830 134
1684 2283
1684 1984
1684 2048
1661 2347
1684 2247
1684 2030
1684 1968
1684 2121
1661 2412
1684 2271
1684 2154
1727 403
1661 2221
1684 1994
1727 386
1684 1678
1684 1925
1684 1817
1684 1890
1363 1208
1661 2386
1684 2197
1684 1941
1661 2413
1684 2164
1684 2028
1684 1901
1684 2098
1732 1070
1684 1839
1684 1814
1684 2036
1684 1914
1684 1806
1684 1663
1684 2075
1684 1615
1238 479
1684 1722
1399 321
1683 781
1684 2199
1684 2045
1732 473
1495 322
1684 1930
1684 2150
1684 2020
1684 2264
1684 2158
1732 1477
1684 1738
1661 2180
1684 1866
1684 2017
1661 2217
1683 747
1661 2292
1217 692
1684 2055
1684 1912
1732 868
1684 2129
1684 2267
1684 1988
1661 2184
1684 2065
1661 735
1732 1147
1684 2068
1684 1824
1668 691
1684 2161
1753 176
1684 2025
1684 2196
1172 224
1661 372
1732 508
1661 2401
1684 2099
1661 2212
1661 2122
1684 1984
1661 686
1684 1799
1732 1360
1684 1667
1684 983
1684 2022
1684 2019
1684 1813
1684 1605
1732 1107
1636 668
1684 1855
1140 314
1684 1945
1684 2197
1618 524
1684 1717
1684 1583
1684 2026
1661 2370
1684 1912
1684 2027
1684 1969
1684 1989
1684 1801
1684 2162
1684 1523
1618 837
1684 1689
1039 286
1684 2017
1684 2284
1661 2424
1684 1954
1634 1570
1684 2202
1684 2259
1684 1288
1661 2213
1684 1829
2236 83
1732 1155
1684 2150
1684 1858
1684 1951
1684 2030
1684 2046
1363 1443
1684 2124
1732 682
1399 480
1684 2189
1684 1670
1684 2159
1684 1980
1684 2058
1684 2330
1684 1577
1399 1162
1661 2348
1684 1927
1684 1663
1684 2185
1661 2129
1684 2049
1684 2034
1684 2029
1684 2141
1684 2153
1361 254
1039 303
1684 2150
1684 2226
1684 2042
1661 2304
1684 1188
1684 1953
1668 686
1618 646
1684 1980
1684 1535
1684 2028
1684 2255
1683 1203
1661 868
1661 2054
1684 1830
1684 2121
1684 2140
1697 958
1684 1882
1684 2067
1634 818
1684 1696
1684 2231
1618 658
1684 1760
1636 913
1684 2163
1684 1790
1684 2038
1684 1774
1869 249
1661 2243
1684 898
1732 971
1684 2081
1684 1969
1684 1872
1684 2125
1684 1824
1684 2210
1684 2118
1684 1839
1727 230
1684 2167
1586 624
1661 2323
1684 1788
1684 1783
1684 2040
1684 1832
1684 2091
1684 2012
1684 1846
1732 827
1684 159
1684 2070
1684 1727
1684 1786
1684 2119
1661 2250
1661 2398
1661 229
1684 1568
1684 1968
1732 986
1684 1874
1683 747
1684 1884
1684 1883
1684 2043
1684 1987
1684 1373
1684 2013
1661 2211
1732 732
1684 2287
1363 787
1661 2098
1661 2178
1683 513
1661 2145
1684 2020
1661 2347
1661 2383
1618 252
1661 2300
1684 1896
1661 2232
1661 2233
1684 1757
1684 2080
1684 672
1684 2099
1684 2017
1684 1717
1684 1686
1684 1679
1684 1969
1684 2012
1661 2409
1684 1940
151 2
1684 2001
1661 2213
1661 2375
1732 976
1684 1943
1636 675
1683 1063
1684 2097
1684 2000
1684 1776
1684 2131
1684 1974
1661 2381
1732 1367
1684 2382
1661 2127
1684 1958
1684 1777
1164 264
1349 441
1399 606
1661 613
1661 2439
1684 2059
1684 2135
1684 2177
1684 1996
1684 2345
80 2
1399 475
1684 1963
1399 498
1482 722
1684 2011
1495 345
1684 1878
1684 1921
1634 1549
1684 2287
1238 350
1684 2080
1226 333
1618 365
574 58
1684 1105
1661 2248
1684 2067
1684 2148
1684 1735
1684 2285
1684 1977
1684 1838
1684 1859
1684 1821
1618 848
1684 2073
1684 1741
1684 1967
1661 2082
1684 2037
1684 2056
1684 2038
1620 568
1684 1671
1661 2163
1684 2060
1684 2190
1684 1780
1732 1443
1684 2090
2323 20
1684 1763
1684 2004
1684 2345
1495 917
1732 1273
1684 1927
1684 1758
1661 944
1684 1872
1620 470
1684 1951
1684 1776
1684 1982
1684 1857
1661 2142
1684 2020
1684 2272
1684 1848
1684 1896
1684 1835
1684 1948
1684 1993
1727 468
1684 2139
1684 1930
1684 1829
1684 2004
1661 2259
1684 1924
1684 1853
1684 2126
1732 1172
1661 575
1482 614
1684 1883
1684 1891
1661 2116
1732 1028
1684 1703
1399 719
1684 2200
1684 1800
1684 2056
1684 1843
1661 287
1684 1760
1684 2090
1684 1977
1684 2008
1684 2154
1732 912
1361 573
1684 2042
1603 103
1684 2184
1684 1699
1684 2309
1684 1971
1684 2021
1661 609
1684 2085
1397 73
1684 1988
1869 88
1618 607
1684 1876
1684 1980
1684 2117
1684 1737
1684 2051
1634 824
1684 1331
1313 57
1798 322
1684 1772
1661 870
1661 808
1495 373
1684 2006
1684 1837
1684 1652
1684 2251
1661 2340
1684 1818
1661 2403
1684 2316
1361 364
1684 2286
1684 1508
1684 2049
1684 1838
1684 1692
1680 1676
1684 303
1684 1793
973 29
1609 349
1732 1206
1684 2045
1661 2188
1684 2060
1661 2224
1684 1987
1732 1177
1732 1060
847 84
1684 1312
1684 2124
1684 1831
1661 978
1684 1971
1684 2139
1684 1754
1661 2089
1661 2308
1361 534
1684 2262
1684 2038
1634 1447
1661 2135
1684 2100
1684 1886
1661 2400
1684 2160
1684 1836
1684 1935
1684 2163
1684 1884
1661 515
1732 1211
1683 747
1684 2113
1684 2332
1684 2130
1661 2303
1684 1939
1732 1001
1683 413
1732 842
1661 2066
1684 2066
1661 2410
1684 2236
1684 1838
1684 1957
1684 2026
1684 1799
1618 588
1684 1763
1661 2107
1683 727
1684 1846
574 75
1684 2290
1684 1923
1684 2154
1684 2102
1684 1896
1684 1942
1684 1904
1684 1864
1684 2085
1065 60
1684 1869
1684 1875
1732 878
1684 2101
1684 1898
1661 2262
1661 2130
1684 2024
1661 2145
1684 2035
1684 1882
1661 2157
1684 2190
1661 1065
1684 2107
1684 1971
1661 2364
1684 1864
1684 1898
1480 156
1586 231
1684 2155
1661 2293
1684 2242
1661 588
1684 2331
1399 396
1684 2336
1684 1684
1684 2058
1661 2079
1732 531
1684 1725
1684 1927
1684 2392
1684 2067
1238 369
1684 2017
1661 2233
1684 2052
1684 2069
1684 1986
1684 1927
1238 321
1684 2006
1684 2035
1661 2051
1683 839
1684 2054
1684 1980
1732 1318
1684 2090
1618 243
1636 773
937 102
1684 1732
1238 293
1684 2149
1684 1980
1684 2159
1661 2030
2236 85
1684 2106
716 80
1661 1065
1684 1849
1684 1717
1684 1850
1684 1950
1661 430
1684 1970
1238 346
1684 1997
1661 2056
1684 1713
1684 2067
1684 2066
1684 1941
1732 1254
1684 2072
1661 2042
1661 1005
1684 1880
1684 2212
1684 2161
1684 2118
1684 2016
1684 2138
1684 2141
1684 1764
1684 1895
1661 920
1684 1840
1684 1826
1684 1468
1684 2130
1684 1961
1684 2238
1684 1901
1684 2049
1684 2299
1684 1831
1684 1946
1683 1223
1684 1828
1399 195
1684 2030
1618 223
1661 932
1743 71
1684 1941
1684 2171
1753 370
1684 2083
1684 2139
1732 754
1661 2270
1803 265
1683 587
1684 1823
1684 2120
1732 838
1684 1929
1684 1784
1363 609
1684 1226
1684 1948
1661 2222
1684 2031
1661 2349
1684 2290
1684 2076
1732 682
1684 2035
1684 1813
1684 1774
1684 2333
1684 2127
1684 2211
1684 1719
1684 2063
1684 2092
1684 1927
1684 2132
1684 1825
1684 2117
1684 2126
1697 1166
1684 1961
1661 959
1684 2026
1684 1994
1684 2078
1684 2115
1684 2362
1684 2082
1684 1988
1397 155
1684 1750
1732 680
1732 1340
1039 244
1684 2202
1684 2144
1684 2105
1684 2100
1684 893
1684 2078
1684 1244
1684 1779
1697 171
1684 1914
1684 1884
939 115
1684 1983
1684 1923
1684 2050
1684 1791
1684 2160
1684 2286
1727 579
1684 2153
1661 928
1684 1922
1684 1908
1607 250
1684 1957
1636 776
1684 1759
1684 2109
1684 2182
1684 1950
1684 2192
1684 1057
1414 435
1684 2119
1661 2198
1684 2036
1732 977
1661 2262
1684 1765
1684 2150
1684 1830
792 47
1684 1791
1661 737
1684 1185
1661 2177
1661 2351
1684 2086
1684 2101
1684 2196
1661 2008
1684 2196
1684 1661
1495 859
1684 2210
1684 2056
1697 162
1684 1854
1684 1807
1684 1029
1684 2181
1661 2395
1684 2181
1684 1693
1684 2005
1684 2097
1684 2204
1661 2059
1138 74
1683 440
1684 1770
1697 210
1684 1958
1661 2259
1684 2039
1684 2091
1684 2049
1684 1749
1683 787
1661 930
1684 2132
1684 1697
1684 1997
1684 2057
1661 2336
1684 2331
1684 1914
1684 2168
1661 2137
1684 2119
1684 1933
1661 2096
1684 2302
1684 1873
1684 1899
1684 1909
1684 2059
1684 2149
1684 2183
1661 2086
1684 2241
1363 654
1684 1939
1684 1973
1661 2434
1684 1933
1684 1983
1084 83
1684 2008
1684 2217
1399 402
1661 2294
1684 1248
1618 397
1399 153
1684 1993
1684 1890
1684 1972
1684 2202
1684 2269
1684 1925
1684 2099
1732 1724
1363 826
1684 2225
1684 2009
1684 1912
1684 1974
1684 1816
1684 1162
1684 1947
1684 1891
1684 2099
1684 1819
1684 2010
1684 1978
1684 1875
1732 1037
1034 77
1684 1633
1684 1703
1732 875
1684 2187
1684 2063
1684 2116
1684 1907
1684 2264
1684 1996
1684 1874
1684 2220
1349 181
1684 1784
1683 525
2260 2
1684 1968
1684 1295
1684 2000
1684 2111
1684 2104
1361 226
2236 204
1684 2256
1684 1575
1684 2058
1661 2223
1684 1896
1684 1959
1618 936
1684 2030
1684 1945
1684 2328
1697 977
1684 1985
1684 1597
1684 1765
1684 2170
1684 2098
1684 2209
1661 227
1661 2117
1399 239
1727 416
1034 151
1684 1756
1661 851
1684 2222
1684 1527
1684 2210
1684 2138
1618 861
1684 2222
1684 1984
1661 2102
1684 1753
1661 2393
1684 2030
1684 1860
1759 69
1684 1953
1732 1241
1684 1900
1684 1956
1661 2253
1684 2184
1349 609
1684 1134
1684 1502
1661 2194
1684 2110
1684 1992
1636 906
1684 2202
1172 192
1661 2302
1684 1952
1684 2245
1684 1739
1238 573
1661 2128
1684 2170
1684 1855
1684 2074
1618 889
1684 2062
1015 14
1684 2012
1684 1876
1661 1244
1683 479
1684 2206
1684 1963
1684 2096
1586 558
1684 2186
1684 1697
1684 1829
1684 2134
1684 2075
2098 31
1684 1733
1684 2072
1684 1697
1684 2250
1661 652
1684 1925
1684 2126
1361 533
1684 2000
1684 1675
1661 219
1684 2071
1684 1991
1661 448
1684 2041
1684 2291
1683 924
1684 1740
1684 2051
1732 1173
1661 535
1684 2176
1684 1979
1732 884
1684 2185
1684 1839
1684 1748
1661 737
1684 1747
1634 1537
1495 267
1661 2287
419 86
1732 1228
1661 755
1684 2047
1684 1778
1684 1940
1683 1111
1684 2057
1684 2025
1172 295
1684 2233
1684 1946
1661 2255
1349 501
1684 2167
1684 2124
1661 2193
1661 572
1684 1733
1732 1036
1661 2093
1684 1568
1684 2114
1684 2067
1684 2153
1661 2234
1586 545
1661 2425
1684 1935
1684 1934
1684 2098
1684 1824
1684 1913
1684 1952
1684 2168
1661 2407
1217 441
1684 1710
1684 1903
1684 2134
1684 2336
1661 2068
1684 1980
1684 2342
1684 2197
1363 325
1732 848
1684 1834
1661 2411
1661 2121
1684 810
1684 2196
1732 1252
1684 1915
1684 1712
1684 1637
1684 2068
1732 1335
1684 1881
1684 2025
1684 2167
1684 2075
1684 1981
1684 1784
1684 2067
1684 1669
1684 1885
1684 2025
1684 2224
1661 497
1684 2066
1661 2318
1684 1775
1661 2045
1060 78
1684 1890
1684 1965
1684 1845
1661 2196
1684 1713
1684 1739
1684 2178
1684 1746
1732 1445
1684 1869
1164 224
1684 1939
1684 1959
1732 1410
1683 1094
1684 1553
1065 10
1684 2052
1684 2051
1684 1809
1661 2427
1684 2119
1684 2183
1661 2360
1661 2392
1684 1792
1684 1816
1684 2296
1684 1772
1684 1891
1684 1986
1661 2312
1684 1919
2025 63
1361 415
1684 1637
1684 1929
1684 2156
1684 2125
1684 2139
1661 901
2339 72
1903 95
1684 2341
1732 566
1684 2155
1684 1963
1661 911
1684 2209
1732 1608
1684 1975
1684 2335
1684 2155
1684 2093
1684 1994
1732 1436
1684 2189
1684 1717
1684 1889
1684 1679
1684 1825
1661 2188
1684 1505
1732 919
1349 569
1661 2379
1684 1985
1684 2290
1684 1870
1684 1970
1684 2338
1684 104
1684 1630
1684 2128
1684 1728
1684 912
1684 1948
1684 2329
1684 1762
1684 2093
1164 392
1684 1945
1684 1804
1684 1869
1732 710
1684 1935
1684 1906
1661 403
1238 259
1684 2107
1684 2109
1661 2174
1684 2073
1684 2072
1684 1788
1684 1699
1684 2174
1727 383
1684 1833
1684 418
1634 1565
1684 1985
1684 1731
1798 31
1684 1959
1684 1869
1684 1749
1684 2026
1684 2232
1684 2039
1684 2315
1684 1984
1414 86
1684 2251
1732 976
1684 2152
1684 1926
1732 1582
1684 2182
1684 1883
1684 2031
1363 539
1684 2333
1798 35
1661 2120
1684 2010
1684 1790
1684 2023
1661 2180
1684 1870
1684 1846
1684 2212
1684 2265
1684 1963
1684 1933
1661 884
1732 866
1732 843
1697 272
1680 1356
1684 1976
1684 1949
1361 516
1732 688
1683 462
1732 1643
1683 562
1684 2091
1684 1959
1661 2384
1684 1943
1684 1817
1586 615
1684 2224
1684 1788
1684 1851
1684 2048
1683 567
1684 2155
1668 49
1684 1898
1684 2162
1661 2316
1684 2189
1684 1873
1684 1957
1684 2084
1684 1994
1732 396
1684 1885
1684 2125
1060 84
1684 2005
1732 917
1661 2131
1683 568
1684 1850
1684 2142
1684 1750
1684 2250
1684 2050
1684 2094
1684 1870
1661 1078
1732 48
1684 2280
1684 2226
1782 222
1684 1783
1684 1689
1607 291
1732 1057
1363 764
1634 1313
1414 485
1684 2250
1684 1669
1684 1938
1684 2149
1684 1491
1684 1856
1684 2018
1684 2012
1684 1857
1732 940
1732 791
1684 2300
1684 1911
1397 257
1684 2139
1684 1756
1684 2083
1684 1591
1969 88
1684 1484
1661 2387
1684 2047
1732 304
1684 1878
1684 1709
1684 2183
1661 2133
1684 1941
1661 2125
1363 1668
1683 1142
1661 2295
1661 2185
1363 773
1732 1181
1684 2130
1684 2166
1684 1980
1684 1841
1661 2227
1684 1849
1684 2153
1684 1685
1361 451
1684 1997
1684 2129
1684 1846
1684 1860
1684 1851
1099 39
1684 1776
1684 1774
1684 2169
1684 2034
1684 1901
1684 1810
1709 1197
1684 1861
1683 998
1684 2064
1684 1926
1661 988
1684 1840
1661 487
1684 1863
1661 2211
1684 2113
1684 2052
1732 737
1684 1947
1661 678
1684 2218
1684 2011
1732 1258
1684 1847
1684 1820
1684 1671
1684 2055
1684 1888
1709 1261
1684 2163
1684 2183
1684 2259
987 62
1172 163
1636 704
1661 2173
1732 665
1039 271
419 94
1684 1790
1684 2196
1361 401
1684 1769
1684 2043
1349 184
1661 2256
1164 312
1636 915
1661 2113
1684 1803
1684 1978
1684 1910
1684 1911
1727 302
1661 2428
1684 2241
1684 2195
1684 2009
1684 2254
1684 1962
1140 232
1684 2053
1684 1939
1727 244
1684 1680
1626 67
1684 1951
1397 190
1732 817
1684 2012
1684 2082
1661 2272
1684 1925
1684 1770
1684 2240
1684 1858
1684 1758
1684 2084
1363 1599
1684 1872
1661 2181
1684 1964
1684 1865
1661 769
1684 1840
1684 1866
1684 2311
1683 799
1684 1769
1684 1966
1684 1922
1732 1402
1684 1939
1684 2049
1661 2177
1684 1911
1661 849
1684 2097
1684 943
1684 1933
1684 2096
1684 1922
1684 1929
1684 1828
1684 2274
1683 557
1684 1874
1684 2283
1684 1848
1618 639
1684 1891
1661 2283
1684 1881
1684 2057
1586 567
1684 1819
1732 1461
1684 1955
1661 868
1684 1958
1618 965
1414 541
1661 2207
1732 963
1684 2143
1684 1875
1684 1900
1397 105
1727 333
1471 73
1684 2198
1684 1962
1085 71
1684 2180
1709 1132
1684 2242
1661 233
1684 2135
1684 2178
1684 1940
1684 2233
1684 2032
1238 192
1684 2220
1684 2085
1684 1784
1586 632
1684 1726
1661 2323
1684 1911
1399 406
1684 2017
1684 2156
1684 1984
1732 1344
1684 2208
1684 2120
1709 1211
1399 590
1684 1831
1598 55
1414 634
1684 2083
1684 2090
1334 257
1684 1996
1684 2083
1684 2271
1684 2287
1684 2059
1684 2008
1363 20
1684 1700
1684 2030
1684 2030
1732 810
1399 481
1471 103
1732 1300
1361 369
1684 2056
1684 1665
1661 2121
1684 2033
1495 820
1361 390
1727 531
1661 2283
1684 2036
1684 1906
1732 668
1684 2154
1732 690
1684 2010
1684 2315
1684 2006
1618 646
1471 106
1363 638
1684 1875
1684 2243
1661 2276
1684 1852
1164 177
1661 993
1684 1904
1684 1922
1684 1998
1684 2194
1683 1378
1684 1694
1399 748
1684 2084
1684 2326
1684 1199
1684 2028
1399 636
1684 2191
1684 2211
1684 2100
1684 2169
1684 2083
1684 2021
1684 1956
1732 553
1684 1725
1661 688
1732 697
1684 2205
1684 1924
1684 1969
1709 1170
1684 2190
1732 1089
1684 1200
1684 2165
1684 1957
1732 720
1684 1992
1661 2209
1684 2153
1684 1705
1684 2003
1727 422
1684 2152
1684 1920
1684 1854
1684 2207
1684 1992
1683 799
1684 1813
1684 1865
1661 606
1684 1806
1399 469
1684 2127
1661 2291
1684 2160
1684 2164
1684 2061
1684 1817
1684 2268
1684 1483
1586 191
1684 2215
1684 2058
1661 2320
1684 2192
1684 1858
1684 1870
1684 1868
1684 2004
1618 845
1684 2143
1684 1856
1684 1042
1684 2092
1684 2325
1684 1983
1684 2043
1349 134
1684 2195
1684 2090
1684 2298
1661 2212
815 1
1732 611
1684 2258
1684 2275
1732 1302
1684 1871
1732 855
1661 306
1661 2092
1172 220
1684 1855
1363 1306
1661 366
1684 1460
1684 2073
1661 2212
1408 180
1684 2214
1684 1958
1684 1801
1684 1760
1684 2038
1684 1927
1661 2395
1684 2153
1684 2035
1684 2236
1636 667
1684 2073
1684 1901
1684 2068
1684 2017
1684 1803
1684 1747
1661 2297
1684 1298
1399 528
1684 1914
1684 2274
1618 36
1684 1668
1684 2267
1684 1871
1684 2222
1684 1881
1732 860
1684 2064
1684 2291
1684 1793
1661 2320
1661 2126
1684 895
1684 2082
1684 1899
1732 546
1684 1950
1661 2209
1349 298
1661 2264
1684 2232
1363 561
1684 1962
1684 1724
1684 1858
1661 2349
1684 1695
1039 278
1732 1516
1661 2177
1684 2067
1661 2196
1634 1673
1684 2105
1684 1848
1684 2055
1684 2049
1620 344
1684 2036
1680 1741
1684 1933
1661 2333
1684 2049
1684 1919
1618 570
1684 2048
1732 1157
1684 2018
1684 2023
1684 2172
1684 1806
1661 2289
1684 1632
1661 822
1684 1927
1684 1773
1684 1919
1548 32
1684 2107
1684 2059
1684 2120
1684 1760
1684 1820
1661 2355
1684 2187
1732 815
1295 63
1684 2107
1349 274
1798 332
1684 2269
1684 1986
1683 723
1684 1990
1684 2014
1634 1632
1684 1900
1661 2258
1684 2262
1684 2031
1684 2086
1732 1196
1684 2303
1684 1676
937 90
1732 1348
1618 176
1684 1878
1684 1955
1732 1287
1217 630
1363 1153
1661 2249
1684 1998
1684 2316
1684 2247
1684 1306
1684 1900
1684 2328
1684 1819
1684 2001
1732 687
1684 1751
1399 411
1684 1863
1684 1768
1684 1935
1661 2276
1684 2177
1684 1962
1684 2219
1684 2314
1618 480
1732 1075
1361 313
1684 2087
1684 1831
1732 853
1684 1813
1684 1972
1684 1927
1684 1893
1684 1842
1684 1970
1684 1801
1732 995
1684 1841
1683 886
1684 1669
1684 1772
1661 2335
1684 1905
1684 1787
1618 643
1661 2223
1661 2183
1140 205
1172 136
1732 1428
1684 1839
1684 1872
1684 1950
1684 1961
1684 2137
1661 462
1684 1895
1661 2137
1684 2177
1680 1921
1684 2044
1684 2057
1684 1944
1661 2298
1684 2284
1684 2001
1618 868
1684 1810
1684 2206
1684 2185
1684 1993
1618 557
1684 2166
1363 671
1019 102
1684 2176
1732 867
1684 1965
1661 2121
1684 1819
1684 1763
1684 2031
1140 199
1684 1982
1684 1905
1684 1912
1684 2033
1680 1861
1684 1936
1414 536
1684 2036
1661 2189
1684 2005
1684 1989
1684 2002
1684 1981
1039 301
1684 2090
1684 1937
1684 1985
1661 2397
1684 2009
1349 486
908 58
1618 328
1684 1808
1684 2060
1414 429
1697 129
1661 2097
1363 114
1661 2358
1586 296
1684 1845
1618 255
1684 1298
1684 2001
1684 1923
1661 2100
1684 1841
1684 1984
1684 1991
1683 1447
1684 1869
1684 2021
1661 2124
1684 1754
1684 2242
1684 1909
1684 2025
1684 1803
1684 2153
1684 1792
1684 1696
1684 2004
1684 1948
1684 1731
1684 2132
1684 1725
1399 443
1684 2146
1732 603
1732 1104
1684 2069
1683 1007
