2713
18 2877
271 2875
336 380
127 2943
202 2998
924 2930
11 2857
216 2861
31 2967
206 2973
154 2823
229 2805
1529 1768
167 2774
12 2911
177 2874
216 2716
103 2766
224 2762
89 410
191 2809
2 2878
82 2883
203 2780
55 2719
815 2358
110 2713
121 1674
278 2993
132 2852
1725 2446
279 2731
122 2958
219 2732
201 1502
2475 2498
36 2956
69 2932
14 2887
138 2909
1943 2107
162 2790
349 2971
84 2745
192 2891
54 2781
117 2752
154 2956
180 2739
1098 2403
91 2737
252 2865
22 2816
213 2925
25 2956
210 2794
146 2922
46 2992
278 2760
111 2897
49 2755
16 2768
124 2893
257 2993
2384 2453
91 2760
45 2836
889 2285
230 2947
68 2787
1371 1845
157 2759
987 1683
827 2051
250 2755
208 2772
437 1229
97 2813
80 2715
286 2865
106 2869
121 2906
265 2876
111 2903
34 2723
92 3000
260 2868
203 2709
73 2730
271 2806
128 2820
40 2979
188 2740
146 2712
91 2952
222 2726
83 2739
111 2703
155 2756
152 2961
110 2983
267 2937
127 2814
273 2992
68 2710
147 2998
225 2961
217 2708
291 2893
72 2904
118 2832
101 2945
186 2989
176 2852
17 1568
194 2953
215 2780
67 2831
212 2766
755 2227
7 2992
130 2793
54 2922
122 2996
182 2771
283 2823
19 2756
209 2781
88 2773
168 2849
190 2915
136 2824
218 2982
215 2941
285 2163
243 2852
5 2854
30 2968
140 2708
18 2791
66 2957
206 2984
1140 1439
210 2958
1838 2262
98 2959
294 2845
296 2953
198 2971
74 2706
241 2737
194 2867
54 2849
25 2951
192 2963
74 2841
579 1650
1360 1799
502 2130
240 2776
983 1088
205 2849
1901 2266
264 2700
246 2732
241 2945
28 2735
223 2969
235 2780
77 2944
168 2828
107 2829
259 2890
91 2704
126 2890
88 2788
75 2710
227 2792
52 2995
880 2698
111 2875
288 2048
258 2915
674 951
119 2737
164 2905
269 2760
97 2985
40 2878
256 2946
269 2898
473 1468
293 2943
164 2480
228 2828
192 2820
162 2911
282 2778
141 2996
130 2824
1 2742
142 2915
114 2992
49 2781
222 2887
22 2790
720 1946
188 2702
199 2977
98 2825
266 2775
87 2853
249 2784
249 2814
666 1898
52 2874
120 2856
215 2771
184 2750
427 510
242 2725
28 2728
2098 2568
46 2973
1022 2733
296 2950
20 2725
30 2730
224 2898
157 2939
1932 2426
74 2830
504 2861
53 2869
175 2943
284 2982
198 2714
64 2934
284 2869
64 2874
250 2705
174 2771
427 1367
130 2708
81 2742
102 2869
187 2858
293 2930
20 2887
272 2843
157 2782
266 2703
641 2883
95 2987
73 2733
69 2883
47 2809
55 2719
33 2778
34 2769
134 2703
282 2929
218 2978
157 2956
710 1459
950 1682
751 1249
150 2984
205 2929
60 2904
83 2821
285 2710
233 2827
155 496
27 2879
154 2800
193 2816
94 2954
17 2930
139 2789
208 2728
338 2002
100 2926
298 2898
639 1693
694 2784
254 2872
479 962
1921 2406
1698 2107
1953 2306
118 2765
247 2793
2325 2589
91 2795
259 2793
276 2760
96 2741
1034 1145
159 2850
266 2960
115 2897
1494 1692
1984 2290
101 2941
285 2721
127 2068
153 2790
1618 2774
204 2823
1344 2184
298 2852
175 2760
169 2833
132 2887
123 2961
103 2913
248 2825
16 2898
80 2788
177 2972
123 2792
67 2789
125 2941
266 2806
253 2738
7 2722
317 1589
26 2808
1039 2256
259 2718
30 2928
81 2786
2 2706
920 1741
177 2827
257 2814
248 2905
144 2875
243 2711
9 2940
710 1317
235 2703
28 2792
286 2845
260 2816
1003 1255
50 2828
9 2755
65 2929
137 2910
157 2964
195 2714
62 2847
213 2784
147 2951
126 2727
144 2756
2540 2679
273 2806
172 2869
261 2735
187 2750
161 2454
47 2872
120 2916
162 2914
295 2846
140 2849
1238 1832
88 2992
67 2905
93 2762
81 2842
176 2922
26 2846
37 2917
80 2795
143 2777
169 2983
292 2983
60 2951
201 2741
76 681
44 2748
54 2934
165 2809
6 2804
284 2719
108 2818
12 2837
19 2906
162 2822
115 2751
172 2937
34 2791
115 2979
2236 2879
219 2894
20 2890
157 2726
59 2971
144 2931
31 2921
242 2806
229 2926
257 2562
17 2823
1648 2403
52 2896
8 2998
158 2723
227 2751
269 2782
2156 2826
235 2927
53 2845
75 2821
186 2717
146 2718
233 2980
2159 2901
104 2838
147 2894
109 2970
100 2976
264 2810
1 2792
131 2706
1820 2335
130 576
1925 2015
225 2870
83 2704
1656 1662
229 2911
227 2772
74 2947
105 2960
1179 2483
29 2917
147 2845
190 2962
852 2830
300 2752
426 1629
181 2743
153 2720
148 2850
268 2288
82 2828
276 2832
95 2970
107 2988
204 2794
293 2907
225 2929
232 2915
17 2873
227 2956
2572 2654
706 981
83 2899
259 2847
300 2778
197 2905
115 2726
133 2916
173 2995
156 2917
207 2993
236 2971
213 2894
1732 2494
187 2855
198 2740
43 2758
903 1777
76 2863
111 2779
16 2862
185 2989
124 2993
232 2776
10 2756
192 850
232 2815
1661 1758
276 2979
1645 2005
162 2866
204 2929
2567 2925
163 2756
296 2808
256 2849
4 2739
1660 2464
246 2963
71 3000
18 2825
164 2804
195 2837
100 2886
123 2835
358 2756
80 2732
179 2714
2160 2924
158 554
5 2917
226 2738
101 2773
576 2099
2227 2358
7 2921
144 2808
64 2793
10 2787
92 2885
213 2780
229 2972
1217 2271
154 2700
162 2811
2260 2446
17 2824
50 2885
232 2876
178 2817
38 2725
206 2734
230 2792
293 2747
2629 2738
288 2743
267 2842
239 2775
241 2880
1480 2577
213 2810
10 2940
2025 2318
1353 2869
3 2725
79 2783
99 2702
218 2749
282 2750
152 2720
2 2795
35 2879
37 2778
128 2810
143 2927
249 2718
135 2949
257 2849
273 2909
214 2754
418 1329
12 2790
168 2997
238 2742
254 2720
206 2747
90 2980
19 2981
181 2734
2545 2790
237 2931
187 2809
137 2827
289 2878
250 2833
30 2846
34 138
75 2971
57 2806
282 2971
92 2861
70 2989
67 2814
101 2735
294 2778
159 1563
172 2772
285 2847
194 2786
135 2820
108 2764
162 2766
161 2777
166 2853
25 2785
184 2840
218 2791
141 2763
273 2724
1753 2466
188 2732
156 2938
179 2974
1692 2243
173 2832
130 2792
123 2178
283 2994
2 2761
85 2872
2536 2578
81 2936
202 2912
67 2865
96 2924
66 2820
211 2955
132 2903
180 2888
120 2776
17 2728
1471 1728
138 2733
776 1945
128 2918
229 2721
189 1183
1195 1684
465 498
106 2897
183 2704
169 2817
199 2750
20 2808
160 2770
60 2876
212 2964
973 2239
193 2947
41 2959
210 2850
230 2745
84 2905
145 2734
279 2792
634 2157
220 2930
284 2939
296 2876
267 2705
125 2773
259 2893
42 2835
226 2824
249 462
179 2943
95 2005
82 2793
59 2956
1759 2285
259 2864
148 2753
196 2715
134 2703
663 2834
139 2780
1047 1502
165 2743
50 2898
135 696
237 2902
1620 2975
169 2859
200 2947
210 2885
299 2900
256 2747
214 2177
2276 2826
219 2817
173 2744
654 884
222 2909
220 2937
281 2904
66 2968
279 2756
575 2701
268 2726
26 2749
984 2907
256 2998
236 2737
647 2227
185 2765
88 2838
2222 2868
1084 2614
284 2854
656 2524
1684 1756
94 2735
29 2967
194 2906
78 2751
721 2132
2703 2713
193 2808
5 2914
290 2786
290 2892
824 1355
110 2962
134 2993
29 2718
171 2757
106 2821
9 2838
230 2962
259 2847
42 2757
173 636
274 2916
256 2701
179 2730
114 2935
1512 2521
404 1861
243 2703
294 2922
28 2704
1495 2551
170 2803
166 2744
213 2724
115 2911
61 2944
47 2782
83 2732
124 2949
163 2817
290 2849
276 747
85 2891
93 2987
158 2857
2511 2635
251 2963
97 2889
74 2890
1697 2796
227 2915
263 2860
297 1689
153 2781
162 2766
85 2798
125 2915
642 1113
156 903
192 2982
96 2896
91 2756
186 2871
5 2838
52 2768
181 2756
1844 2049
51 2884
107 2839
702 1027
36 2785
63 2839
1782 2535
174 2860
940 1840
179 2751
23 2862
102 2754
7 2785
163 2931
181 2950
69 2978
2104 2851
101 2704
26 3000
122 2896
10 2962
178 2722
65 2824
238 2738
1353 2740
46 2962
2423 2605
108 2822
11 2896
21 2726
195 2786
44 2730
150 2774
691 1985
66 2994
230 2928
73 2906
175 2993
143 2794
122 2621
273 2846
53 2780
41 2966
41 2842
136 2750
76 2808
23 2877
279 2780
225 2811
1534 2427
112 2763
133 2867
239 653
13 2891
37 2843
178 2867
135 2836
198 2880
182 2950
599 1523
847 1756
237 2928
165 2745
174 2978
1770 2749
214 2859
273 2861
106 2835
263 2746
2151 2367
78 2845
1969 2253
95 2976
248 2879
290 2760
223 2853
85 2944
21 2937
56 2974
1803 1826
287 2754
85 2863
49 2953
186 2959
1217 1637
155 2876
130 2999
231 2769
54 2774
229 2747
77 2867
84 2981
216 2714
200 2712
252 2896
1214 1996
70 2833
34 2714
70 2725
596 1747
937 1695
35 2901
235 2925
281 2980
8 2701
262 2993
15 2786
239 2793
194 2824
2737 2781
54 2915
256 2792
139 2770
98 2825
383 1249
54 2879
91 2781
211 2881
100 2936
76 2813
288 2838
5 2839
281 2728
145 2784
99 2821
21 2734
215 2889
99 2715
239 2999
743 2794
191 2714
1283 1635
141 2892
292 2958
1861 2009
567 2054
79 2174
197 2923
55 2810
202 2895
15 2755
1885 1916
20 2955
59 2942
200 2825
1586 1764
69 2778
226 2964
1399 2208
108 2860
34 2936
289 2787
84 2876
174 2705
791 1059
114 2777
117 2972
141 2833
24 2735
130 2799
1131 1457
400 916
149 2942
250 2744
115 2903
6 2762
33 2716
140 2826
204 2928
210 2770
213 2956
169 2993
217 2824
190 2789
229 2945
159 2978
68 2781
169 2898
513 1692
2 2991
162 1496
232 2795
100 2738
792 1852
135 2841
125 2940
55 2877
1893 1993
36 2819
91 2911
275 2809
117 2935
245 2858
22 2995
230 2810
214 2957
298 2751
259 2813
17 2935
1 2724
64 2882
1286 2963
1475 2752
78 2825
273 2328
127 2891
1363 2331
148 2727
256 2888
116 2713
265 2408
44 2841
234 2855
104 2777
162 2805
259 2876
17 2772
124 2807
212 2820
130 2762
54 2714
40 2925
174 2753
241 1186
225 2934
147 2933
1772 2325
219 2860
62 2726
46 2719
130 2850
167 2720
26 2928
254 2867
223 2947
293 2853
260 2871
200 2848
209 2765
150 2758
120 2815
1549 2345
141 2837
253 2803
82 2871
82 2833
1143 1690
91 2763
52 2844
150 2932
1905 2492
309 2746
245 2875
10 2789
95 2735
155 2862
50 2711
81 2716
82 2938
124 2456
206 2855
216 2982
172 2736
51 2766
120 2725
148 201
206 2754
21 2939
559 2859
251 2777
263 2871
39 2711
283 2895
164 2872
276 2959
697 1411
28 2992
2477 2850
173 2789
108 2946
188 2937
908 2553
276 2717
108 2913
789 1097
87 2773
743 1769
212 2839
34 2765
103 2759
2023 2817
135 2794
275 2952
70 2769
110 1737
3 2789
35 2988
184 2819
1 2852
300 2985
127 2837
292 2995
89 2891
231 2890
272 2899
363 1910
62 2837
1954 2825
963 1440
1453 1757
276 2802
399 1292
46 2934
16 2776
671 2015
261 907
129 2943
287 2763
193 2702
253 2761
59 2933
433 2539
28 2980
195 2865
62 2930
86 2762
258 2725
163 2925
126 2986
62 2992
1482 1814
145 2720
333 402
65 2964
140 2725
224 2772
1172 2748
249 2705
606 1139
260 2946
223 2721
275 2784
2400 2862
93 2769
73 2895
292 2883
62 2814
143 2835
102 2765
127 2837
266 2866
94 2959
163 2769
295 2998
50 2722
204 2363
26 2829
43 2895
219 2932
1134 2014
209 2768
198 2826
217 2951
143 2702
348 2901
117 2812
120 2764
137 2933
175 2762
268 2706
72 2947
293 2701
55 2820
42 2866
81 2901
144 2964
64 2790
26 2938
751 2607
161 2956
161 2733
204 2778
93 2890
290 2796
153 2805
274 2869
62 2969
165 2803
273 2717
197 2941
112 2755
136 2873
99 2891
231 2911
144 2838
8 2829
207 2771
112 2804
141 2843
1798 2142
118 2752
109 2706
244 2710
163 2947
167 2793
257 2781
501 2796
100 2817
20 2856
130 2778
158 2794
36 2706
212 2918
118 2930
55 2703
53 2860
265 2908
254 2881
6 2982
13 2774
129 1982
121 2892
277 2754
82 2846
28 2831
129 2786
81 2826
114 2771
289 2726
80 2755
117 2748
254 2986
87 2831
1981 2470
42 2982
288 2949
51 2999
1349 1484
61 2754
146 2955
1108 1595
172 2793
264 2788
88 2906
221 2954
50 2918
117 2783
286 2994
59 2926
176 2780
192 2885
66 2759
68 2890
270 2958
121 2718
216 2985
84 2704
278 2875
285 2838
255 2921
181 2908
271 2732
74 2870
77 2794
1313 2098
221 2934
299 2843
1309 1349
235 2854
221 2852
183 2839
250 2989
171 2837
23 2757
1732 2583
282 2990
1004 1810
72 2959
274 2850
78 2896
77 2991
117 2992
27 2837
134 2795
291 2956
247 2759
196 2978
230 2926
36 2765
76 2796
37 2731
47 2983
158 2823
244 2937
447 1319
97 2729
223 2899
95 2769
54 2857
74 2825
115 2885
22 2825
245 2986
164 2823
218 2905
290 2792
110 2915
1189 2646
236 2944
202 2955
204 2751
242 2866
44 2695
65 2751
70 901
252 2898
72 2704
120 2815
1697 2498
29 2938
2374 2762
815 2219
216 2776
814 1932
48 2777
68 2738
149 2964
64 558
182 2911
93 2719
1346 2189
200 2725
866 2057
119 2897
237 2397
127 2841
102 2814
125 2718
272 2891
1015 1084
220 2841
190 2819
298 2798
41 2726
624 1827
39 2730
2102 2202
198 2893
35 2988
41 2840
298 2756
358 2593
163 2809
290 2778
183 2872
287 2727
11 2878
276 2904
275 2858
286 2975
206 2937
152 2822
227 2953
226 2940
169 2887
87 2851
80 2780
205 2810
193 2809
52 2816
30 2860
17 2719
54 1970
523 2367
228 2867
707 1515
606 2710
140 2715
69 2892
232 2915
297 2924
122 2746
1063 1858
67 2892
98 2800
138 2974
6 2887
74 2706
2324 2766
52 2916
63 2722
108 2772
66 2417
38 2991
334 633
204 2966
38 2859
43 2728
243 2941
2704 2913
152 2944
2059 2360
1329 2338
273 2862
258 2776
5 2901
279 2846
229 2844
19 2936
58 2961
134 2742
197 2898
162 2966
47 2623
190 2835
2 2827
38 2994
31 2712
878 2208
63 2320
152 2757
143 2820
268 2839
77 2973
275 2749
71 2743
205 2783
202 2774
142 2905
29 326
39 2918
198 2975
149 2930
199 2833
105 2940
1332 2763
14 2730
268 2808
239 2995
259 2931
1626 2955
120 2853
895 1801
88 2803
145 2908
187 2711
131 2947
89 2772
283 2753
12 2942
234 2934
795 2527
6 2863
350 2043
155 2890
19 2823
133 2716
202 2934
1099 2313
80 2993
87 2743
83 2843
58 2949
306 1468
40 2818
175 415
98 2789
149 2950
69 2743
290 2968
104 2814
95 2743
164 2952
288 2760
667 1323
239 2766
254 2917
274 2812
161 2933
5 2842
1100 2946
219 2774
182 2906
58 2990
189 2936
736 2569
287 2803
41 2839
1328 1945
155 2775
203 2858
50 2850
1039 1991
62 2877
16 2878
110 2704
258 2978
191 2912
1697 2197
235 2990
47 2735
135 2873
1362 2283
109 2764
1680 2347
235 2721
53 2784
1980 2079
5 2771
2725 2843
56 2824
53 3000
209 2847
270 2838
143 2936
175 2734
51 2791
279 2758
276 2702
294 2806
21 2872
32 2845
261 2934
44 2785
79 2716
45 2719
213 2822
136 2824
1903 2895
217 2724
192 2959
227 2883
59 2952
20 2722
147 2731
121 2817
155 2993
153 2802
256 2789
262 2916
127 2722
276 2738
245 2854
27 2930
348 1173
68 2917
220 2726
2439 2915
289 2872
1145 1384
158 2791
106 2815
195 2853
152 2925
137 2798
117 2842
284 2720
229 2856
136 2779
39 2890
113 2098
150 2979
216 2907
860 1376
1276 1294
68 2887
79 2932
297 2628
143 2965
63 2732
611 1030
144 2885
59 2852
57 2928
183 2706
1604 2730
1634 2849
165 2883
277 2946
290 2822
114 2779
65 2921
270 2788
86 2703
64 2918
101 2975
116 2939
215 2731
67 2885
107 2894
228 2815
225 2801
68 2747
38 2991
179 2934
97 2899
292 2998
280 2715
180 2943
125 2798
173 2920
275 2945
24 2840
72 2832
1668 2112
47 2950
21 2927
154 313
211 2736
271 2931
189 2922
171 2865
136 2926
117 2856
211 2894
133 2914
424 667
120 2819
20 2887
574 1799
289 2723
454 2993
205 2832
390 1131
159 2704
53 2896
134 2916
291 2922
273 2743
98 2973
82 2730
94 2909
261 2987
158 2755
38 2939
249 2725
291 2814
135 2962
212 2827
115 2724
74 2846
268 2928
125 2896
465 1733
217 1235
1164 1249
135 2851
98 2869
169 1424
168 2970
48 2975
192 2963
172 2864
179 2825
135 2780
242 2759
278 2772
187 2995
71 2740
234 2877
268 2731
150 2995
20 2758
822 2877
205 2902
36 2843
123 2851
169 2754
234 2935
293 2818
216 2857
116 2997
2560 2905
1050 1408
273 2857
108 2999
98 2923
1060 1964
733 2684
220 2841
116 2924
176 2974
280 2929
28 2892
93 2960
81 2960
179 2776
82 2909
351 1886
163 2812
138 2873
1830 2137
32 2783
123 2844
5 380
115 2844
184 2899
2088 2664
29 2969
1743 1779
293 2706
1144 2031
1041 2397
88 2726
26 2923
1 2741
104 2787
295 2841
2307 2462
1 2989
4 2737
161 2908
262 2868
222 2961
55 2808
284 2977
1636 1881
1727 2668
282 2805
288 2817
2323 2697
207 2711
15 2779
1 2760
99 2989
269 2754
22 2755
545 793
155 2747
59 2903
1385 2238
187 2726
501 2625
31 2796
2278 2424
41 2760
110 2701
246 2789
254 2958
250 2861
157 2716
1683 2884
2432 2803
166 2949
96 2970
122 2948
286 2927
444 1185
25 2728
229 2913
158 2847
216 2862
165 2847
264 2870
69 2831
226 2837
133 2730
273 2892
131 2787
146 2768
90 2922
35 2852
780 2046
174 2830
637 2749
2325 2354
214 2893
27 2962
221 2911
121 2990
160 2719
195 2749
203 2736
117 2794
46 2906
30 2777
2795 2996
107 2787
50 2930
174 2856
144 2857
233 2991
151 2855
28 2765
114 2758
466 2342
220 2741
289 2830
103 2795
253 2916
265 2747
28 2933
147 2861
211 2841
188 2963
86 2713
182 2725
134 2773
200 2859
188 2770
14 2847
235 2750
136 2888
68 2890
254 2891
252 2835
236 2877
136 2916
266 2792
293 2733
464 2017
182 2898
154 2742
24 2909
215 2770
136 2775
53 2827
52 2880
4 2972
172 2763
3 2827
1822 2326
281 2954
909 2209
256 2762
162 2937
300 2953
779 2747
452 1959
141 2860
199 2766
50 2915
221 2703
227 2872
281 2871
245 2844
97 2812
26 2791
202 2975
241 2924
156 2786
72 2951
93 2900
158 2712
937 1443
49 2957
237 2704
192 2845
79 2751
13 2810
145 2810
263 2980
213 2995
77 2731
188 2785
121 2751
828 2267
655 2534
53 2903
28 2713
245 2771
74 2878
743 1755
1065 1084
136 2713
54 635
203 2959
30 2822
796 2903
194 2886
44 2890
62 2910
257 2722
1802 2776
235 2812
186 2942
162 2888
60 2718
182 2790
242 2875
116 2983
63 2249
30 2821
1508 2635
31 2749
71 2828
551 2664
263 2876
45 2724
11 2899
35 2759
270 2738
490 2634
223 2715
113 2917
254 2809
248 2885
2265 2850
251 2771
66 2987
237 2875
216 2737
180 953
286 2881
70 2977
284 2874
256 2937
201 2751
14 2824
2791 2806
557 2211
8 2749
88 2722
85 2853
68 2941
218 2890
62 2961
208 2944
294 2992
280 2989
62 2976
1548 2002
1519 2085
226 2804
10 2889
243 2722
102 2808
2539 2922
133 2987
134 2742
8 2857
923 1750
53 2923
235 2931
255 2731
837 2579
1567 2404
250 2832
168 2734
1618 2672
272 2738
1349 2622
229 2760
190 2902
168 2729
2140 2368
144 2784
22 2945
83 2924
139 2794
262 2765
1869 2696
762 2921
143 2991
13 2749
110 2837
1603 2349
57 2727
1411 2379
279 1928
915 2551
40 2721
21 2700
126 2808
144 2244
230 2737
85 2937
128 2779
1305 1904
163 2870
71 2862
285 2992
145 2858
230 2829
286 2907
180 2752
220 2919
291 2874
1002 1102
184 2988
296 2880
94 2812
231 2822
237 2967
1864 2832
261 2733
40 2746
108 2889
54 2876
94 2899
133 2869
85 2895
2163 2177
1598 1717
206 2941
12 2985
119 2871
126 2830
723 1689
232 2942
228 2938
865 2904
1502 2107
222 2818
145 2967
45 2024
49 2852
125 2817
32 2968
142 2744
163 2872
57 2942
66 2935
127 2999
269 2732
990 1834
70 2925
97 2913
199 2810
877 1789
677 1775
67 2900
116 2896
192 2755
1363 2191
166 2976
269 2710
153 2867
285 2916
1 2872
3 2714
252 2722
128 1303
164 2788
47 2948
242 2996
41 2816
80 2864
34 2735
1189 1656
153 2716
202 2930
654 2977
76 2775
152 2960
69 2992
383 2343
140 2866
169 2989
84 2792
99 2785
255 2889
22 2770
36 2833
1295 1462
56 2859
238 2714
189 2716
1813 2848
140 2894
188 2790
1205 2962
934 1391
81 2912
198 2875
1607 2351
112 2979
148 2985
1657 1739
2050 2581
627 2112
60 2937
235 2784
182 2844
30 2879
175 2792
1297 1774
115 2978
23 75
215 2863
157 2805
98 2709
154 2733
1414 2151
117 767
125 2743
161 2990
56 2843
87 2923
16 2918
145 2841
57 2287
36 2753
135 2905
78 2758
151 2724
85 2869
97 2996
229 2786
229 2725
266 2866
261 2790
298 2882
176 2756
295 2950
58 2850
163 2881
113 2734
102 2857
178 2725
240 2921
199 2829
259 2861
59 2977
99 2952
247 2736
201 2979
152 2803
193 2742
132 2938
63 2804
145 2806
11 2793
1204 2386
85 2941
247 2735
244 2951
50 2947
157 2835
202 2955
1334 2582
181 2818
247 2825
268 2720
137 2984
191 2833
99 2711
86 2726
160 2988
102 2966
215 2866
24 2956
92 2882
2339 2344
68 2382
180 2907
109 2868
45 2754
57 2754
140 2789
10 784
264 2744
217 2962
78 2954
149 2826
245 2991
37 2709
42 2885
226 2976
147 2793
101 2853
73 2732
2253 2688
134 2914
170 2988
21 2821
185 2742
179 2781
2525 2992
75 1803
735 2817
253 2766
37 2790
245 2717
14 2739
147 2925
784 2068
235 2731
78 2949
9 2788
729 1561
179 1922
249 2895
134 2913
674 1738
205 2928
259 2864
1555 2317
237 2824
277 2898
155 2740
370 2585
257 2898
285 2709
739 2840
214 2945
293 2786
240 2833
139 2907
300 2929
204 2983
251 2797
241 2778
69 2971
147 2871
620 787
66 2940
205 2793
218 2910
116 2962
263 2747
27 2780
39 2773
88 2829
135 2707
65 2979
106 2993
175 2714
204 2733
250 2741
117 2786
122 2972
246 2838
212 2884
60 2759
381 2814
115 2941
292 2984
42 2807
62 2981
243 2932
138 2975
765 2282
289 2816
924 1524
281 2928
7 2919
115 824
419 432
233 2818
1 2988
1126 1536
262 2720
108 2911
289 2765
55 2954
31 2923
191 2955
295 2751
169 2831
137 750
174 685
108 2776
157 2846
153 2855
132 2897
297 2805
35 2768
137 2894
268 2842
223 2872
259 2734
2223 2882
35 2854
166 2980
48 1674
6 2986
2667 2793
158 2734
160 2943
156 1914
263 2908
95 2933
371 836
128 2753
129 2974
21 2726
294 2726
217 2817
202 2820
211 2857
26 2890
231 2711
78 2989
237 2804
289 1657
209 2985
44 2914
142 2863
1258 1759
15 2862
208 2506
134 2761
5 2757
1609 2184
238 2751
75 2926
52 2932
142 2853
6 2761
143 2903
65 2738
179 2978
114 2723
131 2884
273 2946
90 2928
716 1053
10 2826
118 2946
179 2813
244 2760
101 2742
92 2917
156 1519
687 2540
288 2702
204 2875
174 2706
264 2749
217 2732
255 2940
225 2741
174 2724
45 2879
336 2541
198 2738
299 2760
2187 2564
27 2955
263 2830
1848 2983
182 2892
20 2848
9 2762
35 2798
172 2916
630 2798
613 1488
68 2907
131 2958
296 2727
148 2920
263 2739
31 2869
82 2979
99 2958
232 2780
298 2879
271 2735
77 2998
58 582
494 733
239 2777
2506 2608
824 1766
72 2797
85 2887
99 2707
231 2771
739 2094
256 2828
249 2949
119 2758
128 2993
246 2879
35 2735
483 2931
54 2838
277 2730
45 2927
98 2914
1085 2531
133 2819
73 2706
152 2900
8 2927
195 2895
11 2784
294 2767
198 2722
76 2880
21 2991
56 2803
7 2868
1832 2938
50 2757
1185 2052
297 2824
293 2879
178 2716
2784 2785
74 2842
1397 2826
161 2752
36 2950
149 2973
35 2785
244 2905
126 2826
190 2947
1912 1963
152 2864
235 562
202 2777
106 2724
312 2729
199 2758
1226 2914
1361 2790
217 2899
221 2967
200 2902
124 2757
249 2955
45 2804
145 2854
35 2876
195 2823
18 2833
130 2786
269 2843
1611 1754
491 710
941 1858
14 2994
225 2803
173 2717
152 2958
265 2954
269 773
77 2839
127 2938
37 2799
109 2983
814 1456
448 1619
143 2846
684 2842
34 2773
12 2702
228 2921
22 2786
253 2883
54 2836
300 2702
1137 2938
1019 1527
280 2812
1573 1597
111 2963
501 1388
273 2840
14 2779
41 2781
1964 2042
105 2779
135 2932
112 2818
153 2701
509 1781
161 2893
221 2859
211 2880
19 2944
54 2757
256 2957
20 2750
164 2993
174 2941
38 2908
228 2752
135 2909
252 2790
222 2912
142 2987
892 2626
270 2994
591 669
1083 2583
106 2827
295 2883
54 2908
245 2816
106 2740
213 2923
291 2992
214 2842
979 1047
2044 2577
297 2830
122 2951
198 2916
58 2906
288 2757
22 2788
188 2974
222 2994
818 2270
107 2935
844 1154
70 2807
49 2824
292 2782
165 1795
160 2856
95 2741
75 2740
75 2839
85 2879
931 2635
197 2828
135 2890
464 1041
219 2832
17 2784
267 2730
94 444
1172 2254
204 2862
2523 2564
22 2897
105 2908
127 2866
156 2751
168 2974
101 2936
115 2838
148 2816
44 2760
35 2925
27 2896
166 2979
267 2829
136 2988
88 2863
60 1183
4 2733
229 2790
1723 2079
103 2926
697 2208
77 2828
129 2744
61 2822
43 2759
280 2895
92 2988
136 2905
176 2729
253 2867
1408 2517
190 1712
214 2953
1156 1869
577 2430
202 2816
237 2901
174 2762
240 2953
590 944
121 2734
6 2737
96 2710
12 2763
143 2880
56 2872
242 2994
202 2751
190 2753
177 2776
277 2969
64 2731
33 2988
381 1853
177 2775
36 2858
374 420
199 2980
47 2770
151 2793
243 2767
237 2731
155 2775
251 254
216 2968
115 2949
143 2795
62 2778
74 2749
1120 2411
107 2891
285 2793
184 2850
160 2993
194 2930
34 2967
231 2969
100 2810
1709 1787
88 2945
875 1406
160 2708
230 2717
41 2722
168 2934
24 2875
228 2896
5 2851
21 2982
135 2957
226 2920
141 2888
163 2783
69 2979
48 2889
867 2935
167 2753
232 2896
158 2996
132 2785
2490 2793
358 1906
137 2816
808 1878
290 2901
171 2926
91 2995
2 2945
939 2314
65 2913
163 2980
251 2942
11 2918
87 2991
217 2945
166 2916
11 2871
275 2973
286 2710
50 2959
236 2760
60 2712
1535 1732
211 2967
144 2868
242 2983
78 2906
292 2978
150 2733
1138 2693
113 2880
18 2992
248 2908
272 2960
17 2800
104 2965
211 2736
247 2953
63 2366
163 2709
43 2705
243 2937
287 2845
258 2900
26 2928
32 2754
63 2959
285 2734
226 2987
109 2998
15 2875
228 2916
268 2764
248 2863
74 2873
117 2957
288 2988
253 2811
264 2724
16 2729
163 2869
545 1242
296 2785
126 2995
245 2817
250 2887
138 2864
246 2809
250 2773
97 2815
127 2773
214 2802
99 2848
519 2197
121 2851
233 2801
178 2755
250 2977
793 1746
126 2723
82 2748
279 2793
587 635
225 2950
267 2880
114 2876
260 2743
3 2424
154 2788
410 1089
2477 2649
41 2702
72 2994
722 2902
275 2897
210 2984
1328 1737
231 2938
41 2853
191 2804
883 2851
125 2932
67 2914
2563 2777
210 2785
2414 2570
5 2116
240 2792
1 2719
98 2927
288 2813
140 2873
90 2947
183 2829
251 2848
768 1736
64 2815
56 2748
227 2928
177 2951
198 2838
207 2851
102 2863
1415 2864
299 2734
2701
322 2573
183 2312
446 2533
246 2704
2305 2678
268 2529
89 2672
173 2483
648 1046
134 2688
314 2560
47 2498
388 2608
1035 1965
152 2705
143 2581
85 250
236 2597
185 2713
49 2444
1574 1604
502 1037
1370 2264
36 2546
313 2713
171 2357
713 2179
31 2666
151 2388
2247 2626
1069 1733
2607 2639
286 2618
838 2338
439 2650
28 2587
21 2594
281 2701
55 2694
466 2573
321 2569
279 2379
177 2657
291 2453
1358 1582
1161 1940
394 2702
13 2621
102 2590
519 2473
859 1580
54 1365
428 679
1207 1609
301 2470
2362 2495
1449 2654
2137 2647
56 2352
74 2471
634 663
516 2418
762 1921
412 2337
470 2626
480 2344
314 2157
312 2315
371 2442
137 2370
90 2322
192 2400
135 2465
205 2538
443 1382
343 2508
445 2401
230 2440
487 2513
368 2604
50 131
341 2664
113 2522
503 2495
1127 2382
274 2616
441 2446
74 2537
190 2628
1070 2627
315 2472
1101 2696
546 933
1345 1375
1447 2501
30 2432
878 2524
51 2423
12 2669
1336 1731
591 1531
351 2645
1277 2123
50 2567
191 2646
323 2599
756 1420
345 2645
312 2399
430 949
520 2601
351 2401
216 2327
1680 1759
468 2324
458 2563
282 2393
14 2510
494 2480
175 2640
1557 1997
60 2342
1751 1899
236 2613
539 2348
415 2493
890 1823
136 2413
464 2660
390 2333
397 2579
1101 1946
329 1164
378 2577
97 2527
356 1300
21 2316
292 2447
394 2619
220 2312
1961 2647
258 2552
1370 2345
1262 1713
118 2519
1130 2298
68 2454
469 2393
138 2658
493 2590
1140 2239
502 2580
226 2644
36 2576
195 918
273 1662
321 2376
325 2697
112 2476
366 2468
1995 2405
70 2684
45 2492
100 2254
161 2344
1120 1272
219 2701
93 2548
445 2490
185 2471
278 2376
213 2567
308 2660
324 2506
81 2512
532 2431
56 2647
621 1075
349 2663
433 2329
45 2318
522 2204
1185 1917
220 2529
1605 2617
48 2588
104 2468
890 1861
528 2575
454 649
366 2606
88 2364
535 2407
84 2421
1416 2441
162 2537
253 1644
525 2481
206 2636
888 2404
437 2572
320 2399
290 2437
342 2425
249 2429
717 1740
459 2704
36 2701
926 2216
1862 2094
437 2492
315 2579
386 1906
493 2614
44 794
957 2369
20 2507
38 2342
57 2609
161 2631
156 2311
127 2343
171 894
171 2467
1285 2464
38 2482
696 2329
15 2575
468 1250
1309 2306
20 2375
493 2435
223 2641
219 2424
107 2576
60 2462
338 2308
15 2542
392 2420
1356 2530
236 2334
759 1819
301 2573
27 2684
2092 2706
901 2307
416 2521
29 2523
519 1291
622 2497
1284 2120
632 2281
62 2655
231 2626
199 2611
359 2645
180 2306
407 2632
386 2643
151 1303
376 2696
167 2687
243 2362
295 2631
342 2423
967 1618
250 2319
311 2324
307 2433
839 1552
200 2668
92 2433
1579 1797
106 1981
503 2107
519 2312
269 376
60 1334
182 2507
234 2644
37 2669
1767 2100
330 2485
159 2635
240 2703
337 2346
371 2515
198 2460
126 2354
1451 2292
344 2664
262 2612
298 2425
411 2692
351 2349
1185 1239
418 2510
227 2708
161 2327
254 2583
219 2564
525 2620
171 719
38 2439
340 2532
520 2491
197 2330
44 2386
2295 2654
62 2603
460 2400
496 2622
1641 2080
271 2600
91 2320
420 2545
141 828
339 2534
24 2692
642 2119
331 2522
514 2341
393 2576
151 2446
207 2563
151 2420
109 2538
207 2667
259 2559
1548 2496
1221 1295
310 2402
2466 2608
150 2692
366 2326
133 177
122 2675
560 1100
454 2444
332 2313
7 857
210 2657
388 2559
390 2541
233 2422
522 2525
126 2455
494 2359
334 2383
466 2657
395 2614
370 2364
33 2456
65 2385
407 2569
1823 2699
433 2529
274 2287
382 2486
1342 1441
206 2499
416 2494
1135 1698
499 2573
354 2591
526 1896
31 2318
234 2365
513 2683
530 2449
431 2594
578 1697
496 2596
117 605
1310 1619
3 2687
2046 2149
278 2580
100 2627
532 2409
65 256
1253 2554
728 1474
317 2431
104 2628
90 153
352 2420
393 2343
34 2371
478 2402
1739 2516
363 2365
123 2679
62 2598
276 1161
458 2653
2003 2463
261 2391
315 2579
1799 2684
330 2313
298 2327
320 2617
63 2313
1841 2449
32 2607
1955 2389
472 2620
1315 1321
549 2171
56 2401
111 2535
953 1794
335 2698
332 2461
967 2664
416 2374
438 2622
117 2591
468 2357
216 2445
1541 2025
180 2683
205 2546
119 2676
32 2708
100 2403
330 2477
287 2494
1418 1993
2691 2710
500 1251
193 1797
443 2373
416 2465
324 2359
97 2322
348 2374
891 910
101 2455
53 2696
1689 2283
410 2692
540 2414
231 2504
1933 2073
527 2316
96 2679
73 2524
71 2410
189 2306
390 1434
298 2713
511 2429
1038 1853
121 2358
284 1066
177 2540
494 2638
23 840
1211 2101
217 2411
392 2631
83 2565
159 2692
286 2501
473 2684
480 2554
196 2463
402 2531
484 2569
53 2570
47 2599
458 2410
502 2612
466 2366
396 1391
388 2490
150 2496
499 2614
1 2484
356 2388
478 2599
1273 1728
439 2712
1818 2452
85 1295
315 2445
371 488
405 2674
309 2570
147 2677
6 2457
455 1863
385 2486
388 2314
110 2554
505 2552
39 2475
406 2700
227 2499
1782 1932
461 2706
494 716
1732 2433
67 2433
223 2333
193 2699
761 918
223 2448
2354 2384
43 2351
141 2706
157 2549
369 2567
362 2564
152 2415
472 2356
311 2711
537 2708
418 601
1557 2155
598 830
135 2589
7 2612
365 711
438 2600
356 2451
31 2454
153 2375
231 2354
308 2438
36 988
116 2357
11 2439
539 2581
1136 1551
1631 2659
531 2469
120 2448
98 2591
378 2617
321 2476
89 2336
121 2617
289 782
500 2334
299 2498
98 2473
216 2517
37 2466
158 2636
1324 2125
503 2604
294 1582
929 1854
64 2454
203 2698
224 2426
337 2707
13 2575
305 2636
162 2647
531 2313
846 908
290 2398
292 2566
62 2543
19 2200
351 2469
25 2558
26 1180
140 2468
375 2326
82 2628
494 2411
553 2642
461 2662
1933 2364
477 2692
1645 1828
438 2523
336 2591
881 1526
427 2385
456 2574
530 2670
1117 2180
185 2351
142 2383
356 2436
371 2309
168 2645
542 2539
224 2432
276 2712
428 2620
292 2364
182 2421
229 2313
357 2360
523 2593
370 2618
196 2448
201 2421
291 2700
37 2690
120 2529
150 2685
498 2506
1478 2224
24 2556
28 2700
1472 2570
379 2401
192 2670
213 1230
452 2334
43 2485
540 2437
321 2601
216 2696
508 2531
776 1410
153 2591
887 894
460 2471
204 2683
507 2574
1160 1727
350 2414
363 2561
282 2565
466 2386
303 2650
269 2478
206 2519
125 2700
1209 2637
368 2592
115 1143
323 2480
317 2680
482 2382
773 2702
147 2370
94 2322
353 2612
118 2511
12 2369
7 2639
31 1897
1040 2442
786 987
55 2520
432 2605
459 1191
326 2572
346 2319
564 677
440 2654
335 2486
63 2516
295 2579
110 2426
1644 1900
73 2686
366 2706
282 2557
242 2502
219 2545
152 2345
1621 2227
1305 1908
250 2632
542 2651
171 2375
1397 2418
236 2464
2166 2638
154 2692
202 2347
99 2634
399 2313
351 2675
20 2550
230 1666
941 945
80 431
323 2695
243 2712
295 2428
1097 1181
406 2489
23 2535
396 2636
124 2581
241 2428
965 2182
505 2689
222 2667
646 1141
121 2329
813 908
462 2591
1639 2062
56 133
74 2418
389 2517
226 2657
237 2469
354 2420
538 2566
273 2562
42 803
169 2610
520 2338
437 2405
1481 2445
1625 2546
492 2595
510 2678
927 2080
81 2374
298 2556
1136 2288
351 871
504 2545
241 2565
488 2341
343 2679
946 1602
35 2447
461 2627
447 2696
1014 1818
820 1419
454 2631
202 2416
394 2643
541 2601
1124 2530
542 2365
57 2614
1766 1906
149 2358
253 595
424 2366
477 2159
457 2546
71 2527
170 2547
59 2420
187 1915
149 2384
292 2312
477 2338
398 2307
72 2712
535 2540
525 2360
271 2417
1220 1592
177 2410
67 2594
248 2319
419 2625
320 2509
88 2355
305 774
964 2233
10 1188
180 2502
34 2560
468 2313
158 2425
381 2519
409 2527
7 2378
456 2343
448 2075
1015 2641
342 2420
298 2421
208 2580
386 2537
297 2481
409 2450
532 632
728 2285
177 2679
30 2667
443 2631
423 1787
167 2705
349 2580
329 2655
292 2306
826 1191
2137 2661
248 2682
315 488
133 2394
238 2531
301 2570
59 2348
324 817
518 2529
529 2677
138 2466
98 2436
42 2627
284 2548
2430 2577
285 2310
1805 2506
392 2377
383 2555
132 2389
1047 1463
473 2677
1156 2609
72 2335
85 2712
1061 1910
229 2403
71 2568
480 2396
207 2382
222 2619
310 2686
1242 1331
995 1334
164 2663
1881 2500
11 2357
286 2405
176 2633
1798 1927
448 2550
501 2331
837 2042
107 2378
385 2351
1524 1690
220 477
313 712
286 2387
145 2370
2457 2516
271 2691
155 2505
464 2683
252 2704
307 2661
1683 2302
47 2328
3 1987
649 2123
1685 2530
238 1486
35 201
479 2693
1026 2339
455 2670
383 2676
139 2538
211 2366
2502 2671
326 2149
430 1488
192 2340
114 2695
260 2489
537 2667
344 2565
152 2603
255 2388
172 2628
1792 2107
180 2706
253 2646
435 2345
463 2416
274 2317
358 2458
148 2691
1058 1229
1281 2657
502 2694
263 2651
730 1995
169 2633
362 2558
336 1879
53 2546
1655 1799
149 2664
171 2357
125 2383
26 2614
230 2707
237 2479
515 2676
152 2496
13 2668
162 2663
247 2623
1266 1707
42 2492
391 2591
1371 1790
422 2269
351 2473
525 2526
503 2585
135 1472
37 2662
128 2555
315 2453
33 2690
269 2653
77 2310
275 2371
145 2463
647 1822
461 2490
428 2430
248 2498
250 2361
530 2519
517 2343
210 2504
540 2313
121 652
493 2386
895 1241
1299 2148
179 2606
89 2341
1180 1695
505 868
485 2610
317 2682
209 2440
205 2701
212 2596
1095 2704
483 2394
26 2432
274 2332
291 2517
46 2492
1336 2149
2 2532
17 789
127 2393
271 2379
1117 2057
347 2689
84 2584
503 2688
16 2427
304 2580
8 825
417 1686
431 2707
340 2347
1496 2252
171 2557
428 624
219 2458
270 2689
976 1216
282 699
1079 1626
42 2684
129 2447
23 2464
54 2390
389 2578
328 1095
346 2327
1188 2672
497 2330
446 1532
230 2464
181 2409
371 2366
355 2117
629 1845
1575 2305
452 2497
6 344
274 2422
142 2571
1705 2270
459 2347
521 2259
376 2609
46 2654
372 2480
191 2430
344 2516
344 2537
421 2407
206 2594
205 1888
1706 2618
316 2169
159 473
456 2673
84 2602
9 2677
315 2469
712 2437
196 2624
224 2713
665 2077
34 2476
444 2460
380 469
1175 2438
125 2500
360 2406
330 2480
165 2404
134 2391
103 1702
372 2709
1070 1808
768 1291
77 2493
644 2482
314 2688
225 2410
359 2625
75 2640
296 2031
8 1293
28 2617
395 2522
486 2314
171 2583
5 2349
357 2614
287 2534
213 2454
179 2543
102 2478
2342 2621
66 390
342 2708
252 2706
195 2449
48 2589
369 1682
258 2414
1484 2233
1702 2405
269 2454
520 2199
333 2570
103 2592
905 2213
101 1068
46 2307
482 2499
139 2483
355 2709
1250 2294
540 2610
406 2682
653 1554
465 2330
123 2586
1770 2490
511 2448
1511 2518
74 2460
431 2402
122 2369
487 2440
1655 1924
25 2501
477 1466
890 1946
368 2657
396 2570
448 2512
204 2551
450 2460
198 2634
144 2484
223 2251
1453 1707
174 2566
615 1302
24 2587
399 2367
656 2616
137 2387
479 2498
74 2377
327 2546
434 2469
1064 1961
662 843
121 2405
542 2442
499 2466
166 2507
48 2530
47 2686
255 512
455 2175
372 2542
1065 2133
244 2310
1452 2268
440 2517
468 2542
151 2406
218 2412
609 2112
176 2395
49 2489
1178 1973
151 2671
794 1650
40 2349
54 2457
1602 2159
13 2377
433 2654
3 2593
19 2644
1780 2053
8 2546
393 2486
7 2470
14 2478
525 2460
153 2450
455 1199
293 2606
254 2483
525 2413
333 2183
494 2339
358 2530
309 2526
29 2683
507 2640
2062 2063
470 2668
67 2510
5 2622
1092 2147
516 2649
1533 2268
838 1995
205 2522
313 2518
353 2307
244 2597
232 2410
49 2668
435 1938
86 2708
41 2383
204 2363
521 2477
1544 1829
1170 1646
842 1497
366 1050
21 2707
90 2357
321 2668
87 2490
216 2423
83 2663
2005 2006
763 1278
210 2376
877 1416
515 1312
412 2628
500 888
348 2417
211 2331
806 2507
185 2705
130 519
296 2589
2301 2663
1897 2291
1549 1608
617 1830
1 2482
136 2420
257 2627
324 2231
177 2696
138 2319
293 2315
379 2430
382 2387
1743 2663
242 2533
393 2310
284 2455
63 2356
259 2512
427 2690
426 2668
501 1134
530 2365
16 2400
172 2445
230 2644
470 2431
319 1907
264 2575
1688 1709
532 2473
432 2637
105 2688
24 1042
1142 2534
217 2343
472 2407
401 1445
493 2556
510 1033
435 2585
368 2324
259 2449
418 2468
44 2404
143 2373
136 2641
313 2345
377 2469
508 2531
453 2599
112 2309
1328 1837
113 2475
499 2622
410 2429
485 2688
46 2537
412 2536
314 2351
273 2618
1067 2343
182 826
539 1217
238 2314
511 2593
24 2355
971 2087
439 2311
684 1470
100 2529
359 2340
356 2620
478 2510
198 518
501 2439
362 2660
140 2323
480 2687
216 2596
1186 2175
2075 2699
230 2488
1908 2016
276 2682
490 2357
104 2647
265 2443
182 2412
413 1097
206 2511
2305 2384
375 2569
1861 1955
1811 2476
375 2443
519 2695
346 2674
447 2356
287 2553
664 1569
692 2147
1219 1276
1158 1501
384 2336
403 1369
252 1154
537 955
190 2404
439 2463
538 2351
119 2603
67 2643
481 2484
12 2658
97 2647
2061 2457
178 2698
253 1920
107 2365
539 2562
523 2382
71 1920
480 819
623 2596
624 655
1908 2286
1065 2379
226 2486
46 2459
303 2574
49 2502
195 2385
431 1734
724 1885
752 847
293 1745
218 2565
476 2494
54 1140
208 2382
153 2517
386 2316
49 2348
18 2565
2059 2638
194 2686
93 2338
833 2418
11 2363
183 2504
449 2528
7 2649
233 2616
474 2498
512 2638
97 2485
274 2350
396 975
1224 2552
1302 2113
81 2409
114 2684
122 2474
59 2599
449 2585
758 1854
1610 2062
959 1872
50 2326
411 2686
29 2684
245 2709
495 2520
315 2472
282 2520
517 2498
1739 2376
460 2400
38 2357
1299 2089
356 2387
1551 1628
91 2615
335 2454
122 2501
106 2427
471 2560
279 2424
264 2365
439 2494
152 2454
1804 1867
362 2423
507 2574
1160 2111
399 2711
349 2440
46 2540
59 2407
218 2454
13 2377
456 2695
255 2332
44 2422
295 2704
7 1186
378 2698
528 2694
68 2669
314 2364
303 2391
501 674
879 1132
279 2653
39 2568
178 2648
401 1060
85 2651
807 1236
128 2703
537 2386
320 2589
66 2355
986 1561
452 2348
505 2625
75 2708
78 2353
179 590
233 2461
10 2474
427 2686
436 2710
194 2383
318 2441
129 481
333 2545
131 2376
52 2310
1300 2212
198 2466
492 2667
335 1788
316 2617
1777 2039
1497 2343
1765 1872
433 2338
164 484
132 2508
423 2606
125 2511
70 2306
341 432
246 2573
2211 2295
250 1428
491 2529
415 2307
442 2480
201 2350
204 685
177 2348
151 537
339 2541
56 2321
487 2371
299 2578
265 2549
485 2621
1218 2591
380 2660
61 2310
154 1269
384 2459
245 2683
200 2586
325 2655
366 2588
310 2660
230 2595
523 2465
289 2378
57 1081
525 2552
524 2535
516 2124
105 2455
288 2453
82 2550
282 2378
294 2554
173 2706
469 2488
332 2477
774 2106
372 2384
883 1096
446 2678
1796 2035
376 1407
1644 1723
334 2474
235 2629
377 794
138 2439
177 2539
1241 2062
46 2549
568 865
1519 2156
493 2502
351 2683
1076 1984
442 2568
504 2470
924 1584
327 1682
512 2652
55 2508
197 2439
63 2649
146 2668
234 2528
1240 1981
127 2372
455 2452
464 2417
94 2662
213 2563
147 2589
412 2306
353 2624
301 2605
435 2559
251 2605
513 2523
357 2686
85 2430
1262 2542
294 2456
55 1122
355 2588
454 2646
315 2604
302 2629
95 2697
268 2567
217 2412
2221 2391
437 2361
1198 1936
440 1914
100 362
76 2506
127 2496
335 2651
117 2435
634 1615
133 2429
656 2019
524 2483
1426 1612
446 2556
509 2585
2562 2682
268 2458
446 2565
332 2592
363 2334
317 2694
95 2615
1270 1900
235 2611
48 1080
348 2466
387 2493
1924 2190
378 2537
1487 2337
508 2446
76 2399
195 2603
464 2610
265 2683
452 1618
2042 2517
109 2448
54 2478
318 2562
1168 2228
19 2517
125 2071
258 2630
305 2316
911 961
337 2308
393 1213
687 1984
5 2405
29 2621
317 2614
354 2664
103 2527
49 2259
107 2532
493 2320
23 978
81 2519
411 2674
571 751
533 2575
130 2120
495 1628
250 2654
30 2667
135 2544
451 2312
281 2496
338 2645
278 2706
21 2288
2601 2676
1708 2179
407 2356
1261 1487
500 2652
3 2497
204 2455
95 2399
296 2555
393 2318
1307 2162
160 1193
184 2539
514 2379
252 2459
312 2579
38 2612
142 2712
208 2319
250 2640
64 2423
374 2706
438 2568
18 2329
86 2622
298 2358
257 2351
461 2565
112 2382
344 2708
282 2687
29 2329
193 2661
817 1528
541 2669
226 2402
15 2697
211 2343
352 2538
632 724
251 2470
101 2548
854 1288
13 2544
294 1673
1763 2187
813 980
213 2413
395 2480
138 2313
206 2634
197 2698
269 2390
95 2409
4 1905
634 1542
203 2655
309 2523
344 2451
163 2339
497 2498
504 1785
187 2334
376 2462
389 2700
331 2333
134 2350
220 2405
269 2336
1180 2310
218 305
526 2321
466 2338
1033 1984
220 2633
325 2599
309 2636
207 2310
202 2698
224 2429
372 2438
211 2658
1155 1345
390 2354
1444 2015
525 526
509 2672
694 2109
134 2340
150 2482
243 2569
2204 2454
320 545
123 2612
677 2407
274 2547
27 2480
462 2552
160 2321
1559 2589
259 2503
326 2471
107 2670
1270 2338
506 2688
331 2086
396 2340
205 2601
225 2542
206 2641
434 687
11 2343
819 1083
1293 1749
144 311
445 2377
377 1321
209 2658
75 1763
116 2556
361 2712
1750 2685
173 2623
119 2306
4 2319
530 2460
61 2697
412 2647
338 2385
597 673
339 2494
973 2327
433 2527
474 2626
20 2509
159 2572
985 1646
390 1643
483 2131
65 2487
336 2657
512 2701
1541 2536
168 2598
978 1184
26 2566
168 2320
215 2690
436 2347
88 723
47 2389
304 2690
359 2401
389 2671
1566 2545
267 2544
1297 1311
228 2450
285 2353
166 1543
1625 2144
233 2663
389 2555
319 2626
690 1302
115 2530
453 2320
375 2388
331 2677
412 2698
219 251
432 2339
77 2358
515 2380
192 2670
254 985
113 2235
328 2666
2061 2639
492 2690
201 2049
431 676
408 2688
505 2695
405 911
116 2365
166 2689
1331 2341
469 2382
90 2348
1177 2461
398 999
93 2495
194 2376
942 1902
224 2633
395 2425
394 2318
185 1008
526 2449
776 2461
576 876
10 2534
2205 2299
1230 2576
295 1136
215 2477
433 2388
179 2317
795 2005
254 2527
341 2575
2378 2698
250 2711
160 2306
19 2510
1133 1674
116 2510
241 2587
11 2431
196 839
445 2350
977 2101
16 2324
434 2155
277 2609
220 2507
243 2619
4 2469
669 1268
6 2675
353 2487
218 2351
297 2608
465 2474
454 2562
337 2491
227 2619
57 2707
40 524
470 2349
319 2414
83 2436
111 2685
64 2342
135 2319
106 2686
251 2672
1969 2321
1131 2050
503 2524
2 2657
16 2352
461 1357
210 2632
1206 2577
354 2465
488 2371
290 2091
281 2564
417 1889
384 2460
444 2669
90 2480
79 2363
523 2700
389 2353
92 2368
510 2344
519 2594
335 2569
228 2680
369 928
117 2394
1 2559
285 2242
67 2320
1577 1657
334 2417
223 2390
662 2687
61 2484
269 2154
394 2309
122 2528
467 2386
365 1955
306 2361
1499 1747
344 2482
306 2464
1014 2559
806 1998
365 2073
1827 1837
402 2660
178 2442
381 2374
29 2703
126 2466
135 2547
49 2646
17 2652
402 2376
411 2413
130 2660
391 2342
513 2595
359 2549
71 2619
527 2635
536 602
2116 2573
517 2314
361 2489
124 2506
343 2681
358 2711
297 1295
2060 2132
1413 1513
120 2700
1215 1827
334 2705
507 2664
255 1267
269 2703
886 2642
140 2318
112 2685
78 2453
142 2454
214 2417
943 2515
256 2668
428 2318
344 2427
530 2375
411 2426
22 2436
582 2232
694 1706
1027 1644
29 2649
121 2309
122 2645
281 2342
448 2616
112 2688
675 793
414 2206
148 2499
435 2336
580 1582
342 2492
112 2677
595 2535
240 2553
1419 1847
245 2389
455 2442
313 2368
1077 1845
462 2594
504 2603
205 653
164 447
373 2691
202 2532
6 2401
248 2538
423 2704
417 2386
667 2537
110 2512
1519 1935
473 2494
463 933
815 2533
409 2599
483 2386
1163 1193
209 2370
540 2597
506 2433
447 2673
153 2616
354 2601
142 2696
259 2451
2041 2131
195 2674
668 1744
127 2505
324 2447
891 2621
232 2637
509 2584
234 2477
927 1508
139 2711
1147 1181
41 2376
123 2339
535 2508
242 2477
16 2423
442 2504
438 2472
110 2553
97 2596
524 2681
369 2501
264 1248
1014 1955
1176 2090
1259 1554
183 1686
360 2538
356 2506
2076 2637
1090 1833
1641 2142
880 2674
1397 2009
153 2463
346 2508
10 2636
450 2591
378 2379
593 1270
219 2670
497 2466
511 2549
129 2387
1364 1981
314 2684
1522 1573
274 2366
170 2557
54 2607
181 2598
329 2389
244 2403
173 2474
125 2325
1233 1663
496 2573
307 2643
1571 1660
126 2337
896 1894
47 2393
1511 2129
331 2366
108 2473
392 2318
117 2600
279 2542
142 2456
542 2600
276 1468
450 501
166 2676
178 2632
533 782
158 2121
517 2373
1913 2228
1155 2305
786 1618
818 2254
1925 2453
139 2622
179 2018
275 2412
277 2644
233 1881
415 2464
412 2635
287 2511
373 2421
732 1765
1146 2002
138 2673
295 2397
2087 2365
215 2579
525 2459
211 2514
403 2152
742 842
462 2091
48 2674
78 2332
1168 1492
542 2608
528 2407
172 2582
32 2382
450 2588
62 2405
27 1868
714 1965
69 2600
51 2461
745 1592
983 2269
139 2494
181 2574
501 2676
370 2396
40 2497
486 2524
228 2605
499 2350
2127 2621
483 2678
121 2472
605 2632
266 2317
391 2433
1403 1444
209 2164
401 2354
323 2709
436 2671
512 2604
351 2342
1303 2614
399 2451
1347 2442
150 2430
445 2568
374 1464
362 2386
374 922
314 2363
71 2512
280 2611
112 2375
1010 1810
199 2345
153 914
243 2688
440 2651
1125 2499
354 2386
351 2352
475 2311
254 2525
405 2490
1313 2692
299 2678
162 2573
136 2628
51 114
2416 2594
1541 2309
10 2406
1043 1767
161 458
2160 2261
280 2253
187 2610
2152 2593
536 2483
159 2413
1202 1398
28 2519
1334 1676
1488 2496
10 2338
491 2477
346 2528
340 2445
472 2578
1391 1723
37 2709
152 2624
154 2579
112 2328
116 2603
219 2384
5 251
324 2587
256 2395
1537 1802
487 2334
1351 1422
345 2497
2182 2391
1235 2122
178 2396
97 2390
8 2516
363 2486
376 2326
223 2694
332 2377
385 2322
87 2382
65 1829
537 2597
30 2437
343 2510
414 2473
287 1147
524 2550
445 2502
146 2693
1368 2239
402 2349
294 2462
324 2442
987 2523
470 2605
423 2678
14 2414
396 2506
143 1094
139 2457
622 1658
255 2387
99 2410
485 2602
330 2456
309 2319
98 2606
1443 2051
253 2321
160 2675
479 2516
1849 2549
485 2570
26 2546
408 2484
233 2507
602 1227
464 2468
950 2548
456 2609
292 1253
323 2482
1636 2694
1938 2531
57 2493
869 1917
200 2566
338 2404
269 2363
2276 2390
1518 1881
544 622
185 2610
477 2634
2278 2354
203 2609
1382 2621
135 2610
394 653
196 2554
245 2645
230 2371
214 2675
459 2695
242 454
194 2640
87 2383
462 2428
688 1381
467 2364
55 2615
311 2414
880 1320
419 2640
114 2496
381 2571
1009 2481
108 2546
184 2526
1320 2643
751 1394
370 2385
1934 1991
1907 2602
81 2375
124 2432
2081 2358
138 2340
199 2500
116 2620
151 2670
250 2525
281 2499
1980 1999
465 2334
176 2417
422 2657
991 1872
915 1433
586 700
1059 2479
2070 2472
322 2589
493 2325
22 2359
427 2664
73 985
2077 2504
1374 1949
32 2551
81 2324
210 2312
1187 1911
276 2648
989 1742
301 2517
123 2673
135 2347
1840 2548
569 687
879 1571
495 2560
99 2575
31 2543
416 2460
1507 1704
83 1183
257 2357
297 2413
337 2540
127 2550
939 2445
326 2185
652 1474
367 2659
87 2647
301 1623
130 2366
652 1352
300 2709
96 2536
170 2490
166 2560
263 2565
168 2395
495 2644
1029 1628
440 2337
414 1181
947 1706
273 2703
218 2341
288 2463
1370 2647
82 2498
1202 2390
614 1931
274 2659
468 2621
1134 1911
215 2415
39 2475
174 2552
475 2348
205 2416
1381 1839
303 2668
241 2359
280 2325
256 2689
330 2526
1437 2311
420 2421
345 2397
429 1111
412 2404
746 1258
314 2653
73 2600
127 2514
115 2506
85 2354
512 2514
133 2634
263 1903
831 1038
268 2708
194 2466
7 2567
243 2659
332 2377
527 2585
401 2462
188 2397
1782 2703
246 2611
405 2452
589 1739
195 2507
108 2668
377 2564
177 2433
1096 1235
244 2662
281 2588
150 2683
32 2473
26 26
1234 1898
122 2613
172 2677
965 2384
280 2342
862 1794
235 576
5 2309
2384 2623
471 2516
126 1570
202 610
687 2286
345 2627
14 2454
2325 2523
265 2707
411 2573
401 2384
476 2412
167 2414
437 2560
9 2646
185 2562
345 2588
146 2613
1538 2265
126 2413
351 2445
424 2701
216 2444
475 2461
493 2417
6 2540
555 1980
764 1338
474 2583
130 2637
1881 1919
534 2366
188 2686
291 2350
91 2542
462 2535
834 1774
430 2703
148 2672
403 2378
55 2612
21 2363
612 1595
155 2454
458 2551
1014 1605
260 2413
22 2460
1056 1376
17 2517
212 2672
1956 2571
249 2414
526 2425
279 2328
65 2652
455 2320
61 359
911 2571
51 2451
307 2584
9 2432
799 2630
99 2422
348 2381
452 2711
243 2509
542 929
476 2713
56 1974
381 2515
57 2627
241 2507
509 2621
1870 2496
241 2505
1061 2321
292 2518
211 2446
289 2682
355 2342
70 2595
526 2319
278 1192
314 2437
438 2387
412 2531
1860 1895
95 2420
152 2427
357 2689
374 2311
503 2510
9 2606
77 2491
1055 1937
1968 2034
260 2588
1100 1390
1121 1471
210 2711
345 2535
1333 2119
302 2496
490 2704
711 2507
486 2580
60 2552
128 2623
379 2617
177 2480
1090 2390
116 2653
497 2339
1780 1875
998 2473
1841 2030
173 2243
301 2454
429 1849
1 699
117 1393
63 2544
411 2614
134 2687
105 2585
680 2107
427 2524
106 2669
354 2355
187 2393
1053 1797
460 2386
762 1210
351 2401
468 2413
251 2385
8 2520
160 2564
289 2454
179 2626
156 2707
1805 2328
687 1864
2231 2576
239 2545
369 2384
951 1876
349 2343
538 2704
412 2539
274 2361
509 2539
310 2480
521 2505
865 1948
461 2492
1356 2327
634 2470
466 2417
24 2600
274 2375
437 2404
1851 2556
66 2519
8 2414
33 249
2405 2554
1137 2693
308 2331
317 2377
264 2420
322 2484
328 2680
190 707
451 2539
42 2394
146 2550
53 2164
401 2651
248 2521
537 2670
31 2569
127 2644
368 2575
1556 2512
510 2505
152 2588
283 2690
140 2339
1823 2433
109 2501
1946 2678
2383 2496
90 2492
902 1846
240 2409
54 2389
402 2407
444 2383
473 2706
47 255
316 2501
359 2460
228 2337
234 2479
34 2083
519 2645
2038 2621
388 2630
1 2414
159 2371
512 2698
360 2567
321 2507
67 389
280 2587
205 2341
291 2481
5 2644
391 2606
1141 1666
1012 1074
1876 2231
447 2438
348 2616
1949 2416
1271 1410
9 2320
917 1039
56 2652
789 1115
407 2442
1770 2044
268 1707
138 2345
216 2338
44 2355
393 2425
154 2342
124 2320
896 2482
376 2437
400 2626
12 2351
415 2347
129 2604
418 2525
80 2309
383 2368
95 2471
479 2452
442 2307
192 2402
265 2418
542 2447
344 2689
499 2395
802 1280
151 2522
1164 1817
469 1687
267 2553
1306 2409
