1552 2025
1552 942
1901 2171
1901 2475
1901 2678
1901 2354
1591 2166
1898 536
1786 2814
2330 41
1563 575
1901 2338
1901 2223
1901 229
1901 2474
1552 1954
1901 2341
1399 1028
1699 2589
1786 2664
1901 1294
1591 1716
1901 2372
1901 754
1901 2450
1552 1363
1901 2577
1901 2508
1898 361
1723 678
1901 2874
1901 2741
1901 2578
1786 2714
1901 2547
1901 2295
1901 2191
1786 2745
1901 2445
1901 2656
1901 2377
1901 2509
1901 807
1901 2383
1901 2216
1699 2652
1786 2709
1901 2370
1901 2518
1563 872
1901 2337
1901 2134
1901 2385
1901 2042
1901 2082
1901 2441
1901 2640
1901 2549
1901 2531
2398 288
1901 2537
1901 2143
1552 966
1591 1558
1901 2884
1901 2636
1689 2841
1901 677
1901 2654
1901 2282
1901 2427
1901 2730
1786 2711
1901 2290
1591 1351
1901 1443
1901 2703
1901 2591
1901 2339
1485 153
1563 723
1699 772
1552 904
1901 2374
1901 2476
1901 2281
1901 2412
1552 962
1786 2941
1901 2496
1901 2070
1901 2797
1699 2846
1786 2725
1591 1982
1786 2495
1786 2969
1901 2220
1901 2435
1552 1491
1778 366
1901 2377
1901 2173
1901 2714
1938 316
1901 2231
1264 440
1699 2593
1901 2427
1901 2185
1552 1118
1901 2520
1786 2872
1901 869
1901 2555
1901 2407
1901 2751
1901 2526
1574 1741
1901 2343
1901 2557
1711 359
1901 2612
1786 2479
1786 2376
1901 745
1901 2263
1901 609
1552 1198
1901 2644
1901 2229
1901 2409
1901 2250
1776 473
1901 2357
1786 2659
1901 2731
1901 2689
1552 1883
1786 2497
1901 1975
1901 2550
1901 2283
1901 2417
1901 2581
1637 866
1938 650
1543 254
1699 2591
1778 182
1938 466
1901 1753
1901 2343
1901 2244
1901 2602
1901 2328
1901 2188
1901 2203
1786 2751
1273 242
1901 2220
1901 2767
1574 357
1901 2435
1699 2625
1901 1947
1591 410
1901 592
1901 2365
1699 2607
1901 2442
1901 2706
1281 890
1901 2358
1901 2611
1901 1096
1901 788
1901 2712
1699 2501
1901 2494
1901 2437
1786 2811
1901 2270
1901 1850
1699 2174
1786 2860
1699 2879
1786 2565
1574 1469
1901 1917
1901 2144
1563 722
1786 2626
1901 2201
1786 2961
1901 2721
1901 2170
1901 2301
1901 2778
1588 137
1211 176
1901 2540
1901 2464
1723 710
1901 2510
1901 2449
1901 2779
1901 2208
1901 2844
1901 2383
1699 2554
1901 2727
1901 2665
1901 2326
1901 2291
1583 728
1786 2868
1786 2967
1901 2810
1901 2435
1786 2392
1901 2592
1901 2484
1901 2243
1901 2634
1699 2540
1786 2605
1715 324
1786 2499
1901 2277
1901 2550
1574 1823
1901 2149
1901 2333
1563 445
1786 2804
1901 2428
1901 2234
1901 2875
1786 2692
1901 2545
1786 2651
1892 583
1901 1321
1901 2348
1901 2350
610 27
1901 2898
1901 2432
1543 344
1552 1113
1901 2405
1901 2733
1901 2456
1901 2187
1901 2554
1901 2476
1901 2572
1938 614
1938 280
1786 3030
1901 1660
1901 2461
1786 2796
1786 2551
1901 2192
1901 2506
1751 23
1901 2245
1901 2208
1901 2233
1901 2415
1699 2589
1901 2172
1699 2200
1901 2391
1637 1108
1786 2692
1786 2835
1901 2676
1901 2445
1901 2168
1901 2341
1901 2506
1901 2452
1901 2221
1901 2602
1552 139
1574 1148
1901 2680
1901 2590
1901 2748
1901 2509
1901 2829
1901 1731
1901 2415
1901 2010
1901 796
1901 2571
1901 2313
1901 2458
1686 568
1901 1988
1901 902
1901 2741
1721 339
1901 2302
1901 2182
1901 2280
1901 2818
1786 2553
1901 2268
1901 2578
1901 2665
1901 2370
1264 464
1901 2189
2100 26
1901 2531
1901 2425
1786 2702
1901 2501
1699 2901
1221 434
1898 715
1901 2349
1591 383
1901 2673
1574 1831
1938 667
1901 2266
1542 915
1946 936
1901 2640
1786 2502
1699 2863
1901 2102
1786 2439
1901 2494
1901 2459
1786 2622
1583 1116
1901 1191
1901 2460
1686 526
1901 2213
1901 2458
1901 1534
1699 2572
1898 313
1901 2388
1221 327
1715 834
1946 769
1350 78
1552 372
1901 2374
1786 2620
1901 2593
1901 1368
1786 2868
1901 2385
1901 2418
1901 2573
1699 2403
1901 2304
1901 2399
1281 907
1901 2714
1786 2481
1399 226
1901 2501
1901 2370
1901 2661
1563 472
1552 1434
1901 2605
1711 752
1786 2524
1901 2504
1901 2323
1901 2663
1552 1795
1699 2872
1901 2662
1485 43
1786 2833
1901 2327
1901 1829
1901 2556
1901 2431
1591 1257
1901 2360
1264 336
1901 2672
1798 93
1901 2412
1901 2669
1901 2343
1901 2348
1786 2591
1901 2348
1563 727
1699 2663
1901 2460
1786 2773
2019 47
1901 2086
1901 1045
1901 2241
1563 2570
1901 865
1901 2315
1901 2330
1901 2366
1901 2629
1901 2724
1901 2456
1898 216
1901 2496
1552 197
1786 2852
1901 531
1901 2458
1689 2191
1699 2932
1901 2137
1901 2281
1901 2392
1901 2311
1901 2691
1901 2293
1786 2688
1901 2545
1901 2474
1901 2787
1591 1593
1901 1205
1901 2498
1721 423
1543 294
1786 2657
1901 2468
1901 2866
1786 472
1901 2694
1901 2672
1901 2396
1563 859
1901 2740
1901 1862
1786 2754
1901 2215
1563 395
1912 1806
1711 389
1901 2175
1563 2467
1901 2218
1711 776
1786 2917
1901 2317
1901 2031
1901 2598
1786 2678
1786 2966
1281 881
1552 1286
1901 2287
1901 2346
1901 2279
1901 2447
1563 868
1901 2892
1901 2065
1901 1699
1819 220
1901 2786
1786 2928
1901 2779
1901 2259
1901 2312
1901 2210
1901 2319
1901 2110
1637 992
1786 2197
1901 2513
1901 2516
1786 2866
1901 2439
1786 2981
1901 832
1901 2619
1699 2544
1552 1681
1901 2811
1901 2410
1912 1582
1786 2223
1901 2187
1901 2278
1591 1418
1901 2396
1901 350
1901 2488
1892 642
1901 2873
1563 561
1901 2325
1552 2138
1264 487
1786 2523
1901 2491
1901 2181
1912 1200
1901 2276
1901 2439
1901 2164
1786 2578
1901 2371
1786 2383
1637 434
1315 938
1901 2157
1901 2473
1901 1314
1901 2499
1901 2913
1901 2614
1786 2557
1901 2194
323 5
1901 2332
1699 1078
1901 2401
1901 2254
1901 2643
1563 2471
1563 2529
1901 2276
1901 2324
1786 2329
1786 2784
1901 2157
1901 2495
1699 2882
1901 2312
1901 2351
1901 2722
1786 2663
1901 2362
1901 2314
1786 2768
1786 2533
1901 2194
1591 1915
1901 2397
1901 2594
1901 2221
1786 2536
1901 2249
1901 2195
1543 309
1901 2334
1901 2519
1901 2694
1938 249
1552 1301
1901 2064
1786 2668
1901 2314
1901 2608
1901 2249
1786 2766
1901 2234
1901 2303
1901 2163
1552 1333
1542 483
1901 2854
1901 2585
1901 1251
1901 1064
2398 204
1786 2384
1901 2365
1901 2420
1901 2260
1901 2373
1901 2411
1901 2359
1766 621
1786 2468
1901 2460
1901 2622
1901 2051
1699 2604
1699 2617
1901 2554
1786 2931
1786 2902
1563 2568
1901 2208
1901 2686
1901 2356
1901 2258
1901 2750
1901 2553
1901 2424
1901 2476
1542 525
1901 2437
1901 2796
1786 2826
1901 2373
1699 2659
1552 2275
1637 858
1901 2339
1786 2517
1637 1159
1637 449
2041 41
1819 278
1901 2514
1901 2456
1901 2283
1699 2542
1901 2474
1901 2282
1721 247
1901 2695
1574 1248
1786 2582
1901 2725
1543 308
1901 2531
1689 2848
1699 2553
1901 2114
1901 2440
1901 2195
1583 887
1938 413
1699 2625
1901 2225
1901 2583
1901 2555
1542 381
1901 2583
1901 2425
1901 2762
1901 2550
1901 2097
1901 2667
1674 242
1901 2456
1901 2795
1901 2694
1901 2722
1552 919
1901 2197
1901 2755
1786 2977
2398 368
1901 2628
1901 2421
1699 2922
1699 2606
1901 2436
1786 2717
1786 2838
1901 2687
1901 2079
1901 2259
1901 2107
1901 2613
1901 2434
1901 2320
1901 2269
2337 449
1898 99
1901 2142
1901 2152
1901 2430
1901 2414
1901 1198
1901 2299
2386 126
1901 2403
2535 95
1699 2568
1786 2375
1014 39
1901 2125
1901 2854
1901 2070
1901 2565
1563 852
1901 2714
1901 2776
1901 2633
1901 2424
1786 2984
1901 2279
1901 1716
1264 632
1786 2780
1901 2183
1901 2326
1221 454
1901 2691
1786 2544
1901 2059
1901 2286
1901 2868
1901 2219
1574 1099
1901 2879
1901 2545
1901 2247
1901 2411
1901 2258
1901 2766
1901 2333
1901 2718
1786 2566
1901 2334
1786 2662
1901 2375
1264 358
1901 2495
1583 685
1786 2608
1699 2964
1901 2589
1901 2707
1901 2506
1901 2885
1901 2619
1901 2269
1938 330
1901 2413
1901 2578
1721 306
1901 2720
1699 2602
1901 2283
1901 2097
2386 148
1563 737
1901 2385
1880 168
1901 2580
1901 1998
1901 2072
2439 106
1901 2609
1591 458
1901 2125
1901 2159
1901 2452
1786 1557
1901 1318
1901 2761
1342 67
1901 2091
1901 2722
1901 2782
1901 2573
1901 2332
1668 178
1901 2238
1786 2949
1699 442
1699 2607
1786 2512
985 62
1901 2517
1786 2471
1583 866
1892 630
1901 2616
1901 2723
1901 2680
1901 2494
1563 2484
1946 989
1574 1449
1778 326
1901 1533
1574 1351
1901 2571
1901 2478
1689 2870
1901 2509
1901 2102
1786 2614
1901 2258
1901 1744
1901 1964
1901 2457
1786 2968
1542 287
1901 1113
1591 1768
1637 978
1786 2699
1901 2677
1350 598
1699 2535
1786 2909
1350 388
1901 2209
1901 1780
1552 1354
1901 2412
1901 2798
1901 2784
1901 2587
1901 1973
1901 2350
1786 2792
1786 2081
1901 2498
1901 1797
1264 582
1552 839
1901 2378
1901 2250
1721 347
1901 2730
1901 2139
1350 643
1901 2446
1901 2126
1552 1462
2041 335
1901 2484
1901 2298
1786 2597
1699 2533
1542 834
1901 2353
1901 2661
1901 2507
1901 2630
1901 2264
1901 2367
1583 954
1912 1194
1786 2433
1901 2085
1786 2663
1901 2168
1901 2047
1786 2672
1901 2421
1264 559
1350 507
1563 1033
1786 2065
1901 2765
1901 2594
1901 2211
1721 414
1542 406
1901 2266
1699 2549
1399 212
1542 497
1689 2830
1901 2317
1901 2416
1901 1911
1901 2763
1591 1465
1786 2797
1901 2361
1637 913
1901 2199
1901 2590
1786 2620
1563 2554
1938 670
1901 2360
1901 2606
1901 2492
1786 2576
1901 2017
1901 2266
1901 2664
1901 2272
1901 2645
1901 2168
1901 2337
1901 2628
2337 116
1901 2406
1901 2690
1786 2590
1901 2397
1689 2879
1901 2317
1901 2514
1901 2159
1901 2319
1901 2305
1901 2446
1901 1008
1574 212
1901 2214
1901 2004
1786 2809
1901 2113
1786 2570
1901 2162
1901 2157
1674 67
1786 2678
1901 2456
1901 1230
1901 2535
1901 2733
1031 35
1542 480
1901 2339
1699 2220
1901 2342
1901 2803
1264 742
1552 1934
1786 2818
1901 2623
1901 2422
1901 2647
1786 2793
1901 2511
1901 2199
1901 2501
1901 2389
1786 2943
1901 2448
1014 121
1901 2619
1699 2858
1901 2415
1901 2497
1901 2445
1901 2475
1637 1136
1786 2544
1901 2281
1901 1794
1901 2794
1901 911
1901 2443
1901 2558
2100 29
1901 2337
1901 2779
1563 1019
1786 2941
1901 2311
1786 2664
1901 2471
1912 1751
1901 2486
1786 2680
1901 2202
1399 300
1901 2456
1901 2443
1786 2488
1786 2811
1901 2596
1901 2101
1901 2200
1901 2837
1901 2333
1901 2639
1901 2345
1901 2197
1711 355
1591 204
1901 2419
1901 2376
1901 2423
1901 2439
1901 1253
1901 2488
1017 248
1901 2434
1715 893
1901 2450
1552 1916
1721 273
1901 2250
1901 2248
1901 2501
1901 2591
1901 1753
1901 2463
1563 547
1901 2555
1901 2531
1901 2476
1723 986
1901 2759
1901 2491
1901 2296
1786 2810
1901 2565
1901 2381
1552 1232
1786 1326
1699 2611
1901 854
1786 2806
1901 2538
1901 2730
1901 1244
1901 2433
1938 559
1901 2518
1699 922
1901 2209
1901 2388
1901 2722
1786 2641
1786 2680
1399 182
1901 2175
1901 2423
1399 295
1901 1467
1901 2522
1901 2288
1786 2592
1786 2689
1901 2074
1901 719
1901 2597
1786 2613
1901 2267
1901 2727
1591 1377
1901 2193
1901 2657
1901 2356
1901 2632
1901 2305
1901 2089
1901 1274
1901 2119
1699 2835
1901 751
1786 2919
1786 2519
1901 2172
1786 2877
1946 897
1901 2089
1901 967
1350 332
1901 2285
1699 2893
1901 2208
1786 2739
1901 2411
1901 2482
1901 2487
1901 2388
1901 2059
1901 2657
1901 2668
1901 2179
1901 2093
1901 2115
1901 2036
1901 2671
1901 2634
1686 625
1901 2555
1901 2575
1901 2210
1901 2371
1591 234
1699 2898
1901 2439
1786 2658
2060 38
1901 2187
1786 2553
1786 2693
1699 2964
1591 564
1552 1632
1901 2298
1901 2527
1563 848
1901 2633
1786 3005
1901 2305
1786 2867
1901 2301
1901 2153
1786 2654
1901 2435
1901 2326
1901 2489
1699 2855
1786 2958
1901 2048
1901 2442
1901 2866
1901 2722
1901 930
1901 280
1901 2251
1699 905
1901 2360
1264 623
1563 945
1901 2707
1901 2788
1699 2504
1786 2809
1786 2673
1786 2957
1901 1376
2041 95
1786 2677
1901 2441
1901 2732
1699 2898
1591 1951
1786 2720
1901 2310
1901 2763
1901 2076
1563 2502
1901 2447
1901 2347
1912 1767
1901 2450
1901 2472
1901 2381
1786 2384
1901 2492
1786 2619
1901 2482
1699 2863
1901 2721
1901 2208
1786 2353
1901 2607
1786 2496
1901 2370
1901 2728
1901 2518
1901 1164
1898 433
1786 2162
1786 2999
1901 2913
1901 2157
1901 2575
1901 2170
1901 2341
1912 1085
1901 2726
1350 386
1901 2381
1901 2434
1786 2590
1721 422
1901 2171
1901 2091
1699 2922
1901 1172
1901 2512
1721 493
1901 2487
1901 2232
1901 2723
2041 80
1786 2706
1901 2348
1699 2600
1901 2409
1552 2034
1901 2263
1901 2687
1786 2640
1901 2423
1699 2861
1901 2136
1786 2799
1901 2238
1901 2198
1591 1670
1786 2685
2115 284
1542 1067
1901 2497
1901 2398
1901 2374
1901 2289
1901 2279
1689 2864
1721 358
1901 2122
1273 391
1901 2359
1689 2830
1901 1180
1901 2468
1552 1230
1901 2486
1901 2663
1574 1619
1543 48
1591 1699
1786 2495
1552 1182
1901 2263
1786 2867
1591 1454
1901 772
1264 809
1901 2291
1786 2721
1699 2917
1901 2513
1901 2390
1901 2342
1901 2512
1786 2716
1637 858
1786 2658
1901 2259
1901 2561
1901 2503
1901 2471
2337 240
1786 3031
1699 2653
1901 2478
1901 2520
1901 2108
1901 2267
1901 2250
1699 2545
1901 1323
1901 2514
1637 1086
1901 2288
1264 390
1901 2247
1946 73
1786 2646
1901 2117
1723 973
1901 1512
1901 2457
1892 697
1418 656
1901 2844
1574 1466
1591 1331
1898 337
1901 2670
1786 2783
1637 261
1901 2450
1912 1475
1017 280
1901 2825
1819 234
1901 2658
1699 2615
1901 2202
1901 2328
1901 2352
1552 1412
1901 2367
1786 2776
1901 2722
1901 2285
1563 535
1901 2674
1552 2225
1901 2346
1946 923
1901 2302
1819 496
1591 366
1699 2641
1563 1097
1786 2710
1901 2149
1563 2547
1699 2554
1901 2143
1901 2400
1901 2209
1901 2719
1892 503
1315 947
1901 2309
1901 2271
1901 2452
1711 209
1901 2308
1901 2738
2041 87
1786 2671
1912 1442
1786 2799
1901 2654
1901 2487
1901 2282
1206 157
1786 2707
1898 107
1901 2659
1901 2568
1901 1799
1901 2247
1901 2822
1591 1583
1786 2715
1901 2471
1901 2678
1786 2682
1901 2699
1901 2718
1901 2853
1723 1062
1901 2832
1901 2510
1786 2794
1901 2587
1563 485
1901 2247
1689 2843
1901 2381
1699 2912
1552 1688
1542 799
1786 2496
1552 1400
1901 2862
1901 994
1901 1086
1552 2119
1901 2305
1901 2425
1901 2328
1901 2572
1901 2765
1901 2407
1901 2649
1901 2436
1542 754
1699 2927
1901 1864
1901 588
1901 2693
1786 3016
1901 2290
1786 2702
1901 2683
1901 2429
1699 2571
1786 2569
1591 1827
1766 375
1552 1458
1901 2338
1563 2470
1901 2688
1901 2533
1786 2820
1901 2245
1901 2211
2790 86
1901 2774
1552 1244
1699 2541
1901 950
1786 2820
1574 992
1901 2534
1563 2382
1699 2633
1901 2412
1342 142
1912 1308
1699 2593
1901 2455
1852 394
1901 2805
1938 432
1901 2688
1901 2176
1901 2330
1778 397
1892 552
1946 994
1699 2605
1901 2402
1901 338
1901 2741
1542 446
1901 2039
1686 829
1901 2778
1901 638
1786 2503
1901 2662
1901 1410
1563 208
1901 2682
1350 573
1901 2602
1901 2526
1901 2241
1901 2674
1574 1791
1901 2752
1901 2712
1901 2400
1699 2890
1901 2618
1901 2439
1786 2648
1786 2490
1901 2311
1901 1154
1901 2489
1901 2354
1901 2238
1901 2277
1901 2247
1901 2650
1901 2565
1901 982
1901 2272
1901 2179
1543 188
1723 583
1901 2188
1901 2217
1901 2255
1901 2757
1786 2624
1901 2265
1901 2757
1901 2321
2019 74
1901 2304
1699 2653
1721 496
1901 2646
1901 2604
1901 2312
1552 1205
1552 825
1786 2433
1901 2440
1901 1695
1901 2175
1901 2127
1901 2730
1786 2735
1901 2416
1786 2507
452 9
1901 2408
1574 1111
1901 2694
1699 2535
1898 503
1901 2266
1901 2472
1901 2572
1901 2497
1901 2476
1901 2861
1901 2696
1901 2239
1901 2550
1901 2793
1901 2742
1591 1496
2041 278
1901 2533
1723 579
1901 1895
1901 2672
1901 2455
1901 2201
1901 2466
1563 443
1901 2813
1901 2126
1699 2948
1591 1677
1901 1684
1699 2611
1901 2395
1901 2704
1786 2476
512 5
1901 1975
1901 2346
1901 2447
1901 2462
1901 2381
1686 488
1898 222
1699 2520
1901 2131
1901 2485
1901 2879
1699 2583
1901 1149
1901 1590
1901 2513
1901 2312
1901 2429
1711 149
1901 2504
1786 2883
1901 2433
1901 2149
1699 767
1786 2666
1786 2818
1901 2322
1699 2621
1245 110
1901 2315
1901 2560
1901 373
1901 2540
1901 2614
1786 2532
1880 184
1786 2295
1901 1651
1901 2191
1901 2414
1901 2633
1786 2792
1699 2535
1901 2412
1901 2454
1901 2272
1901 2506
1901 2584
1786 2520
1591 1594
1901 2779
1786 2794
1264 338
1901 2063
1689 2094
1901 2368
1711 531
1786 2971
1901 2497
1901 1410
1901 2176
1901 2441
1901 2814
1786 2944
1901 2273
1591 1206
1901 2430
1901 1656
1901 2559
1912 1716
1901 2488
1901 2512
1901 2476
1786 2663
1901 2785
1591 1563
1637 1079
1901 2177
1686 504
1901 2525
1901 2346
1901 2511
1901 2517
1786 2726
1901 2382
1539 23
1901 2449
1901 2655
1901 2702
1699 2581
1552 2124
1786 2655
1901 2383
1786 2608
1901 2306
1901 2028
1901 2754
1552 1315
1273 420
1264 672
1786 2519
1786 2501
1901 2297
1901 2142
1901 2553
2337 397
1901 2307
1786 2619
1901 2633
1901 1331
1901 952
1901 2548
1898 512
1901 2128
1901 2249
1901 2617
2115 93
1786 2547
1786 2399
1901 2559
1552 1228
1686 578
1699 2548
1281 617
1901 2153
1901 2295
1901 2453
1901 2678
1786 2746
1901 2274
1901 2102
1901 2444
1901 2629
1901 2651
1699 2870
1723 724
1901 2772
1699 2568
1912 1141
1901 2575
1901 2297
964 12
1552 1298
1786 2827
1559 213
1901 2251
1901 2259
1901 2280
1901 2481
1786 2637
1786 2772
1786 2772
1699 2550
1786 2566
1552 1302
1901 2710
1901 2357
1786 3002
1901 2377
1901 2349
1786 2666
1901 2546
1901 1100
1786 2634
1901 1118
1591 1701
1901 2335
1901 2482
1901 2346
1901 2325
1901 1080
1901 2118
1901 2380
1901 2579
1723 944
1786 3010
2033 130
1901 2278
1786 2598
1901 2629
1901 2448
1901 2804
1552 1764
1786 2618
1901 2583
1786 2435
1786 1717
1901 2601
1563 2570
1901 2535
1699 2532
1901 2433
1786 2751
1901 2699
1901 2357
1901 899
1786 2627
1901 725
1786 2960
1901 2547
1901 2064
1901 696
1901 2570
1901 2044
1901 2354
1786 3000
1901 2544
1901 2327
1699 2849
1699 2599
1786 2683
1901 2451
1880 487
1901 2230
1901 2558
1901 2653
1901 2811
1901 2265
1901 1800
1901 2294
1901 2031
1901 2194
1938 704
1901 2004
1552 2034
1901 2218
1711 267
1563 2578
1901 2869
1901 2476
1699 2536
1901 2331
1901 2452
1699 2593
1901 2371
1901 2481
1901 2368
1901 2048
1901 2360
1901 742
1699 2919
1552 1317
1901 2519
1901 2421
1901 2724
1901 2857
1901 2355
1901 2842
1547 432
1686 436
1901 1379
1901 2227
1786 2676
1901 2129
1711 902
1901 2374
1901 2184
1901 2636
1766 551
1786 2636
1901 2378
1221 189
1901 2448
1786 2947
1901 2366
1901 2703
1686 788
1699 2575
1591 1566
2790 145
1901 2781
1901 2632
1901 943
1901 2291
1699 2920
1901 2611
1901 2230
1901 2492
1901 1647
1574 1430
1552 1508
1901 2595
1901 2148
1901 2350
1901 2325
1723 583
1901 2249
1591 1846
1901 2599
1901 2464
1699 2941
1901 2425
1721 369
1901 2348
1786 3039
1350 460
1786 3028
1901 2281
1901 2622
1901 2130
1901 2731
1901 2678
1786 2941
1786 2472
1901 2405
1711 889
1786 2624
1901 2715
1901 903
1901 2229
1699 2512
1786 2744
1786 2938
1786 2509
1901 2610
1901 2629
1901 2531
1901 2410
1786 2750
1901 2436
1901 2421
1901 2446
1901 2328
1898 701
1901 2566
1786 2688
1901 2627
1552 1332
1786 2730
1901 2643
1901 2476
1901 1653
1786 137
1912 809
1786 2954
1901 1267
1786 2773
1786 1558
1901 2720
1699 2402
1901 1247
1786 2076
1938 597
1901 2879
1699 2899
1563 1153
1563 2491
1901 2065
1901 1777
1901 2682
1552 1147
1901 2174
1591 152
1591 1761
1901 2704
1984 52
1901 1549
1786 2784
1901 1954
1786 2623
1901 2255
1901 2252
1901 2656
1699 2912
2033 88
1563 644
1901 1811
1699 972
1901 2716
1901 2337
1901 2513
1552 1705
1901 2720
1591 1535
2398 320
1901 2502
1901 2557
1552 1643
1786 2185
1901 2649
1901 2762
1901 2434
1901 2301
1901 2723
1901 2489
1901 2341
1901 1221
1281 862
1901 2753
1901 2269
1786 2122
1901 913
1563 919
1901 2405
1912 1861
1901 1039
1901 2850
1699 2912
1901 818
1901 2142
1901 2051
1901 2682
1721 321
1901 2522
1786 2909
1399 341
1901 2346
1984 133
1901 2127
1901 1436
1786 2541
1786 2659
1901 2402
1901 810
1637 1116
2515 14
1552 962
1552 1671
1786 2827
1786 1953
1273 314
1901 2111
1901 827
1901 2382
1901 2582
1901 1497
1901 2676
1901 532
1342 65
1901 2781
1901 2449
1901 754
1786 2699
1901 2738
1901 2556
1901 2564
2398 175
1901 2106
1901 2790
1901 2837
1901 2223
1901 1881
1901 2139
1901 2808
1552 1998
1699 2533
1901 2335
1901 2497
1552 1273
1542 796
1786 2960
1245 103
1552 1765
1901 2759
1901 2521
1542 553
1699 2858
1901 2402
1563 698
1901 2087
1699 2882
1591 1422
1901 2263
1901 1391
1786 2611
1901 2420
1901 2224
1901 1021
1901 2240
1901 2681
1901 653
1901 2025
1901 2149
1901 2430
1699 2551
1819 139
1901 2350
1901 2618
1699 2951
1901 1179
1699 2641
1552 1195
1901 2429
1901 2680
1901 2175
1563 891
1901 2314
1901 1112
1864 207
1591 1591
1901 1677
1399 165
1786 2854
1901 2368
1901 1809
1786 2960
1786 2468
1901 2219
1786 1772
1901 2285
1901 2273
1901 2642
1901 2461
1786 2969
1786 2985
1786 2417
1210 33
1901 2063
1686 616
1901 1483
1901 2326
1898 213
1901 1644
1591 1988
1543 305
1699 2559
1689 2837
1552 1224
1552 2229
1901 2693
1786 2938
1901 2795
1901 2448
1901 2363
1901 2127
1901 2210
1901 2379
1901 2310
1508 199
1591 1604
1901 2713
1574 1319
1497 32
1699 2593
1901 2215
1901 2569
1901 2397
1901 2348
1901 2606
1786 2629
1901 2227
1591 1584
1699 2911
1552 1928
1542 590
637 45
1901 2383
1786 2726
1912 1470
1591 341
1901 2730
1901 927
1901 2714
1901 2016
1901 2401
1786 2166
1901 2757
1946 813
1901 2456
1901 2315
1901 2853
1901 1468
1563 567
1901 2249
1901 2465
1901 2406
1552 1668
1583 865
1901 1995
1552 1176
1901 2534
1901 2220
1901 2207
1786 2511
1901 2784
1901 2595
1699 2896
1901 2522
1901 2611
1786 2785
1819 418
1901 2508
1901 2474
1786 2692
1057 26
1901 2557
1901 2794
1723 622
1552 738
1786 2595
1901 2397
1901 2409
1786 2688
1938 743
1901 2386
1901 2711
1715 138
1901 1037
1574 1240
1901 2301
1901 2062
1901 2730
1901 2296
1786 2736
1901 2287
1591 351
1901 2394
1786 2494
1901 2853
1699 2529
1901 2221
1901 2399
1901 2544
1901 2558
1527 87
1901 2396
1901 2248
1778 199
1901 2664
1786 2502
1901 2382
1699 2546
1901 2613
1786 2827
1901 2190
1901 2317
1901 2639
1901 2376
1901 2430
1786 2766
657 63
1901 2272
1901 2561
1776 500
1901 2109
1901 2085
1901 2797
1898 702
1786 2601
1901 2496
1901 2344
1699 1058
1637 953
1901 1125
1552 1254
1786 2547
1901 2097
1901 2451
1901 2576
1901 2334
1901 2224
1281 960
1901 2591
1901 2692
1901 2513
1563 460
1901 2761
1508 185
1786 2621
1901 1211
1901 2317
1699 2559
1938 573
1901 2420
1901 2330
1892 188
1901 2585
1901 2177
1901 2527
1786 171
1901 2641
1901 953
1901 2319
1901 2689
1901 2459
1901 2359
1901 2395
1901 2679
1552 2111
1938 562
1901 2850
1901 2405
1574 1293
1901 2648
1699 713
1786 2823
1754 29
1766 502
1786 2834
1901 2578
1786 2705
1786 2789
1699 927
1786 2595
1901 2272
1591 348
1946 751
1805 393
1711 373
1901 2550
1786 2802
1591 1771
1574 1594
1786 2998
1901 2715
1901 2407
1563 2513
1786 1722
1901 2456
2041 349
1901 2664
1887 189
1901 2664
1901 2630
1786 2912
1901 2135
1901 1133
1699 2533
2386 323
1563 709
1901 2168
1901 2293
1786 2861
1786 2851
1786 2587
1901 2410
1901 2560
1591 372
1901 2671
1901 2410
1901 2210
1901 2664
1901 2533
1880 434
1901 2692
1901 1119
1901 2357
1563 2577
1786 2819
1786 2840
1786 2942
1786 895
1901 2517
1186 58
1901 2149
1281 719
1637 865
1901 2513
1901 2549
1901 2375
1786 2671
1901 2206
1901 2220
1552 869
1189 264
1901 2711
1901 666
1901 1390
1901 2240
1786 2470
1901 1745
1901 2313
1901 2297
1574 1336
1901 1739
1901 2094
1637 1013
1901 2267
1583 50
1699 2606
1786 2994
1552 1478
1686 452
1901 2477
1786 2362
1901 2461
1689 2866
1901 2346
1547 302
1912 1155
1699 2553
1901 2347
1901 2681
1786 2581
1686 634
1901 2904
1901 2502
1786 2800
1552 1390
1901 2206
1786 2479
1901 2156
1350 576
1901 2480
1901 2431
2284 111
1901 1582
1901 1836
1901 2281
1901 2595
1901 2829
1901 2505
1778 253
1901 2690
1901 2389
1901 2430
1901 2199
1786 2963
1901 1412
1901 2568
1901 2549
1563 768
1901 2751
1901 2449
1901 2556
1901 2471
1901 2661
1901 2633
1901 2312
1901 2527
1786 2729
1901 2112
1901 2441
1901 2781
1901 2700
1699 2573
1786 2648
1699 2908
1901 2083
1901 2645
1901 2399
1901 2288
1901 2841
1591 2012
1901 2364
1786 2542
1901 2819
1901 2402
1901 2566
1901 2447
1901 540
1901 1023
1984 85
1901 2629
1686 747
1786 2924
1686 708
1901 2737
1786 2487
1711 349
1552 1974
1901 2136
1901 1245
1901 2304
2033 70
1901 2422
1901 2597
1699 2568
1901 2463
1901 2215
1583 651
1399 189
1901 2437
1552 1130
1805 559
1563 2507
1901 2170
1908 66
1901 2285
1901 2242
1901 2192
1901 2565
1901 2223
1901 2278
1901 2635
1901 2646
1901 2787
1901 2399
2381 73
1901 1582
1901 2710
1786 2712
1901 2404
1946 102
1264 869
1901 2809
1901 2706
1689 2821
1901 2387
1552 857
1901 2334
1542 256
1699 2883
1786 2904
1699 2646
1786 2551
1786 2519
1901 607
1901 2386
1901 2663
1901 2886
1686 455
1699 2539
1901 2518
1892 189
1563 1132
1786 2451
1264 607
1901 2289
1552 555
1901 675
1938 189
1786 109
1901 2204
1912 773
1901 850
1591 496
1887 125
1350 449
1786 486
1901 2356
1699 2579
1901 2087
1552 805
1552 933
1901 2612
1901 2639
1552 636
1901 2262
1723 658
1786 2522
1786 2645
1901 2404
1591 1399
1686 491
1552 1292
1786 2736
1715 808
1542 870
1786 2703
1786 2673
1912 1302
1864 233
1699 2842
610 29
1786 2527
1699 2926
1563 411
1901 2378
1901 2477
1552 1295
1786 2688
1901 2431
1699 2855
1898 605
1912 1726
1901 2759
1901 2692
1901 2244
1786 2196
1017 256
1699 2552
1901 2213
1552 491
1563 1016
1901 2064
1901 2445
1901 2323
1901 2317
1901 2874
1901 2245
1901 2230
1901 2618
1574 1516
1591 2010
1901 2813
1901 2144
1901 2197
1901 2457
1901 1009
1786 2506
1901 2071
1901 1256
1901 2092
1901 2435
1901 2539
1912 1455
1901 2424
1574 264
1786 2499
1563 347
1901 2760
1552 987
1901 2630
1901 2802
1901 2299
1901 2284
1786 2678
1901 2455
1591 1642
1901 2206
1901 2816
1819 366
1901 2316
1901 2539
1901 2588
1901 2445
1221 469
1901 2896
1786 2846
1786 2677
1264 725
1901 1161
1901 2379
1901 2095
1901 2345
1901 2543
1901 2289
1901 2227
1901 2086
1901 2114
1798 304
1901 2285
1552 1450
1786 2434
1786 2708
1786 2714
1901 2194
1901 2758
1563 2592
1786 2663
1901 2235
1901 2421
1901 2673
1591 457
1901 2103
1901 1365
1901 2056
1543 116
1786 2613
2291 51
1901 2609
1901 1050
1901 2552
1563 930
1880 386
1901 2516
1901 2621
1901 1267
1786 2817
1901 843
1901 2263
1786 2424
1901 2171
1892 264
1901 2435
1901 2569
1819 284
1786 2650
1699 2883
1786 2664
1699 669
1711 328
1901 2592
1901 2386
1901 2406
1901 2440
1552 1011
1563 346
1723 767
1102 46
1786 2936
1399 442
1786 597
1901 2461
1399 207
1901 2172
1786 2494
1901 2423
1901 2474
1786 2919
1786 2970
1699 2887
1901 2237
1901 2294
1901 2105
1901 2361
1901 2731
1901 2574
1786 2977
1699 2395
1563 270
1699 2585
1786 2474
1901 2456
1901 979
1786 2641
1819 154
1901 2653
1901 2742
1563 595
1901 2164
1591 1484
907 7
1901 2667
1901 2699
1563 2532
1901 2693
1901 2383
1786 2576
1901 2278
1699 2640
1901 2205
1901 2584
1901 2423
1901 2443
1901 2213
1901 2219
1898 202
1563 2560
1901 2441
1264 680
1901 2163
1901 1514
1901 2837
1591 1661
1786 2580
1699 2574
1786 2669
1901 2098
1901 965
1563 811
1901 2333
1901 2487
1901 2342
1699 2847
1699 2534
1637 692
1901 1570
1901 771
1591 1389
1901 2264
1786 2708
1786 2039
1901 2297
1901 2409
1699 2669
1901 2797
496 5
1901 2396
1901 2112
1901 2665
1901 2207
1901 2253
1901 1370
1901 2410
1786 2532
1901 1250
1869 107
2337 363
1901 2188
1901 2458
1901 2185
1901 2700
1901 2687
1901 2444
1901 2314
1552 1847
1901 2157
1901 2539
1901 2397
1901 2537
1901 2467
1901 2567
1901 2428
1786 2812
1786 2667
1901 1452
1786 2519
1901 2680
1901 2639
1901 2415
1901 2186
1901 2346
1699 2579
1264 727
1901 2137
1786 2965
1901 1313
1901 2486
1786 2488
1901 2218
1552 1207
1901 2432
1591 207
1946 832
1901 2394
1264 238
1786 2775
1786 2227
1901 2664
1901 2292
1699 2590
1901 2715
1901 2556
1786 2337
1901 2568
1901 2520
1786 2390
1591 1676
1552 1091
1901 2559
1901 2259
1786 2425
1786 2391
1552 1249
1901 2765
1901 2669
1901 2317
1901 2473
1723 601
1901 2468
1969 190
1901 795
1901 2410
1901 2843
1901 2677
1552 883
1901 2585
1901 2491
1901 2429
1901 2537
1786 2755
1901 2055
1938 112
1786 2720
1901 2787
1901 2686
1901 1275
1901 2086
1901 772
1901 2359
1901 2422
1901 2658
1901 2419
1901 2889
1901 2564
1901 2560
1901 2202
1786 2532
1901 2443
1901 2394
1563 2526
1901 2435
1721 359
1901 2090
1901 2636
1786 2811
1901 2492
1786 2583
1399 572
1723 532
1569 383
1901 2748
1901 889
1901 2435
1563 845
1901 2256
1901 2141
1901 2175
1901 1174
1901 2032
1901 2301
1901 1457
1901 2267
1901 2506
1552 1103
1715 911
1901 2587
1901 2549
1591 1387
1901 2199
1901 2519
1901 2105
1786 2723
1901 1651
1901 2722
1901 2428
2398 152
1901 2371
1901 2396
1901 2075
1786 2743
1901 2437
1901 2705
1901 658
1574 1126
1901 2464
1901 2438
1901 2622
1819 302
1901 2222
1699 2666
1563 667
1901 2617
1901 2337
1901 2660
1901 721
1786 2634
1901 2575
1901 1522
1901 2246
1699 2879
1901 2355
1938 699
1786 2751
1901 1501
1901 2715
1786 2607
1563 963
1786 2578
1901 2663
1574 1593
1901 2382
1786 2821
1668 165
1901 2363
1901 2389
1315 962
1901 2582
1699 2928
1901 2266
1901 2402
1901 2690
1901 2317
1901 2264
1901 2423
1901 2741
1901 1907
1946 804
1901 2350
1901 2591
1786 2697
1901 2705
1552 1559
1574 1457
1901 2515
1901 484
1399 598
1901 2489
1901 2589
1901 2397
1901 2184
1901 2631
1901 2564
1699 2661
1786 2990
1901 2853
1901 2198
1552 824
1901 2102
1786 2621
1901 2442
1574 1587
1786 2947
1901 2292
1689 2240
1901 962
1901 2106
1901 2827
1699 2564
1699 2853
1552 1848
1901 2184
2398 244
1901 2070
1591 1529
1901 1043
1901 2679
1786 2447
1901 2667
1574 1809
1901 2401
1591 543
1786 2554
1901 2710
1901 2467
1901 2139
1591 1487
1880 346
1786 2833
1552 1407
1786 2984
1786 2723
1901 2332
1552 1664
1699 2882
1563 408
1901 2817
1901 2243
1901 2521
1552 1168
1699 2630
1901 478
1901 2222
1901 2321
1786 2806
1901 2844
1901 2227
1901 1776
1901 2511
1901 1314
1901 2348
1786 2758
1901 2545
1901 2354
1901 2208
1901 2329
1898 418
1901 2101
1901 879
1901 2586
1901 2784
1689 2863
1901 2080
1901 2855
1786 1401
1901 2528
1901 2773
1901 2715
1901 2554
1711 322
1901 2265
1901 2298
1901 2406
1786 2453
1901 1881
1901 2893
1699 2884
1715 373
1273 366
1901 2303
1552 1580
1901 2611
1901 2735
1786 2832
1786 2250
1901 2375
1711 799
1723 569
1901 2429
1901 2351
1901 2824
1901 2680
1591 1627
1901 2759
1786 2943
1901 2621
1786 2561
1901 1759
1901 2641
1901 2311
1901 2320
1786 2646
1901 2568
1786 2063
1552 2018
1901 1674
1901 2745
1699 670
1901 2390
1901 2336
1901 2259
1901 2793
1786 1323
1901 2776
1786 2655
1786 2488
1901 2622
1591 193
1786 2634
1901 2454
1786 2627
1721 453
1994 19
1901 2409
1901 2676
1786 2841
1901 2425
2284 175
1938 438
1901 1937
1766 427
1901 2734
1901 797
1901 2754
1014 162
1901 2710
1901 2269
1399 545
1901 2247
1901 2611
1399 369
1901 1806
1901 2199
1901 2189
1901 2710
1901 2329
1563 575
1591 384
1892 107
1591 1378
1901 2224
1901 2849
1912 1613
1901 2696
1901 2337
1901 2309
1901 1645
1901 2110
1901 993
1901 2481
1686 588
1786 2633
1766 505
1901 2482
1699 2370
1786 2188
1912 1185
1901 2434
1901 2349
1282 1154
1221 446
1901 2390
1901 2572
1901 2514
1563 507
1189 259
1901 2832
1901 2528
1901 2095
1901 2346
1901 2701
1786 2556
1901 2357
1901 2761
1543 288
1901 2526
1901 616
1786 2676
1786 2442
1901 2214
1563 2484
1786 2750
1901 2856
1901 2388
1819 86
1786 2998
1901 2276
1786 2497
1901 2451
1901 2292
1901 2638
1901 2282
1901 2128
1880 170
1563 2569
1898 313
1786 2526
1901 2658
1901 2742
1901 1027
1819 137
1699 2569
1901 2406
1946 983
1786 2919
1786 2212
1552 1703
1901 2397
1901 2673
1563 904
1901 2707
1901 2477
1901 2259
1901 2544
1901 1802
1901 2424
1901 2629
1786 3002
1901 2709
1786 2759
1699 2877
1901 1511
1901 2473
1901 2715
987 110
1901 2354
1901 2408
1901 2436
1901 2352
1901 1976
1574 1241
1901 2481
1591 1717
1786 2820
1901 2606
1901 2678
1901 2249
1786 2548
1552 1311
1901 2172
1699 2883
1901 568
1901 2356
1563 702
1901 1990
1901 2154
1901 2200
1786 2622
1583 870
1786 2372
1711 284
1901 2379
1901 2232
1901 1372
1786 2360
1901 2490
1901 2766
1786 2974
1591 1559
1563 657
1901 2502
1901 944
1901 2534
1786 2523
1901 2328
1901 2805
1699 2586
1786 2337
1786 2838
1901 2460
1901 2210
1901 2804
1901 2591
1542 1088
1786 2719
1591 429
1399 545
1901 2287
1901 2042
1901 2552
1901 636
1689 2812
1901 2197
1563 2500
1786 2756
1901 2315
1786 2719
1699 2917
1786 2957
1901 2396
1542 869
2790 97
1786 2902
1901 2916
1901 2352
1901 2692
1723 529
1901 2657
1264 549
1542 1096
1542 786
1901 2465
1901 2661
1901 646
1901 2786
1901 2295
1901 1581
1591 412
1786 2669
1552 1015
1699 2645
1574 1537
1591 1580
1786 2516
1901 2483
1901 2178
1264 726
1699 2615
1901 2738
1901 2700
1552 1015
1175 74
1901 1263
1901 1189
1901 2490
1901 2281
1901 2750
1901 2439
1901 2596
1453 16
1901 2743
1264 811
1901 2333
1901 2649
1689 2305
1901 2379
1901 2297
1686 646
1901 2438
1786 2898
1819 189
1895 124
983 22
1591 1825
1574 1319
1786 2719
1699 2566
1901 983
1591 1203
1901 2658
1901 502
1901 2747
1901 2862
1901 2142
1901 2627
1901 2360
1901 2589
1901 2663
1591 1410
1901 2316
1552 223
1017 225
1699 2942
1901 2141
1786 2476
1901 2457
1901 2701
1901 2554
1901 2406
1901 2698
1901 2401
1901 2505
1901 2473
1563 680
1563 787
1901 2705
1901 2328
1637 703
1901 2526
1901 1216
1901 2431
1786 2701
1901 2645
1901 2285
1591 273
1901 2564
1901 1198
1574 1580
1901 2829
1901 2668
1786 2825
1786 2931
1786 3016
1786 2937
1786 2762
1786 2947
1901 1504
1901 2383
1281 922
1901 2323
1901 2549
1901 2460
1786 2753
1887 128
1574 1639
