3435
186 3290
174 3486
340 3470
98 3359
2527 3321
284 3248
257 1360
142 3150
315 3468
2539 3155
43 3422
247 3374
1161 2771
148 3437
122 3150
298 2777
2262 3430
1240 1541
132 3418
270 3307
175 3271
85 3349
492 587
230 3466
187 2055
274 3175
2280 3309
225 3375
109 3230
227 3254
195 2494
218 3252
193 282
183 3244
309 3500
1547 3180
303 3233
11 3250
202 3313
302 3230
214 3271
21 3480
1764 1999
141 3392
346 3202
581 3197
2044 2056
306 3494
126 3246
169 3182
118 3285
1378 2276
13 3337
2714 2777
1170 1179
218 3268
223 3238
36 3405
347 3196
176 1324
158 3200
241 3243
654 2912
172 3485
128 3348
251 3337
145 3283
402 1333
61 3150
1017 2779
1948 2136
188 3161
770 1230
184 3475
314 3392
344 3233
55 3253
247 3379
84 3282
138 3452
232 3214
238 3449
1163 2505
335 3241
1627 2065
32 3275
253 3235
175 3313
323 3354
93 3330
250 3291
530 1165
154 3352
180 3409
259 3215
155 3208
81 3217
379 2409
6 3351
1984 3492
2252 2279
34 3314
61 3269
2794 3015
346 3443
163 3246
452 2361
110 3215
321 3422
178 3347
94 3195
323 3351
5 3317
285 3168
175 571
26 3196
67 3231
240 3411
252 3249
19 3273
314 3245
117 2722
29 3264
2639 2716
259 3346
140 3266
351 2824
223 3219
333 3190
261 3356
164 3159
1695 3138
1197 3442
1 3269
111 3299
201 3187
37 3435
2 3431
333 3186
223 3301
301 3283
329 3498
1419 2255
890 1347
168 3290
800 3484
242 3164
1456 2007
236 3327
262 3300
166 2342
38 3418
338 3279
58 3268
141 3249
68 3448
1206 1749
280 3199
88 3196
319 3299
226 3395
177 3343
79 3491
267 3240
145 3473
2791 3047
347 3483
1170 3235
51 3169
313 3196
722 1851
284 3202
1007 3026
27 3315
49 3343
218 3351
89 3259
70 3299
23 3438
2223 2838
330 3259
245 3174
102 3236
532 1389
71 3429
303 3303
1168 2125
30 3419
32 3154
232 3428
7 3432
160 3290
171 3268
328 3424
255 3437
298 3156
1273 3127
62 3255
102 3169
2228 2276
109 3249
104 3412
102 3331
128 3356
283 3368
79 3438
106 3353
110 3319
206 3217
215 3201
208 3285
144 3327
562 2501
17 3397
90 3495
1107 2370
162 3299
174 3199
162 3394
10 3183
149 3389
269 3248
63 3267
249 1776
182 3380
620 1579
109 3174
63 3418
258 3357
313 3390
342 3486
257 3429
162 3184
1129 1315
1354 1586
65 3164
422 549
254 3199
342 3307
658 1566
78 3366
214 3441
284 3164
112 3351
28 3265
429 2990
134 3372
55 3458
59 3321
110 3281
132 3243
292 3262
140 3407
291 3262
1485 3117
304 3415
78 3244
2938 3219
703 2874
782 3067
341 3335
278 3486
36 3182
154 3500
31 3308
184 3357
328 3358
339 3451
143 3355
139 3489
11 3351
146 3271
178 3242
215 2196
1 3340
151 3392
1816 2655
87 3264
225 3290
190 3332
327 3370
216 3269
338 3319
2612 2633
339 3159
61 3438
117 3296
151 3276
258 3323
13 3374
195 3422
107 3213
87 3309
206 3398
20 3402
178 3341
293 3178
307 3382
632 1708
133 3210
493 3225
974 1414
327 3215
108 3225
56 3210
264 3247
27 3469
2669 2795
926 3135
108 3328
17 3259
1928 2411
160 3272
620 2545
277 3208
162 3166
1840 1884
149 3162
2004 2919
13 3222
120 3456
286 3496
602 3358
246 3327
25 3251
298 3182
144 3435
1392 3355
334 3194
166 3366
1542 2545
239 3337
2129 2377
68 3223
2041 2136
300 3279
305 3278
189 3424
74 3279
42 3382
295 3420
44 3478
174 2042
93 3413
33 3343
225 3182
332 3331
110 3389
178 3481
303 3326
222 3418
109 3398
186 3444
205 3480
225 3383
132 3233
58 3152
343 3153
93 3356
63 3324
544 3110
329 3398
121 3397
175 3430
259 3417
60 3246
220 3244
811 2960
98 3277
234 3160
243 3162
414 737
1628 3345
276 3499
226 3398
248 3369
310 3229
1266 2790
335 3182
205 3473
54 3230
91 3454
745 1554
185 3362
225 3427
109 3345
149 3283
181 3500
329 3166
584 1729
1606 1806
511 1288
239 3240
83 3433
330 3495
236 3181
2240 2845
228 3475
316 3220
209 3415
34 3296
207 3196
334 3493
80 3221
224 3291
1120 3239
994 2582
254 3338
2284 2484
192 3462
164 3389
182 3452
41 3433
36 3495
27 3414
2281 2968
349 3276
1174 3235
23 3429
95 3398
110 1285
341 3265
148 3466
660 2989
148 3465
237 3390
273 1612
35 3260
244 3201
311 3384
304 3190
275 3247
136 3479
82 3403
342 3423
274 3483
1070 2753
169 3243
169 3242
97 3291
30 3193
314 3457
109 3455
39 2971
342 3309
1780 2095
333 3193
151 249
92 3176
31 3483
874 2256
262 3385
321 3441
1158 1502
237 3477
198 3308
302 3221
287 3197
96 3445
15 3189
166 3465
3 3269
97 3358
166 3340
340 3445
326 3482
2166 2993
118 3417
1527 3304
146 3418
3122 3451
253 3339
81 3185
290 3479
125 3375
1400 1706
120 3272
132 3350
56 3323
10 3389
198 3248
225 3156
192 3444
306 3351
176 3180
350 3436
205 3151
49 3431
26 3190
111 3158
15 3395
247 3343
185 3433
174 3382
178 3433
333 3186
323 3489
252 3414
81 3498
227 3481
139 3443
249 3329
258 3323
293 3434
268 3211
1198 2911
325 3349
1762 3267
194 3228
248 3226
1389 2540
340 3267
2337 2345
1908 3347
93 3372
99 3293
213 3254
169 3237
331 3453
311 3478
31 3183
191 3258
302 3362
313 3199
140 3337
51 3269
337 3168
655 2198
99 3497
118 3459
346 3210
59 3227
1492 2769
1282 2467
91 3224
3220 3268
172 3214
29 3243
99 3290
356 1631
1539 3129
268 1975
77 3263
309 3399
196 3324
319 3235
198 3213
420 2449
41 3158
156 3488
46 3446
263 3405
1537 3365
236 3374
286 3299
109 3265
720 2605
71 3242
139 3486
47 3244
266 3457
269 3428
112 3487
266 3488
137 3218
1559 3348
1676 2977
481 1398
94 3302
104 3440
305 3191
277 3166
342 3402
234 3284
267 3211
86 3486
237 3325
164 3500
282 3271
139 3283
49 3476
83 3310
132 1592
342 3468
22 3237
62 3398
270 3246
236 3489
985 2272
222 3170
313 3482
203 3368
763 1324
310 3483
1686 2935
63 3409
18 3321
208 3280
304 3180
281 3200
337 3190
298 3413
1014 1273
32 3451
1497 3353
122 3342
282 3362
320 3496
1315 1863
172 3461
326 3272
182 3210
168 3313
325 3337
91 3219
115 3235
3036 3246
164 3268
1422 2687
527 3092
253 3397
224 532
222 3225
2 3361
130 3400
180 3472
228 3390
169 3374
594 810
727 3234
1 3194
94 3435
266 3419
122 3223
76 3186
65 3262
109 3189
236 3283
7 3415
1144 1840
238 3358
184 3419
181 3223
301 3230
324 3266
2983 3041
346 3495
2291 3209
48 3252
15 3016
247 3254
180 3183
1010 2722
726 1976
162 3162
1856 2627
99 3346
81 3388
158 3227
100 3158
128 3402
1798 3439
199 3246
199 3223
141 3303
201 3191
365 695
204 2423
210 3215
40 3459
96 3153
2153 3178
101 3495
264 3429
127 3413
71 3216
103 3189
332 3278
10 3156
1699 3185
245 3370
259 3462
80 3462
188 3481
2549 3215
2330 3345
332 3344
257 3458
119 3379
67 3443
3295 3457
229 3279
46 3363
329 3236
281 3461
97 3194
242 3456
159 1985
39 3168
336 3175
447 1824
160 3284
1685 2514
114 3208
115 3286
473 2674
262 611
1583 3000
166 3333
69 3254
1189 2777
134 913
96 3438
1819 2681
208 3178
9 3447
277 2816
302 3288
286 3327
32 3449
77 3174
294 3326
135 3167
46 3450
327 3487
235 3341
222 3467
187 3447
2800 2932
52 3410
101 3290
16 3419
115 3325
229 3335
237 3386
240 3272
84 3443
318 3337
84 3413
238 3239
173 3320
223 3361
349 3372
919 1753
130 3225
2762 2884
176 3483
221 3262
320 3209
124 3201
135 3189
74 3392
177 3273
1 3432
6 3172
293 3255
43 3351
318 3244
323 3270
277 3363
134 3325
7 3462
1 3459
324 3436
1014 3297
637 864
74 3159
168 3411
298 3478
12 3181
170 3485
241 3364
199 3276
308 3321
59 1648
239 3396
293 3255
166 3333
257 3160
7 3413
2328 2694
177 410
133 3304
176 3229
130 3227
211 3453
334 3344
22 3498
50 3355
342 3150
1 2076
2750 3432
305 3167
193 3301
1637 3388
155 3392
124 3358
29 3238
137 3249
6 1694
224 2197
1805 3286
49 3273
125 3445
201 3222
236 3350
415 2491
160 3212
156 3199
130 3413
128 3282
325 3476
273 3254
57 3259
145 3247
83 3351
2070 2677
40 3500
395 1184
360 1061
15 3279
2447 3317
128 3413
239 3472
2784 3061
83 3375
14 3176
144 3158
128 3167
549 1501
129 3254
220 3248
778 2947
944 1717
130 3480
335 3279
32 3407
158 3392
154 3402
64 3218
286 3193
268 3455
166 3419
320 3372
148 3363
56 3247
157 3395
239 3476
201 3385
96 3403
298 3175
259 3286
260 3249
25 3433
234 3376
73 3461
255 3479
235 3324
252 3205
193 1888
263 3323
283 3330
161 3354
156 3459
211 3317
108 3287
562 3187
232 3346
1088 1536
308 3489
1186 2612
52 3204
103 3170
119 3290
383 1904
28 3225
304 3421
66 3326
93 3270
277 3296
132 3296
270 3494
261 3263
168 3228
123 3276
156 3474
34 3238
132 3373
214 3188
163 3296
321 3445
219 3397
255 3284
138 2551
74 3436
61 3243
14 1415
75 3295
143 3443
64 3323
272 3399
1632 1661
232 3478
121 3306
318 3195
234 3293
202 3467
889 1969
1922 3153
193 3429
78 3219
199 3285
320 3156
86 3373
135 3242
275 3431
75 3270
255 3458
270 3450
333 3422
15 3338
972 3197
130 3438
202 3376
328 3156
217 3461
292 3395
64 3457
29 3470
309 3169
118 3204
243 3241
313 3349
158 3275
142 3413
101 3488
31 3179
76 3219
196 3160
234 3214
132 3429
239 1335
103 3378
20 3316
246 3239
345 3384
38 3341
248 3203
224 3340
114 3279
293 3189
82 1981
52 3294
195 3495
1697 2757
191 3194
182 3261
312 3488
1017 1814
203 3314
823 3190
189 3295
52 3322
2324 2803
336 3258
316 3238
215 3228
176 3160
274 3179
233 3380
208 3481
200 3162
688 2505
325 3366
114 3276
233 3233
136 3419
17 3388
1898 2726
52 1086
253 3247
20 3432
76 3209
34 3203
123 3378
3 3323
2374 2651
217 3206
220 3198
146 3379
1431 2250
195 3174
909 2653
309 3403
1211 1693
305 3378
185 3333
271 3375
338 3355
165 3418
2185 2437
144 3490
31 3203
270 3443
78 3247
66 3473
213 3332
205 3364
275 3316
205 3285
130 3232
88 3340
251 3429
301 3304
299 3348
2582 2664
333 3493
172 3152
222 3498
125 3339
280 3318
67 3154
279 3339
14 3453
144 3354
2388 3425
327 3256
66 3184
300 3482
110 3500
284 3253
147 3446
231 3344
9 3419
1533 1684
98 3156
316 3183
332 3180
1221 2384
274 3299
57 3286
269 3287
270 3498
88 1435
907 2600
1856 2005
163 3356
42 3323
68 3489
212 3301
5 3412
68 3325
951 1786
49 3230
296 3200
319 3442
150 3212
594 2707
280 3393
1650 1883
325 3227
163 3388
117 3350
64 3260
293 3454
73 3241
2048 2302
201 3296
89 3338
142 3213
957 1554
550 2409
425 2163
277 3425
79 3464
193 3346
2 3254
167 3390
2442 2657
266 3109
48 3440
338 3199
187 3165
300 3315
8 3495
378 417
207 3431
276 1474
346 3404
254 3269
156 3456
148 2272
712 3118
222 3203
50 3284
246 3317
334 3284
71 3460
240 3225
68 3421
266 3236
260 3299
89 3200
335 3302
2525 2848
203 3301
191 3201
151 3310
2293 3112
245 3415
18 3491
259 3165
473 1410
229 3172
147 3174
210 3208
1342 1841
160 3395
1264 1806
348 3366
274 3364
207 3253
263 3488
320 3426
417 635
3 3155
14 3431
238 3185
603 2549
211 3345
213 3265
342 3229
59 3238
125 3164
20 3154
62 3424
92 3482
168 3374
114 3280
241 3208
2955 3464
348 3278
181 3492
281 3157
327 3312
89 3151
20 3480
1963 2380
82 3415
232 3201
133 3387
332 3349
267 3253
286 3156
93 3364
851 3106
38 3180
310 3267
3377 3448
295 3191
14 3290
159 3235
342 3308
240 3416
278 3496
182 3354
118 3454
240 3432
247 3345
587 1804
270 3290
279 2210
116 3323
236 3478
987 1473
277 3375
1049 2276
181 3443
122 3297
306 3429
1574 2234
708 1038
2822 3081
2327 2905
80 3175
1744 3272
30 3412
1118 2490
125 3186
208 3381
1104 1649
116 3435
167 3314
138 3481
2186 2830
271 3168
123 3429
96 3392
257 3369
2161 2924
340 3480
310 3445
571 2964
766 2062
155 3290
18 3195
135 3228
246 3255
276 3162
2515 2927
218 3444
47 3470
110 3492
1399 2579
182 3446
651 1185
291 3088
312 3449
292 3400
288 3370
1002 2528
91 3476
2064 2802
138 3478
66 3437
180 3414
42 3362
18 3351
250 3461
171 3479
89 3382
23 3161
110 3159
129 3201
2562 2906
36 3500
276 3224
226 3398
2796 3061
59 3228
65 3250
34 3319
139 1685
344 3318
7 3163
172 3500
339 3197
91 3354
262 3197
67 3191
277 3324
96 3484
44 3454
127 3227
319 3441
111 3343
140 3467
651 2463
180 3415
59 3245
214 3161
283 3361
331 3425
101 3189
280 3234
264 3171
2572 3088
315 3468
903 928
156 3210
341 3340
14 3426
169 3399
243 3249
194 3324
247 3242
183 3388
236 3294
187 1713
65 3163
125 3238
1522 2157
144 3410
320 3316
307 3371
4 3344
32 3246
15 3428
961 2146
2267 3432
322 3303
133 3273
452 3464
390 1961
269 3400
325 3260
82 3447
340 2975
154 3186
228 3175
42 3277
569 1340
50 3268
263 3474
198 3446
239 3309
49 3237
300 3183
88 247
335 3225
303 3211
79 3388
62 3480
40 3266
145 3374
61 3328
48 3264
66 3204
307 3443
5 3471
380 1901
31 53
326 3193
8 577
1510 2772
223 3158
97 3182
83 3348
272 3483
1994 2772
81 3282
324 3386
136 3179
83 3461
1552 2825
231 2924
90 3374
916 2739
128 3477
332 3421
240 3410
67 3212
181 3369
310 3297
22 3231
329 3479
8 3208
157 3283
238 3195
88 3154
276 3190
280 3259
321 3163
181 3496
614 1981
301 3160
599 1000
27 3228
13 3198
57 3167
871 1381
253 3387
345 3284
159 3216
144 3302
90 3456
17 3170
62 3268
3 3245
246 3302
27 3405
254 3179
192 3375
219 3488
233 3478
179 3156
96 3237
914 1985
75 3249
1758 2828
158 3207
33 3251
638 967
1822 2147
1824 2701
59 3381
2143 2598
299 3242
238 3267
2001 2046
275 650
94 3307
174 3454
18 3274
147 3229
192 3239
149 3265
258 3194
223 3363
304 3446
233 2143
187 3485
310 1594
1652 2904
345 3351
984 2775
239 3410
883 1652
48 3481
301 1761
92 3416
987 2647
127 3162
1619 1642
87 3185
330 3185
165 3222
294 3152
668 1753
289 3255
111 3181
9 3432
49 3167
153 3177
334 3484
2 3309
12 3257
154 3236
102 3235
267 3285
264 3399
872 3475
1350 1447
123 3457
8 3465
12 3189
46 3293
2097 2159
344 2971
283 3237
113 3427
300 3191
287 3416
1253 2312
258 3461
36 3291
147 3268
165 3152
195 3293
2014 3475
121 3152
3 3250
272 3268
94 3341
267 3443
97 3259
73 3042
215 3301
349 3232
214 3301
184 3297
339 3397
732 1975
138 3324
219 3340
109 3181
29 3406
266 3260
54 3469
211 3414
330 3398
232 3476
230 3284
359 1584
175 3290
59 3199
85 3244
192 3476
254 3438
1210 1828
318 3330
242 3391
75 3407
276 3169
16 3316
567 2981
320 3153
141 2554
44 3195
24 3250
1751 3342
194 3265
139 3414
342 3165
218 3466
61 3456
2 2954
280 3338
317 3202
13 3206
1563 2708
142 3279
1209 1566
1754 1933
2507 3330
188 3458
1175 2544
279 3328
138 3170
57 3183
256 3392
160 3337
33 3489
587 2938
322 3477
1854 2502
275 3450
274 3442
249 3370
350 3494
156 3466
32 3287
45 3417
319 3320
10 3366
332 3410
98 3292
8 3208
215 3387
1453 2040
228 3365
277 3278
260 3368
32 3236
307 3176
175 3355
898 1742
232 3246
332 1252
211 3424
398 2327
817 1578
123 3234
105 3375
31 3229
316 3311
244 3379
250 3207
164 3358
773 2713
239 3234
131 3231
105 3222
320 3386
8 3475
149 1689
2229 2888
186 1506
156 3336
347 3216
119 3330
183 3265
2373 3031
284 3170
33 3429
59 3192
156 3405
2205 2643
87 3201
573 868
15 3189
31 3344
258 3406
94 3193
59 3177
277 3365
343 3383
29 3192
50 3178
243 3278
307 3215
81 3308
318 3492
354 1622
172 3183
94 3496
35 3365
322 3497
69 3395
71 3345
151 3351
231 3295
257 3168
159 3394
206 3489
37 3289
46 3394
1281 1708
159 3216
299 3215
1852 2655
83 3308
24 3336
328 3175
467 1199
134 3470
309 3416
637 1439
204 3213
230 3166
114 1008
286 3316
311 3435
305 3212
1776 1980
196 3393
185 3258
346 3193
2567 3027
77 3266
349 3220
34 3227
110 3193
235 3154
1898 2167
166 3290
299 3372
90 1253
1239 2113
184 3331
96 351
265 320
48 3289
130 3356
152 3162
1470 1470
167 3379
1273 3329
275 3209
1482 2683
241 3426
258 3381
37 3495
1539 2768
10 3421
144 3348
61 3476
4 3288
341 3281
293 3307
107 3286
977 2659
20 3222
290 3350
725 1919
152 3423
263 3241
37 3341
232 3224
203 3227
320 3211
68 3479
333 2113
324 3346
237 610
294 3363
407 1974
289 3473
15 3232
292 3465
1667 2184
209 3258
189 3480
77 3247
1418 3278
53 3151
312 3390
2885 3055
108 3438
192 3160
261 3265
330 3397
217 3219
86 3420
2330 2364
135 3365
57 3278
78 3373
3017 3426
503 1420
558 3145
851 2861
338 437
177 3170
257 3206
49 3193
54 3184
206 3267
159 3361
255 3481
308 3348
106 3196
432 3417
3187 3386
67 3221
124 3227
68 3408
42 3256
492 2008
347 3399
158 3264
1715 3190
64 3253
61 3398
316 3190
20 3213
30 3237
154 3242
188 3396
2747 2961
323 3247
90 3206
100 3353
9 3200
194 3210
253 3406
178 3457
242 3386
95 3226
106 3331
40 3446
232 3275
213 3219
615 744
23 3450
74 3270
2314 2486
22 3497
175 3251
62 3290
295 3289
3056 3271
185 3245
335 3437
164 3390
110 3294
1963 2638
1 3384
504 1066
125 3264
827 1133
64 3378
318 3208
54 3414
27 3485
324 3442
1413 3399
190 3470
69 3230
1399 2649
128 3399
185 3372
66 3183
38 3280
313 3479
298 3178
350 3395
540 1143
459 2242
17 3474
197 3193
296 3328
1517 2981
83 3277
150 3457
87 3404
132 3344
235 3413
125 3316
151 3215
49 3261
29 3387
214 3229
339 3426
275 3264
402 3164
113 3231
101 3498
120 3486
655 1751
251 3264
2034 3194
51 3377
390 1339
275 3329
49 3223
2659 3269
90 3259
170 3328
48 3442
158 3420
22 3296
1031 1720
266 3277
1423 2177
300 3333
205 3413
206 3205
336 3297
19 3425
269 3150
56 3457
1995 2359
2842 3415
320 3483
90 3494
1890 2711
241 3491
267 3303
47 3429
31 3408
141 3272
1591 2328
47 3180
160 3438
1588 1989
247 3162
40 3196
226 3420
186 3292
199 3239
227 3450
1 3179
1759 2168
144 3432
344 3183
168 3315
133 3151
116 3196
22 3386
345 3360
321 3476
238 3260
631 2012
348 3179
33 3155
1389 3060
136 3331
1448 2326
249 3196
43 3349
110 3449
34 3192
95 3343
291 3464
131 3433
1162 2363
193 3386
2870 3046
319 3294
297 3329
258 614
36 3484
186 3288
7 3324
260 3433
99 3274
376 554
266 3289
1488 2053
77 3205
327 3478
88 3153
35 3156
44 3338
262 3449
349 3270
241 3452
131 3204
6 3429
310 3452
302 3260
508 2350
489 2363
3409 3463
106 3390
350 3208
198 3238
83 3478
1527 1853
23 3357
347 3347
3324 3373
233 3455
310 3157
11 3251
223 3216
146 3381
266 3190
3012 3491
249 3419
154 3481
1308 2386
240 3427
4 3474
5 3494
203 3456
231 3166
8 3275
73 3221
162 3482
224 3312
156 3263
633 1127
140 3195
31 3222
165 3249
132 3178
302 3224
55 3232
260 3241
124 3392
245 3296
174 3262
111 1418
102 3389
465 566
96 3357
305 3485
84 3317
22 3304
237 3305
159 3300
30 3202
183 3194
2 3282
24 3438
144 3410
320 3307
315 3465
88 3378
93 3390
207 3473
308 3250
133 3194
657 2156
27 3151
287 3414
284 3418
406 1272
196 3156
52 3440
443 1959
211 3286
1521 1919
74 3433
91 3322
322 3460
293 3492
1381 1603
330 3275
250 3293
94 3187
1212 2087
111 3438
339 3320
331 3162
121 3446
230 3459
6 3454
23 3319
2206 2805
202 3291
398 761
215 3320
218 3363
146 3195
205 3320
323 3198
493 1887
2761 2802
224 3153
35 3273
330 3454
278 3308
306 3266
252 3406
100 3407
168 3248
331 3330
77 3261
266 3379
177 3369
210 3470
317 3244
29 3411
175 3453
909 3082
202 3218
254 3338
162 3217
285 3222
318 3442
283 3166
204 3271
1423 2346
332 3369
11 3232
259 3160
1543 2840
170 3425
247 3197
56 3342
15 3343
43 3221
276 3278
196 453
2036 3446
950 3148
28 3443
156 3489
170 3278
61 3192
266 2961
350 3479
393 1957
60 3305
128 3219
255 3164
117 3499
218 3212
187 3336
142 3304
122 3188
239 3165
133 3397
2336 2611
252 3153
307 3280
343 3356
846 2588
44 3272
66 3456
163 3382
134 3171
161 3315
323 3313
244 3441
54 3365
1348 2668
2460 2517
160 3228
34 3458
2490 2888
1480 2626
302 3174
327 3352
7 3379
135 3420
33 3200
294 3458
62 3361
39 3150
60 3397
299 3310
219 3373
343 3391
1497 1691
283 3225
327 3163
134 3276
31 3324
201 3388
130 3426
145 2017
273 3224
141 3181
216 3356
37 3284
313 3335
227 3236
823 3208
295 3302
2686 3256
322 3409
249 3283
262 3282
20 3477
3304 3440
90 3222
1077 2482
79 3232
171 3336
150 3483
95 3257
2355 2797
139 3366
306 3337
56 3333
322 3190
1336 2192
176 3320
30 3213
220 3232
36 3428
135 3239
81 3417
1121 1288
1689 2449
215 3298
1390 1641
100 3304
330 3377
738 776
1723 2870
297 324
342 3246
23 3301
44 3480
169 3179
2060 2228
347 3411
314 3466
129 3245
154 3165
323 3408
327 3257
325 3226
224 3468
274 3352
163 3497
205 3469
170 3345
315 3374
203 3205
89 3235
328 3408
645 2227
58 3480
106 3158
214 3361
94 3393
621 1937
75 3498
320 3443
322 3237
227 3472
302 3303
136 3242
1259 3429
1104 3063
1323 3409
133 3373
288 3270
90 3196
74 3199
287 3495
272 3213
46 3444
93 3405
187 2016
113 3378
643 3222
244 3371
198 3484
2398 2803
269 3262
330 3351
69 3254
275 3436
340 3362
1219 2637
81 3433
255 3493
231 3238
17 3456
501 3048
61 3416
2369 2865
31 3173
143 3285
158 3231
89 3166
286 3485
77 3167
139 3172
271 3496
86 3398
243 3467
217 3429
198 3208
183 3345
25 770
234 3225
92 3378
287 3183
296 3428
258 3349
254 3310
1766 2964
10 3333
273 3397
941 3399
348 3393
335 3266
347 3448
261 3355
2308 2447
776 1060
54 3438
238 3153
254 3219
170 3319
315 3309
215 3387
90 3384
255 3321
590 1264
290 3422
1895 3286
1031 2807
286 3155
299 3481
205 3242
125 3208
330 3301
73 3308
35 3432
247 3422
3136 3255
342 3324
289 3402
323 3432
325 3261
173 3309
268 3446
337 3421
315 3164
150 1794
1886 2525
2952 3232
103 3204
28 3270
110 3452
327 3477
13 3348
98 3390
1969 2505
44 3424
250 3175
240 3355
290 3415
2381 2513
261 3309
348 3187
92 3195
496 2243
160 1109
277 3308
312 3448
2297 3337
201 3346
71 3435
303 3153
241 3211
2029 3138
1569 2664
370 1802
1901 2833
202 3366
101 3358
280 3490
2809 2998
342 3274
30 3205
1063 3320
75 3165
61 3447
323 3190
115 3464
266 3408
2386 3079
220 3487
221 3419
1697 2443
40 3171
145 3440
4 3446
120 3399
281 3150
122 3450
299 3458
15 3410
163 3288
107 3363
163 3454
337 3459
30 3293
168 2649
142 3329
94 3159
151 3280
113 3384
31 3292
306 3348
1699 1982
229 3221
8 3189
83 3164
1011 1197
100 3478
550 2851
208 3323
1658 2482
2753 2809
349 3257
339 3283
74 3464
293 3438
175 3480
299 3229
2230 2511
3 3370
250 3225
271 3433
319 3309
118 3423
152 3337
323 3360
323 3488
29 3436
67 3441
41 3400
1354 3117
45 3472
228 3496
1946 1991
286 3348
120 3239
58 3331
346 3373
1064 2890
208 3446
2191 2669
1205 2081
154 3294
270 2332
349 3320
224 2284
109 3294
305 3296
43 3175
1214 2907
13 3284
105 3485
209 3150
333 3297
1264 2072
143 3209
106 3181
141 3491
340 3201
279 3347
160 3314
1073 1501
300 3430
20 3440
280 3477
2239 2780
343 3341
139 3292
1 3412
330 3360
877 962
248 3496
308 3311
277 3232
225 3307
101 3350
2354 3093
252 3222
10 3356
237 3222
610 2725
302 3438
152 3196
107 3307
108 3269
196 3333
193 3483
172 3238
369 1086
6 3432
1887 2686
3073 3476
336 3482
86 3332
157 3157
121 3270
270 3470
309 634
448 784
198 3443
85 3155
30 3283
245 3232
105 3267
45 3283
266 3391
79 3163
400 1294
1378 2314
39 3172
162 3269
282 3413
217 3376
1786 1915
2 3384
1517 1743
3362 3466
292 3226
114 3259
326 3190
270 3196
159 3427
314 3252
82 3485
315 3330
1711 1825
81 3351
32 123
62 3155
1856 2582
964 1194
62 3469
173 3492
317 3370
88 3255
147 3159
304 2863
280 3332
792 2589
449 585
268 3381
340 3285
114 3301
196 3349
343 1497
128 3407
1470 2130
277 3255
126 3363
59 3447
285 3467
762 1225
235 3368
31 2581
408 3195
2100 2433
2244 3133
49 3317
299 3317
50 3443
136 3366
96 3222
428 2663
101 3451
1392 3329
196 3260
1668 2168
90 3408
59 3392
52 1961
306 3275
340 3360
1274 3297
180 3303
332 1302
348 3440
242 3323
114 3451
145 3466
302 3341
997 3287
285 3307
447 648
247 3348
112 3488
226 2437
82 3402
50 3171
101 3386
285 3221
75 3267
239 3491
195 3438
55 3322
924 2106
99 3182
663 2877
382 2433
98 105
2438 3325
196 3454
71 3186
93 2821
214 3199
53 3214
159 3176
2537 2870
323 3220
238 3446
77 3479
63 3446
335 3425
305 3382
196 3386
226 3167
134 3447
306 3405
270 3290
313 3402
20 3477
18 3175
317 3256
325 3210
333 3325
293 3167
177 3304
913 3155
204 3244
216 3341
208 3347
78 3225
218 3498
338 3455
108 3177
159 3478
222 3483
37 3456
67 3451
38 3174
329 3352
32 109
27 3451
274 3404
284 821
229 3307
92 3156
174 3385
304 3339
197 3061
220 3374
61 3259
284 3452
4 3348
85 3487
48 3229
349 3294
522 2738
296 3383
237 3215
127 3466
253 3270
1191 3316
149 3199
941 998
350 2182
46 3398
183 3361
284 3298
252 3362
658 2111
6 3415
85 3333
168 3191
1245 3468
5 3229
234 3233
124 3177
160 3286
790 3049
32 3341
36 2840
146 3362
194 3478
312 3434
323 1730
105 3161
331 3242
154 3467
444 1421
35 3396
1506 1772
17 3252
292 3347
35 3174
165 3167
77 3268
309 3267
312 3390
24 3207
324 3243
91 3455
2583 2874
54 3382
95 3335
87 3298
333 3191
40 3209
237 3467
185 3452
310 3469
148 3305
84 3247
105 3161
240 3175
328 3485
2567 2769
151 3341
190 3255
124 3356
228 3221
3029 3303
343 3443
149 3373
631 1117
340 3195
1102 1864
77 3437
90 3348
288 3317
295 3196
285 407
868 2357
54 3437
2376 3268
66 3382
120 3426
96 3400
30 3270
159 3292
276 3452
49 3361
202 3474
139 3380
723 3383
197 3461
136 3338
222 3452
99 3379
264 3233
413 1886
988 2273
42 3463
93 3359
326 3450
1508 2050
284 3499
60 3477
309 3393
16 2191
165 3479
54 3479
1362 2128
328 3351
249 3266
1674 2227
87 3178
118 3311
251 3241
46 3348
90 3497
3 3257
8 2087
126 3210
392 1658
232 2960
1414 2584
394 2034
313 3254
198 3267
277 3397
172 2730
105 3216
102 3338
43 3460
240 3274
277 3206
79 3165
202 3440
152 3193
166 3403
323 3420
170 3330
43 3499
260 3498
2084 2256
122 3327
181 3385
281 3150
309 3354
233 3353
7 3480
1372 2260
129 3314
1043 2016
12 3418
60 3154
254 3448
71 3278
318 3207
296 3379
2181 2319
326 3206
25 3403
2691 2916
374 1529
250 3237
332 3394
107 3473
101 3355
30 3438
324 3156
25 3276
340 3161
337 3438
1892 3161
45 3190
284 3169
165 3473
319 3348
223 3422
85 3310
105 3216
512 1195
245 3162
8 3295
64 3290
344 3351
1685 2826
1330 2770
35 3156
294 1457
194 3267
47 3290
1786 2501
70 3361
153 3354
198 3163
108 3391
1383 3155
201 3186
280 3471
331 3212
224 3346
106 3458
74 3464
472 2352
316 3196
297 3201
18 3218
266 3206
252 3291
77 3426
169 3261
1220 2083
84 3488
142 3168
250 3425
90 3232
238 3417
70 3334
565 599
92 3426
19 3419
308 3415
1721 2437
2115 2372
10 3447
101 3301
26 3270
2504 3355
117 3356
237 3299
190 3288
275 3232
1128 2275
39 3368
268 3245
43 3352
1196 2471
313 3340
138 3381
266 3334
457 2461
34 3156
31 3363
261 3361
157 3390
17 3152
275 3479
36 3261
76 3495
192 3264
7 3432
2753 3463
62 129
56 3459
182 3192
20 3299
358 378
129 3423
25 3376
2115 3187
246 3168
38 3292
1057 2493
58 3235
2349 3313
988 1375
742 2033
268 3344
292 3346
96 3318
970 1072
230 3199
34 3350
23 3385
157 3284
104 3280
277 3425
310 3408
1880 2356
242 3169
325 3402
69 3270
231 3319
106 3472
149 3475
72 3491
110 3155
65 3476
233 3349
14 3209
1716 1985
132 3239
278 2351
246 3473
177 3459
305 3157
275 3241
1263 3298
106 3386
289 3352
245 3479
2021 3052
323 3473
218 3489
228 912
184 3495
60 3346
29 3276
20 3445
645 1809
405 465
246 3420
169 3455
2465 3368
414 3299
229 3450
1562 2681
1226 3339
279 3262
158 3423
1456 3166
276 3253
110 3483
199 3246
104 3436
224 3332
1421 2300
106 3345
279 3445
2850 3113
229 3483
3093 3254
118 3245
12 3460
258 3342
18 3297
182 3458
275 3371
195 3354
130 3476
1869 2386
66 3442
5 3431
275 3325
17 3309
275 3458
785 1182
347 3353
234 3232
144 3438
267 3376
190 3283
163 2458
227 3368
71 3387
289 3433
1831 2163
507 832
58 3407
105 2440
29 3199
7 3271
239 3424
289 3454
292 3166
2522 3004
225 3369
767 2549
416 2978
97 3487
33 3218
124 3211
328 3363
218 3358
4 3394
213 3197
193 3334
198 3435
2700 2817
347 3231
203 3155
172 3173
25 3473
993 2337
265 3182
2346 2753
179 3220
346 3299
269 3425
290 3079
236 3214
328 3374
321 3466
125 3335
1 3244
309 3468
98 3263
27 3352
137 3221
658 1429
322 3190
169 3458
156 3459
339 3427
278 345
170 3357
18 3468
207 3427
2528 3042
270 3294
3424 3443
100 3204
172 3198
136 3425
161 3446
164 3340
316 3308
3 3291
258 3386
328 3249
1149 2146
332 3293
2547 3012
271 3465
610 3228
222 3453
181 3468
184 3282
2305 3215
2609 3056
280 3452
27 3186
257 3239
249 3153
226 3261
103 3395
255 3388
228 3218
302 3313
89 3329
147 3291
308 3318
381 1049
224 2755
156 3264
2429 2443
17 3283
246 3221
1498 2169
1216 2120
247 3414
48 3443
95 3409
312 3388
289 3227
26 3212
184 3398
275 3241
2415 2484
32 3205
95 3257
223 3226
2686 2904
15 3150
312 3435
6 3438
282 3266
122 3216
2045 3085
209 3419
88 3447
37 3355
72 3391
2759 3031
381 2462
311 3292
316 3196
41 3284
195 3362
88 3217
400 1726
83 3247
1864 2915
110 3265
25 3227
98 3217
51 3334
116 3499
2535 3019
226 3263
88 3398
225 3318
143 3359
606 832
210 3357
2439 3063
2193 2930
172 3195
331 3422
2275 2810
540 3199
349 3252
10 3173
113 3209
288 3439
261 3364
275 3242
4 2328
67 3253
1730 2591
48 3336
799 1133
2345 3265
66 3318
315 3494
349 3315
246 3287
133 3326
245 3409
121 3159
2790 3095
332 3221
293 3302
242 3324
2470 3329
20 3368
217 3297
227 3412
343 3373
1805 1960
191 3182
247 3258
222 3174
107 3373
191 3450
226 3186
67 3314
82 1878
273 3486
244 3418
209 3449
273 3334
1130 2017
1938 3077
346 3245
117 3285
2125 3288
94 3480
517 1042
160 3345
256 3350
245 3458
1483 3447
286 3166
677 2339
99 3232
266 3328
345 3327
99 3466
151 3492
300 3207
74 3346
1661 2462
260 3353
35 3279
231 3151
21 3257
194 3268
400 2014
133 3332
345 3241
38 3226
23 1081
334 3488
276 3289
318 3287
225 3297
156 3485
320 3255
314 3316
123 3432
136 3232
1034 1468
109 3250
81 3313
136 3205
77 3329
160 3284
1326 2868
191 3418
279 3277
1860 2877
175 3186
246 3394
144 3461
47 3238
23 3170
88 3418
146 3389
1588 1987
1224 2709
100 2698
24 3413
324 3454
10 3163
135 2562
127 3359
1101 2293
1390 2213
319 3478
277 584
189 3209
1255 2275
153 3284
131 3276
289 3153
176 3296
172 2715
235 3346
2033 2868
82 3404
1244 2699
55 3355
245 3171
15 3441
112 3466
280 3186
233 3224
219 3466
1679 2942
157 3186
220 3270
147 3220
20 3157
1778 2443
113 3491
777 799
308 3320
41 3419
54 3216
286 3273
43 3440
291 3376
97 262
837 2163
1898 3303
173 3477
136 3283
173 3293
76 3271
330 3486
118 3378
81 3201
51 3402
29 3492
321 3472
253 3363
217 3152
555 2890
2019 2987
25 3381
111 3308
1200 2608
230 3461
216 3487
93 3414
315 3297
2134 2142
75 3184
127 2117
157 3247
270 3277
1614 2600
131 3270
105 3436
2309 2992
166 3243
152 3161
254 3495
324 3246
118 3158
128 3216
81 3349
215 3274
261 3231
342 3298
222 3455
225 3375
73 3338
114 3447
244 3489
54 3236
1912 3418
568 1796
176 3214
255 3176
108 3203
96 3251
98 3473
252 3282
138 3389
228 3273
37 3306
204 3488
31 3450
200 3162
337 3456
339 3236
108 3432
294 3374
233 3298
138 3334
221 3256
48 1574
1563 1845
274 3214
174 3440
102 3204
192 3349
400 1839
459 1031
63 3342
314 3295
188 3152
9 3279
159 3273
169 3392
216 3281
182 3230
642 2216
2815 3165
1582 3387
206 3402
318 3372
64 3393
153 3289
730 943
284 3267
284 3373
348 3469
100 3361
298 3327
651 1269
67 3290
182 3156
146 3351
142 3173
21 3498
258 3221
199 3362
84 3490
1412 1823
219 3322
265 3423
133 3394
285 3404
4 3311
110 3228
8 3345
106 3411
219 3165
200 3480
258 3259
3 3397
251 3153
9 3155
60 3315
96 3367
290 3491
251 3197
851 1312
180 3316
983 1993
676 1804
124 3333
266 3305
342 3275
183 3408
91 3464
330 3251
19 3265
463 2711
83 3298
1676 2175
212 3453
224 3201
339 3432
152 3418
109 3234
47 3286
339 3451
275 3230
2924 2930
321 3299
31 3201
340 3398
113 3453
243 3153
327 3169
15 3165
217 3437
139 3425
59 3308
46 3462
162 3155
158 3282
967 3246
527 1017
85 3212
285 3189
558 3220
289 3307
36 243
310 3282
65 3328
77 3426
57 3472
809 2338
6 3331
82 3446
146 2851
350 3332
985 2774
301 3208
2041 2963
3119 3467
179 1847
161 3284
130 3353
1643 2995
345 3460
240 3372
38 3355
223 1403
286 3447
19 3224
132 3386
108 2660
1748 2432
332 3495
293 3210
1860 3178
100 3432
833 2195
121 3280
1188 2933
332 3251
32 3193
1258 2089
109 3317
147 3286
259 3305
1385 2278
172 3324
65 3176
113 3233
2462 3225
301 3228
152 3450
149 3311
256 3492
47 3357
104 3167
315 3197
186 3302
329 3304
405 3416
2852 2904
1177 1332
257 3243
69 3382
235 3154
238 3228
116 3411
291 3487
195 3468
251 3281
266 3480
548 3401
57 3253
3293
216 2496
827 1882
540 2986
245 3029
39 3058
626 3282
267 2698
1320 1926
258 3426
649 693
1118 1769
398 3029
566 3078
2224 2489
344 3132
185 2373
491 3131
629 1787
114 3026
399 3398
1296 2750
524 2461
452 3126
1632 2481
260 3015
155 1674
293 3196
445 3267
1513 1922
1894 2653
1 3241
9 3105
194 3100
299 3355
311 3180
405 2987
463 2926
313 3402
414 3168
214 3205
639 3321
495 3321
1462 2366
328 3008
575 3079
64 3050
298 3349
657 3331
373 3209
1176 2155
336 2961
612 3019
532 3220
624 2924
640 2988
414 3163
153 3129
164 3033
322 3171
2096 2421
325 3181
664 3086
842 1925
563 2317
8 3258
127 3096
148 3344
1513 2276
135 3125
589 3166
509 3243
72 3147
278 3331
515 3099
497 2010
1176 2798
264 3308
305 3222
453 3090
94 260
1164 1980
65 921
1000 2018
416 3092
470 3257
553 3129
604 3326
808 1889
24 3336
291 3108
682 3016
81 3228
114 3317
354 3420
459 2684
590 3405
37 3378
633 3141
324 3067
95 1763
2915 3329
372 3053
527 2973
117 3171
2924 3281
576 3097
930 1424
65 2981
431 3163
488 2944
169 1415
351 3188
193 3426
1570 2549
334 3209
425 3138
226 3324
290 3139
809 2766
668 3312
392 3271
2317 2718
330 3270
534 3330
669 3349
2102 2939
388 2934
1595 2280
770 2111
310 3288
596 3116
593 3313
517 3054
1608 2139
582 3241
373 3366
229 3305
81 3112
11 2123
555 3370
951 3183
208 3083
494 3069
575 3303
213 3123
351 1314
2640 3368
1859 2139
81 2994
3158 3355
2892 3416
1174 3155
437 3078
591 3128
214 3147
552 3178
685 3156
489 2967
316 3411
157 421
437 2931
160 3274
1103 1501
450 3191
81 3034
1070 3269
1638 2091
2105 2768
460 3126
106 3037
348 3101
246 3292
678 1674
277 2928
185 3126
1310 2544
1981 2862
250 3303
128 2937
462 3270
344 3090
158 3322
426 2977
392 2476
64 2511
194 3413
131 3369
492 3381
1070 2728
1123 3287
633 3055
1230 2038
401 3356
484 2957
2 3340
78 3143
482 2920
530 3127
89 3216
1825 1974
824 1009
299 3162
251 3022
1874 2667
475 3302
457 3213
92 3220
589 3085
37 3239
447 3134
108 2977
215 3287
101 3106
373 2991
650 3233
497 1308
164 3392
40 3380
67 3230
258 2996
679 3376
283 3203
237 3032
533 3064
33 2998
77 2930
397 3331
1628 1991
562 3379
367 2928
343 3212
710 2759
582 3006
643 3275
1307 1810
256 3412
196 2925
545 3065
39 3278
309 3339
426 3292
407 3392
2337 2995
1138 2630
625 3273
588 3239
2377 2406
8 3274
610 3353
1873 2253
1001 2252
618 3332
107 3182
480 3243
530 2993
197 3076
444 3232
226 3126
2737 3429
2915 3232
7 3421
667 2540
245 3011
194 3341
525 3400
677 3152
462 3284
1476 1498
522 3054
557 3047
537 3057
520 3240
73 2984
480 2920
84 2556
270 2957
673 1918
361 3392
235 3427
85 3102
345 3101
550 2992
351 2983
350 3172
227 2986
679 3185
137 3069
1204 1355
1030 2326
260 3277
294 3211
100 3194
404 3228
113 3297
1254 3204
493 3212
885 3154
1575 2473
319 3212
380 2983
548 3319
292 922
681 2920
1535 2555
223 3312
2500 2875
653 3247
664 3130
400 2962
100 3272
461 3336
459 3010
294 3198
222 3224
320 2983
892 1411
466 2927
2443 2472
268 3121
371 3109
339 3377
160 2972
63 3329
614 1096
1451 2250
400 3043
1748 2168
190 3198
746 2804
2514 3259
593 3153
161 1173
2274 3327
136 3112
522 3341
101 3323
664 3035
596 3347
207 3012
460 3228
361 3315
288 1531
1141 2489
516 3288
487 1068
477 2964
259 3023
1063 2792
98 2991
1559 1914
606 3302
715 1069
1677 2614
2250 3123
1420 1500
988 1407
576 3254
370 3322
13 2931
1046 2592
204 3432
522 3209
546 3271
23 2918
125 2821
537 3138
234 2931
735 1752
1 3064
590 3390
973 1227
172 2985
319 2983
263 3257
1250 1781
55 1657
310 3242
1789 2633
524 3367
457 3277
653 3272
102 3104
128 2132
104 3335
201 3197
217 262
158 3345
511 3137
1208 3267
430 3308
398 3137
515 1927
377 3036
832 1197
58 3070
589 694
627 3347
63 3071
528 3170
307 2947
466 3384
564 3212
1092 1913
44 3044
653 3427
264 3385
3199 3249
623 2973
1381 2560
507 3032
155 3048
1984 2951
317 2919
675 3304
328 2989
202 3162
80 3148
293 3062
1579 1826
610 3426
1190 1411
168 3376
1805 2394
268 3034
293 2754
64 3362
557 2963
474 3041
554 3251
634 3240
202 3230
499 3086
300 3328
325 3189
341 3129
138 3276
390 2171
1605 2959
192 3002
2309 2783
1836 2156
433 3423
539 3321
54 3283
1890 2419
162 3195
242 3246
526 3226
1206 2166
191 3274
957 3064
283 3384
520 3014
1149 1589
1357 3394
2293 2726
489 2933
149 2922
676 3179
1756 2624
128 3408
600 3214
652 2938
236 3161
374 3390
23 3363
754 1740
89 1520
542 3123
365 3006
666 3237
378 3139
1081 2057
3 3263
687 3013
1109 3028
569 813
151 3288
109 3402
149 3278
525 3074
344 2942
502 2990
614 3231
588 2967
735 1848
849 3324
382 3213
362 3196
171 3396
528 3278
69 3424
2102 3041
223 3175
96 2954
140 2015
118 3281
326 3038
1629 3408
817 3326
615 3087
658 3227
363 1954
366 3069
2189 2585
510 3315
2318 3044
71 3306
1110 1744
378 2995
16 2423
634 1172
503 3345
278 3087
569 3029
1922 3271
450 3010
207 2948
553 2991
520 3425
532 3205
663 3351
599 1081
555 1600
513 2940
203 2984
1574 3057
479 3293
11 3295
357 3302
515 3395
682 3159
2326 2330
434 3061
24 1228
484 3187
583 3131
97 3075
157 2935
149 2993
661 3228
370 2987
770 3398
204 3338
566 2997
177 2982
105 3345
378 2980
503 3154
5 3080
326 3323
643 3309
551 3161
230 3346
524 3377
545 3016
240 2387
516 3216
260 3180
687 3191
536 3395
399 2926
494 2962
1854 2191
342 2965
420 3255
18 3057
2939 3221
166 1614
663 2990
408 3412
527 3139
290 3227
603 3145
226 3341
484 2996
491 3088
593 3034
1 1492
102 631
25 3239
378 3291
1752 3158
2020 3218
2150 2373
663 3352
279 2938
291 3015
561 3115
446 3122
299 3014
359 3013
1689 2384
596 3379
525 3299
138 3093
639 2949
59 2989
106 3052
278 3156
114 3410
38 3308
143 3033
455 2936
197 3220
282 2931
685 3233
168 3262
213 3091
562 3298
300 3092
117 696
567 3317
120 3264
214 3397
439 3115
42 3037
216 2769
281 1239
414 3047
583 3424
649 1952
545 1041
3376 3420
463 768
302 3138
473 3237
407 2974
102 2957
257 3041
385 2951
2592 2868
193 3226
918 2323
438 3344
123 3189
1872 2208
250 3104
134 3338
126 2995
676 3063
433 3180
618 3098
423 1412
2789 3256
50 3005
444 2945
199 3112
441 3318
70 490
397 3307
435 3166
211 3321
295 3169
648 3011
254 3255
2440 2703
216 2979
126 3268
28 3064
238 3302
1009 2042
681 3161
123 3222
50 3402
1966 2373
165 3127
344 3072
84 3371
61 2992
258 2998
290 3349
167 3359
48 3078
623 2965
503 3048
642 3018
297 3240
631 3375
554 3171
660 3219
191 686
1625 1736
686 3108
636 3068
526 3263
343 3062
1569 2915
426 3011
2202 2340
274 2976
3043 3150
127 3014
673 3351
568 609
627 3024
24 3238
679 3012
176 3065
1074 2032
203 3257
82 3206
100 3066
453 3183
54 3414
469 3034
1135 3076
803 1501
227 3356
672 3139
583 3208
611 1115
218 3248
519 3385
642 2961
479 3055
43 3273
492 2989
1071 2311
19 3261
165 3030
589 3129
286 2999
674 3220
88 3202
371 2998
239 3299
453 3342
437 3066
330 3327
448 3126
1022 1426
362 3173
418 1177
482 3417
51 3388
368 3286
176 3223
285 3112
39 3289
149 3102
433 2985
2931 3305
538 3257
233 3140
2488 2824
236 3299
85 3011
648 3222
594 2956
2229 2395
1397 2219
640 3332
2819 3010
407 3313
678 2928
618 2951
2998 3120
236 3173
1732 2241
652 3048
592 3028
178 2934
1008 2763
1493 2976
12 3128
1056 1129
607 2963
250 3314
181 3313
234 3135
535 3166
2468 2660
490 3008
110 3427
220 712
115 3049
528 3358
3319 3386
258 3095
605 3393
538 1504
2323 3034
226 3173
39 3111
183 3200
488 3297
152 2944
2179 3297
979 2616
3077 3435
1158 2887
845 2359
399 3294
443 3233
151 3380
287 3117
674 3045
453 3396
414 2951
883 2845
738 2949
296 3068
32 3373
232 547
1291 2543
633 2626
750 1848
307 3345
261 3273
959 1632
118 2967
124 3396
1003 1439
444 2927
1037 3050
19 1530
248 2957
124 3272
142 3277
320 3230
996 3225
284 2927
234 3377
461 2797
387 3202
479 2503
539 1188
1058 2004
264 2936
589 3132
2523 2907
202 3274
555 2963
1003 1728
326 3083
685 3088
100 1734
248 613
520 3319
588 3182
434 3356
93 2939
212 1136
284 2930
172 3168
432 3253
225 3187
513 3069
440 3110
391 1457
2071 3416
590 3336
618 2968
326 3323
597 3044
641 2946
299 3311
621 3352
869 1487
1064 1636
482 1639
1053 3386
87 3200
293 3215
610 3110
2441 2901
224 673
409 2956
119 2984
1077 1314
68 615
139 3324
614 3228
499 3220
918 3078
195 3307
577 2219
281 3430
496 3157
286 1301
460 2931
149 3066
386 3337
162 3037
2504 3253
622 3286
288 3223
366 3175
508 3410
655 2926
604 3162
236 3234
427 2981
87 3066
558 3002
595 3232
272 3231
391 516
533 3244
229 3257
514 3432
257 2950
142 3382
676 3290
284 3120
613 3051
430 3039
645 3244
227 2978
1421 2554
1146 1382
518 3010
270 2526
193 3354
786 3170
492 3386
627 3070
534 2962
2601 2673
396 3410
332 3101
1658 3042
219 3078
131 3206
2202 2239
76 603
454 3091
46 2543
413 3050
130 3284
638 1467
48 2210
242 3411
170 3126
365 3097
212 3193
246 3389
177 3002
637 3122
255 3073
547 3239
101 3412
263 3016
757 888
306 3255
104 3320
370 3095
385 3199
184 2931
338 3126
604 1882
549 3416
421 2987
463 2484
76 3219
1373 2398
266 3013
215 3100
2439 2471
629 3264
35 3166
422 1554
100 3409
602 3210
329 3328
506 3292
1417 3389
350 3151
346 3360
660 3147
1005 1341
528 3297
460 3210
565 3371
269 3433
344 3264
608 2976
487 2960
108 3301
457 3087
94 3067
347 2983
669 3150
2332 2729
1771 1994
474 3197
531 3209
524 3254
352 3104
1207 2616
356 3159
721 986
556 3302
1683 2684
661 3425
170 2317
2548 2848
411 2939
553 3091
212 3027
207 3127
1255 3229
402 3176
1172 1791
186 3063
181 3028
384 3175
1781 2887
192 3299
469 3273
496 3086
271 3434
352 3239
520 3203
244 1618
1876 3366
125 3064
2132 3098
255 3413
388 3246
208 3282
1428 2825
387 3132
2549 3178
398 3232
16 1042
563 3058
518 3208
196 3259
332 3307
358 3374
1046 1250
656 3114
558 3291
893 1220
1159 2810
432 3269
469 3045
390 3312
304 3332
622 2958
2037 2844
147 3073
465 3407
584 3145
153 3222
357 1903
482 2946
4 2999
549 3205
258 3220
405 2998
623 2976
1640 3076
590 2979
118 3309
1678 2525
143 3428
583 3426
621 3076
170 3407
2170 3184
655 3009
1237 2323
1075 1450
631 3208
88 3343
492 2975
275 3358
444 3160
322 3119
312 3117
410 3104
599 2919
292 3285
135 3141
606 3069
638 2997
556 2937
870 3165
82 3091
316 3282
467 1160
196 3075
279 3180
629 3126
522 3194
1739 1997
99 3359
552 3303
428 3418
2082 2126
499 2958
553 3431
305 3337
45 3383
1547 2178
15 1849
463 3053
409 3254
1190 2140
228 3193
13 3399
509 3112
174 3401
396 2984
589 3018
333 3321
220 2958
495 3119
165 2963
101 3315
16 3349
627 2933
373 3128
66 3294
227 3293
1295 2339
2224 2544
578 3122
20 1025
543 3203
785 1475
529 1584
146 3193
33 3175
131 2944
159 3321
336 3342
3 3337
1320 2868
255 356
366 3379
614 3367
44 3125
132 3392
240 2435
306 3368
679 3286
117 3225
656 2995
157 2971
318 3075
367 3009
1383 3375
314 3075
186 2963
516 3199
672 3360
369 3178
417 3364
440 3234
120 3340
169 3232
467 2949
675 3330
302 3238
581 3398
286 2950
168 3238
200 3034
1346 2658
1457 1944
959 3402
6 3386
9 3294
612 3046
190 3091
670 3122
382 3019
2120 3341
160 3228
1054 1485
376 3061
325 3067
503 3420
2505 2974
547 2992
600 2956
83 3370
1775 3096
337 3164
2427 2980
242 3039
637 3157
152 3217
287 372
337 3381
280 2921
91 3016
443 3157
109 2386
484 3031
64 3092
416 3388
291 3019
87 3309
610 3019
181 3332
484 3002
485 2954
247 2116
343 3362
2715 3037
143 1328
162 2970
405 3110
650 3327
591 3176
552 3125
142 3364
2467 2861
564 2953
52 486
357 3011
133 3318
1731 3062
543 3324
157 1524
229 3027
223 3222
740 2564
1974 2025
485 2392
543 3354
208 1523
441 2987
200 3428
613 2245
1648 2517
624 1526
493 3077
289 3352
77 3357
424 3252
601 3300
504 3146
385 3215
369 3428
252 1207
402 3394
496 3040
182 3066
328 3148
281 3067
278 540
12 3427
50 3037
260 3049
241 3079
583 2958
651 3207
655 3193
71 2931
1449 2935
229 3062
604 1828
469 3045
936 1371
417 2942
2324 2405
411 3390
678 3070
1734 2827
1213 2913
454 3220
2365 3157
1042 1785
8 3213
939 2595
706 2193
1565 1945
277 3284
213 3346
618 910
462 3220
1689 3349
672 980
58 3238
478 733
286 3280
95 3038
575 3062
650 3275
425 3075
147 1723
495 3162
287 3412
170 3234
633 3210
1419 2017
234 3244
132 2629
624 3270
2253 3296
375 2965
402 948
1750 2151
55 3028
508 1741
292 3343
624 3049
170 3037
46 2919
581 2997
366 3073
569 3063
99 3161
2350 2916
556 1613
452 3055
443 2997
359 3124
2378 2613
443 3041
102 3183
258 351
378 3386
1785 3406
273 3425
286 3275
336 3137
362 2928
59 230
343 3389
1570 1692
9 3005
166 3060
550 2576
403 2928
94 3270
485 2258
358 3414
223 3005
17 3035
361 3380
146 3184
36 3102
20 3234
1681 2874
101 3289
241 3068
230 3375
398 3311
1103 1650
629 3166
139 3338
573 3258
50 3330
94 1982
148 1030
604 3419
103 1662
82 3304
1245 2358
1227 2451
106 2488
384 2978
333 3065
592 3219
36 2928
203 3316
568 3284
213 3196
340 3085
218 1053
75 3366
982 3093
1774 2433
98 3133
32 3428
428 3003
370 3413
251 3270
222 2953
110 3001
523 3417
277 2328
1919 2335
166 1798
554 3190
155 2931
207 3233
377 3231
220 3397
546 3081
607 3108
3007 3102
149 3271
343 1736
102 2956
2043 3119
212 3387
1151 2268
303 3158
202 2879
45 3009
286 3000
990 1145
1819 3287
60 2976
466 3230
1593 2035
51 3210
2806 3299
278 3306
542 2992
239 2854
2926 3373
2329 2949
2201 3324
98 3030
498 3204
2101 2485
186 3269
45 539
682 2980
241 1159
24 3155
1596 2312
575 3399
141 3141
1211 2793
1319 1548
123 3144
991 1635
284 3214
428 3268
557 3088
80 3092
710 2722
144 3241
262 3315
534 3239
77 3329
42 2989
574 3325
341 3321
572 3381
687 3294
1864 3163
314 3120
524 3178
516 3037
433 2993
506 3038
104 3089
366 3255
1194 2298
525 3089
651 3113
1857 2062
2037 2691
636 3110
687 3187
624 3169
217 3322
354 3310
582 3142
91 3195
627 3244
3182 3260
337 2925
57 3044
2280 2836
89 3071
148 3083
567 3177
95 1437
854 1779
609 3354
256 3001
1067 2981
505 2951
664 3068
223 3300
260 3338
407 3131
576 3404
107 115
505 3218
1064 2319
147 3180
129 2977
1488 2053
589 3149
348 3134
420 3316
246 3058
283 3075
66 3288
163 3198
470 2989
339 3208
102 3243
219 3309
278 1955
299 604
245 3098
2048 2697
653 2785
289 3300
178 2937
524 3003
170 2942
1313 1815
17 3188
595 2992
44 3362
242 2118
1315 3212
84 3021
264 2954
22 3072
568 3360
2735 2739
1146 3374
431 3074
616 3376
624 3401
311 2990
544 1084
1500 1756
24 2856
675 3083
459 3256
60 3303
95 3001
1231 2526
1416 3206
280 3115
446 3052
249 2979
2415 2581
422 3239
190 3434
341 3083
568 2991
44 897
420 3420
162 3334
655 3273
113 3064
2486 2603
373 2978
194 3079
2195 2617
198 3060
43 2986
496 3348
2729 2935
282 2862
604 2470
490 2952
450 3169
258 3221
227 3370
114 2962
429 3146
522 3288
498 3060
437 3257
161 3073
528 3367
358 2142
82 3209
245 3388
756 1125
636 2959
322 2672
611 3283
2136 2731
11 3357
288 3106
1321 2907
602 3061
415 3164
81 3246
34 3347
602 3169
671 2024
247 2978
1222 3091
350 3230
1487 3419
411 3211
340 3168
423 3209
403 3401
138 3272
696 2461
622 1839
509 2958
358 917
468 3312
398 3038
256 3086
194 3026
323 3390
548 3233
540 562
616 3378
166 3157
223 3265
116 3018
135 2522
442 3431
512 3198
374 3313
629 3231
650 2932
63 3164
183 1650
15 485
832 1574
534 3373
550 3369
664 3255
674 3094
158 3031
305 742
352 2945
464 3413
226 3192
1018 2525
1954 3025
211 3084
1339 1917
665 3070
656 3193
26 2971
2718 2821
487 3354
685 3392
310 3192
44 1417
261 902
99 2964
913 1598
659 3091
603 3194
610 3376
94 3113
252 3342
404 2959
612 2981
464 3216
194 3155
160 3147
98 3329
1835 2645
36 3159
79 2965
1972 3256
199 3104
519 3112
2425 2439
108 1548
177 3358
403 635
542 3083
443 2984
540 3115
275 3072
378 3348
251 3370
305 3426
66 2932
444 3334
226 1681
106 3156
337 2987
15 3398
470 3149
375 3020
340 3339
164 3030
1677 2913
350 3316
1649 2903
525 2443
547 3180
316 3115
674 3320
310 2924
1879 3099
670 3062
530 3212
19 2921
1755 2808
26 3415
3131 3268
530 3103
420 3344
310 3269
342 3101
146 3303
42 2016
486 3433
263 3171
602 3350
857 2786
274 3203
137 3028
360 3215
76 2920
298 3039
284 3382
112 3151
304 2953
2083 3105
366 3326
2142 2956
83 3413
252 3122
639 2965
1717 2500
242 3136
642 2944
620 3277
7 3389
333 3197
522 3147
112 3318
58 2981
369 3391
549 3313
2537 3089
534 3049
320 3198
158 3147
105 3265
585 3144
547 2574
417 2996
686 2974
551 3023
2454 3243
665 2923
157 2442
605 3113
2379 2678
146 3047
22 3254
379 3170
71 2922
610 3239
482 3241
106 3021
606 3282
333 3130
613 3286
637 2944
347 3002
1732 2565
96 3380
780 2258
439 3274
552 3282
74 3142
33 3251
433 3087
87 3287
35 515
352 839
1006 2564
463 2968
410 3421
745 3149
1736 2746
559 3236
538 2998
139 3111
1740 2354
441 3408
546 3226
842 1042
360 3121
15 3336
276 2936
212 3255
296 1170
92 2989
430 2178
2955 3121
113 3241
114 3079
1316 2375
685 3269
51 3339
40 2978
650 3165
290 3101
1231 3090
786 2393
15 1707
324 3243
605 3028
620 3271
468 3089
2084 2740
667 3205
574 2654
344 3267
508 3286
71 3380
611 3346
2408 2818
589 3238
12 3435
1015 1530
13 3425
608 3183
223 3178
600 3003
194 3266
60 3080
41 3352
606 3395
582 3297
1730 2725
412 3365
28 3089
1895 2906
570 3088
104 2926
345 3432
96 3402
572 3402
22 2958
207 3168
372 3224
382 3104
251 3345
436 3179
530 3258
437 3190
475 3100
1461 2245
161 3051
375 3402
259 3215
131 1612
301 3374
6 2985
300 3092
1073 2937
2597 2747
2412 3323
9 3338
1532 2960
247 3366
1042 2798
153 3214
93 2787
1071 2484
1019 3364
2547 3218
16 3260
119 3378
516 1810
157 2957
741 3074
1227 3228
112 3133
919 2202
629 3086
1779 1946
707 2686
154 3199
85 141
1450 3195
255 3388
1065 3273
421 3373
603 3151
423 2952
237 3226
58 3336
3148 3241
1349 2071
1090 3139
21 1102
239 3296
506 3143
310 3143
175 2077
123 3184
540 2262
2165 2528
337 3154
379 3259
114 1951
361 2816
101 3086
78 3186
198 2934
515 3112
210 3277
346 3150
639 3281
1846 3219
744 1708
165 3263
669 3228
956 3353
1988 3012
1099 2133
637 3350
1323 3418
1821 2983
57 3264
55 3334
1449 2365
631 3047
652 2961
247 3263
2501 2854
270 3114
136 3408
907 1285
399 3039
21 171
666 3070
1367 2985
544 3407
412 3405
407 3116
1523 2439
628 1885
1197 1211
886 1966
23 1900
173 3354
355 2553
48 396
592 2972
2115 3047
579 3265
21 2926
1334 3019
24 3038
2019 2615
1054 1125
90 3220
182 2934
1520 2367
342 3377
50 3138
218 3101
329 3214
2143 2332
565 2937
100 3240
16 3213
524 3028
895 3016
632 3045
11 3177
104 2341
95 2942
686 3320
196 3005
779 2203
218 1100
72 3402
2486 2596
23 2001
178 3284
420 3257
193 807
109 3324
481 3185
1235 2018
642 2994
107 3347
650 2245
645 3198
1596 3166
484 3422
398 3125
430 2928
1438 2584
614 3145
181 3199
2261 2998
675 2955
530 2948
270 3004
60 2928
673 831
564 3214
316 3262
70 3391
1438 2760
74 3045
265 1596
282 3016
283 3303
495 2941
1214 2210
382 2988
1339 2589
2938 3174
538 2326
967 2856
1102 1287
164 3375
442 3113
983 3027
17 3352
605 3390
573 3081
898 2894
473 3045
600 3167
209 3184
355 3130
67 3408
51 3412
679 3405
1461 1494
686 3011
458 1139
1424 3097
630 3253
1574 1818
1112 2967
472 2702
1848 2181
131 3008
141 3334
7 1375
220 2722
132 3163
18 3329
38 3186
419 3176
553 3217
638 3038
509 2997
569 3252
366 2965
2497 2710
609 2418
42 3103
859 2340
2067 2101
114 3031
568 3071
182 3077
523 3224
592 3241
322 3254
463 3424
623 3139
638 2425
51 3330
135 2292
197 854
1583 1635
397 3084
301 3370
1715 3368
1738 2114
96 3170
1417 2463
269 3324
678 2948
535 3241
905 3348
171 3276
2317 3234
251 3012
671 3283
5 3223
908 2563
1194 1836
462 2992
328 3108
565 3280
97 1962
527 1490
675 2922
748 2063
225 3083
560 3067
598 3093
546 3375
90 3224
2 2925
98 3356
222 3065
308 3247
276 3412
432 892
199 3021
349 3137
371 3403
2813 2841
215 3099
70 3215
1995 2690
1016 1852
447 3369
357 3059
414 3130
285 3313
2441 3276
361 3048
237 3289
1673 1830
1824 2986
1007 2408
628 3224
652 2974
191 3262
428 3009
306 3386
677 3256
1673 2063
481 3177
572 3385
40 3253
92 2935
646 3154
512 3216
336 3198
326 3205
1874 1967
344 3040
687 3221
3096 3314
275 3275
570 3392
563 3250
97 2958
349 3291
238 3418
508 2973
581 3196
238 3207
413 3091
553 3294
270 3384
1911 1978
507 3071
427 3311
1602 2161
584 2960
605 2953
91 3239
1477 2266
377 3309
248 3059
421 3062
42 1224
791 1863
1852 3122
2 1409
500 3369
565 2927
428 3186
175 3078
526 3158
622 3135
641 1721
152 3072
259 3289
244 3074
1218 1734
161 3267
2501 2700
391 3342
1536 2901
509 3124
118 2994
2722 3366
516 3241
452 3079
2658 2866
334 3242
576 3032
456 3302
2628 2815
139 3116
1999 3075
441 3055
7 3039
282 3055
398 3056
401 3101
54 3075
182 2555
2638 3265
92 3302
305 3011
987 2452
303 3286
186 972
251 3428
1481 1511
1766 2325
224 3416
28 2927
379 3426
236 3374
73 1099
437 3357
475 3032
1814 2194
2278 3127
390 831
2335 2753
363 3235
188 3341
449 2442
881 2675
5 3385
40 3103
512 3225
157 2984
867 2801
427 3192
247 628
29 3029
2350 2564
116 3117
342 3303
143 3419
634 3042
1962 3237
77 2923
2173 2539
1310 2103
630 3080
620 3207
162 3382
158 3365
468 3379
662 3380
227 3114
1550 1971
114 3123
619 3338
671 3166
174 3173
453 3306
2430 2915
140 3171
1726 2982
362 3015
149 3051
180 3353
216 3414
90 3401
1821 2818
312 3149
844 901
512 2930
859 1660
346 1307
413 3241
214 3088
320 2990
413 3419
531 3016
583 3093
946 1928
684 972
143 3195
1594 2341
1233 2793
532 3060
583 3370
1057 3030
655 3262
567 3160
897 2404
877 2834
678 3040
793 1931
436 2986
708 761
87 3019
30 3401
78 1729
377 880
217 3005
678 3342
466 3237
155 3381
531 3177
13 352
2024 3324
97 2968
432 3077
155 3175
495 3402
233 936
21 3294
474 3292
165 3318
3 1558
577 3070
598 3395
678 3115
970 1615
532 3328
581 3324
391 511
1271 3056
1000 3079
604 3179
328 3248
15 3204
253 3076
3058 3336
244 3268
487 3178
247 2977
455 2926
20 3356
990 2584
393 3284
169 3038
1230 2087
229 3327
404 3162
170 3047
507 3293
1 3001
196 3161
394 2994
451 3297
324 3394
545 2922
573 3327
189 3319
8 3054
71 2963
455 3435
62 3335
617 2966
320 3297
268 2965
589 3172
90 3289
292 2557
654 3320
496 3358
83 3255
241 2938
418 3308
173 2923
1962 2568
1603 2752
26 122
139 3103
358 1189
124 3413
379 1165
230 3313
536 3340
2209 2606
210 2427
597 3006
1826 3224
479 3076
3158 3232
485 3211
289 3213
91 2979
218 2990
552 3051
416 1138
1019 1230
616 3365
982 2251
399 1015
157 2976
531 2974
505 574
403 2972
608 3142
499 2966
177 3066
664 3173
584 3156
196 3163
156 3139
58 3196
301 3002
2185 2265
979 2763
138 3188
366 3419
216 2919
2293 2406
612 1583
45 3209
224 3272
155 3331
307 2993
870 1835
631 3262
128 406
113 3355
36 3308
74 3053
476 3347
540 3378
1591 2274
355 3041
262 3258
26 3278
531 1034
74 2926
403 3237
2680 2891
524 1797
624 3390
793 1466
583 3168
933 1551
2106 2866
3096 3303
2645 2761
564 3053
2415 3287
1431 2384
1508 2064
2348 2493
1019 1521
1887 2434
436 3091
78 2976
571 2922
957 1867
817 1867
355 3297
114 3087
1068 1787
424 2967
1897 2635
550 3393
371 3350
320 3023
299 1871
462 1004
50 1489
316 3395
1698 2603
160 1123
313 3354
407 3416
1814 3276
2928 3193
116 3314
2373 2405
559 3408
70 3361
1245 1706
557 3238
418 3206
68 1511
331 3355
286 3022
119 3331
1181 1867
1368 3314
119 3223
199 3229
473 2996
938 3417
721 997
44 2915
496 2987
982 1530
436 1570
649 2973
213 2962
553 3173
582 3197
35 3271
580 3118
600 3121
150 3101
817 2529
430 2686
68 3235
521 2932
579 3061
276 3042
1774 2904
599 3427
656 2990
1793 3205
572 2928
187 2923
222 3086
1797 3431
631 3364
1163 1460
565 3384
1208 1591
192 3300
846 1952
215 3178
132 3286
472 3062
647 3222
353 3366
454 3218
241 2074
575 3067
11 3185
408 812
346 2948
381 3241
304 3218
540 3298
580 1100
4 3269
197 3401
369 3384
648 1459
1441 2744
586 3270
561 2921
396 3036
412 3276
684 3265
531 3041
971 3328
670 3058
344 677
471 3043
140 1761
609 3355
283 3333
306 3360
560 3034
219 3326
139 3059
413 3410
452 2966
447 3174
112 3123
1506 2020
636 3007
1657 3194
686 3004
1945 2069
491 3433
624 679
345 3282
1944 3130
171 3043
1139 2182
2628 3065
464 3299
18 2969
1406 2831
165 3336
1372 2320
417 2960
677 3410
557 3004
2687 2984
527 3271
248 3142
456 767
420 3403
105 3346
429 3427
77 820
2246 2616
185 3107
322 3005
296 3005
415 3163
1056 2190
1166 1551
1883 2740
2591 2642
91 3395
780 1269
1866 2536
403 3175
1092 1323
671 3125
543 3353
501 3231
187 2968
38 3325
93 3434
120 3366
488 3005
529 3119
622 2995
564 3227
243 3316
203 3106
45 3398
31 2720
1228 1525
81 2988
576 3366
399 3164
1263 2361
364 3338
551 721
3 2993
137 3223
1431 2096
664 3111
522 2181
1042 1049
187 3188
247 3284
144 2992
107 3140
384 3072
482 3382
543 3115
59 3031
456 2933
200 3114
501 3230
380 3136
519 3010
794 3297
1495 1725
143 3024
217 2962
640 1402
589 3030
1305 3009
69 3261
435 2297
523 3430
100 2995
319 3323
597 2961
1296 2380
1209 2119
498 3130
421 3220
357 2992
126 3329
116 2962
600 1371
1281 3052
1546 2415
585 2144
609 3165
353 3401
512 2803
621 3212
465 3179
44 3053
80 3227
2255 2259
424 3124
668 3053
65 3069
637 3131
535 3079
994 2544
352 3069
514 3366
1830 3234
2840 2960
288 687
648 3120
520 3290
632 3102
1 3046
200 3225
467 3219
534 3146
178 2242
676 3114
251 3113
572 3277
282 3143
171 2944
257 3149
485 3218
260 3425
361 3363
1174 2808
587 3429
57 3078
315 3287
458 3178
678 3147
498 3144
117 3016
688 1494
522 2926
31 3369
1111 2594
365 3167
544 3348
554 3058
789 2141
475 3212
1790 2016
2246 3187
265 2955
932 1197
256 3378
878 3389
32 3032
684 3268
108 3020
12 3075
415 3294
278 2906
238 3131
181 3015
672 3368
292 2166
225 1443
435 3316
610 3160
601 3338
681 3377
265 1661
147 3258
17 3025
506 3121
537 3324
1951 2625
375 3157
2237 2457
1426 2317
415 3132
75 3273
237 3250
847 1839
154 3066
497 3304
300 3036
207 3065
290 3392
671 2988
3080 3201
312 3373
119 3254
212 3236
1305 2738
659 3010
1417 2284
487 3146
645 3376
73 3066
322 3044
44 3300
202 3091
403 3285
503 2981
528 3382
480 3229
588 3290
142 2982
326 3070
2444 2841
604 2958
5 2975
231 3396
257 3064
473 3380
631 1266
2070 2668
1849 2276
1 3106
1463 2467
620 3366
1253 2196
463 3002
516 2924
535 2986
1191 2517
983 3280
586 3183
1110 2752
601 3161
454 3277
368 1598
1626 2650
268 3181
320 3188
299 1856
684 3167
341 3177
681 3059
348 3411
1320 3182
253 3317
626 3364
2162 2326
261 2925
227 2920
672 3011
292 3379
413 3158
125 3169
1810 2547
1005 2274
243 3012
481 3225
334 3285
399 731
597 3110
49 3055
1234 1984
4 2951
571 3207
82 3079
1690 2501
433 3398
345 3242
1097 2811
633 3168
110 3348
282 2930
2490 3272
268 3364
1453 3146
121 3177
382 3320
485 1557
441 3343
291 3292
773 2570
345 3025
255 3430
2440 2620
368 3030
253 2937
559 1638
403 3311
86 3379
452 3002
446 3153
151 3180
426 3033
580 3139
341 3071
185 3267
401 2547
2224 3138
261 2902
353 3268
364 3401
269 3315
194 1939
761 2402
284 3121
2045 2589
610 1277
241 3040
201 3119
375 3080
604 3072
334 3296
379 3266
47 3045
55 3420
67 3280
622 3108
966 1897
585 2952
429 3377
359 3114
748 2537
101 3416
414 2992
257 2770
1337 2420
564 2936
31 3214
95 2977
123 3333
109 2169
472 2926
1989 2256
644 2976
611 2332
1745 2914
250 3263
586 3346
136 3141
716 2749
357 3063
1535 2146
484 3358
267 3318
177 2949
557 2967
527 2189
2589 2978
233 3423
215 1789
20 3381
316 3381
460 3089
92 1954
106 3346
1276 1735
123 3294
443 2965
308 3150
232 1533
67 3027
2010 2549
581 3092
425 3037
201 3358
5 3212
628 3144
544 2545
406 3233
967 2454
280 2921
325 3428
329 3194
298 2946
499 2983
334 2950
1436 1907
658 3027
1485 2478
234 3149
136 3267
146 3366
686 3032
55 3270
1845 3419
182 3026
115 3235
105 3160
161 3035
2316 2675
645 3201
616 3209
644 3357
622 3391
911 3032
38 3298
97 3342
1624 2040
65 468
673 3270
197 1964
166 3111
138 3216
158 3344
363 2893
484 3159
1799 2690
2096 2736
348 3086
633 3286
37 3217
190 3206
446 2271
215 3322
12 3329
14 2966
510 3397
1298 3281
248 3219
510 3119
430 3040
438 3416
261 3153
567 2892
169 2437
593 2485
200 3292
98 844
503 3196
504 3140
503 3048
52 3199
1887 3374
63 3188
429 3416
584 3391
183 3137
1767 1979
432 3396
643 3410
440 3398
2275 2779
1328 1346
308 3020
137 3151
160 3356
394 3128
283 477
2722 3216
986 3177
1893 2367
218 3299
1467 2360
98 3198
727 902
90 3144
617 3179
696 1298
494 3023
308 3249
881 1288
900 2933
658 3142
650 3122
124 3175
643 3269
1462 2104
1713 2138
2665 2780
637 2181
596 3111
4 3217
1551 3370
130 3164
542 3177
385 2983
1204 3060
682 3065
1218 2332
175 2964
277 929
449 3413
1851 2416
216 3009
30 2690
895 3362
2007 3341
244 2979
376 3021
334 1622
613 1108
241 2925
185 3083
394 3224
1394 1962
651 937
32 3221
212 3061
609 2971
378 3020
192 3232
535 3416
423 3079
19 3133
1861 2175
390 3236
1796 2488
352 3362
607 3361
466 2955
133 2924
306 3402
44 3260
492 3182
632 727
48 3422
680 3246
527 3341
506 3266
377 2955
34 3003
390 2957
560 2956
2816 3009
147 3037
1541 1898
557 3405
263 3254
135 3220
1624 2774
657 809
81 2969
519 3229
2186 3298
17 3309
813 3310
211 2113
515 3215
216 3226
1088 2102
211 3258
223 3011
487 3030
185 3047
1026 3068
557 3291
311 3271
31 3410
59 3114
313 3417
77 3315
1348 3054
613 3403
104 3160
1301 1425
500 3154
413 3127
380 3129
409 3060
739 2966
900 2295
379 3176
289 2209
211 3386
345 3279
15 3033
472 3002
511 3383
350 1822
638 3093
130 3372
1900 2537
397 3050
1378 2165
804 3049
563 2991
592 3080
450 3402
529 1498
666 3342
2315 2636
312 2989
553 3073
1659 3204
684 3346
289 3097
89 3203
75 3419
546 2297
1180 1924
294 3117
1550 2614
311 3166
521 3363
586 3212
130 3287
116 3024
788 3424
239 3432
248 3014
481 2965
15 3177
379 3300
114 1321
300 3360
1710 2183
636 1244
420 2992
658 2957
442 3316
1693 2405
147 3313
615 3098
134 2943
310 3412
347 2948
350 3409
52 3337
100 3428
439 3140
178 1140
3028 3139
137 3402
4 3294
601 3255
262 3293
2109 2702
174 3166
783 1394
63 1283
138 1006
396 3172
151 3149
2025 2749
139 3274
686 3274
1327 3113
1623 2081
298 3307
858 1995
53 3032
977 2709
546 2323
511 3346
415 3210
477 2924
669 1477
82 3023
148 3229
154 3194
932 2070
1507 1586
1204 2625
1190 2531
395 3199
484 3054
159 3254
641 3393
340 3260
1522 1537
144 3232
591 1497
470 3102
149 3134
240 2830
327 3003
343 2924
472 1189
181 2920
170 3431
652 864
2102 2237
3309 3330
374 2426
788 2268
319 3377
89 2974
1322 2431
565 1920
199 3191
2003 2566
174 3264
17 3242
622 3039
16 2974
366 3024
239 3154
227 3225
478 2055
378 2986
1241 1485
758 1002
44 3356
556 2968
572 3364
546 3316
125 3164
359 3235
307 3015
145 3182
349 3055
227 3047
628 3417
1241 2002
1148 2033
15 3066
552 3178
271 1050
232 3081
1329 2695
252 2986
313 3352
176 3155
614 3193
1741 2041
432 3318
1483 2830
858 2638
55 3240
17 3024
244 3421
30 3331
27 3423
109 3412
228 3338
22 3341
883 2577
446 3133
676 1710
577 3199
208 3082
258 3026
299 3400
2282 2426
873 2714
