1833 2545
1829 3090
1833 3274
1833 3027
1833 2773
1792 682
1833 2617
1826 2940
1826 2772
1833 2583
1833 2666
1826 3230
1833 2621
1833 2994
1833 2538
1826 3038
1826 2506
1826 3254
1833 1418
1833 2739
1833 3273
1833 2551
1833 3063
1826 2507
1792 1018
1833 2968
1826 2944
1826 2937
1826 3024
1826 2923
1833 2420
1826 3007
1833 1998
1829 2963
1833 1146
1826 2714
1833 2721
2532 617
1826 3365
1766 453
1833 3033
1833 2520
1826 3130
1826 3137
1792 929
1833 2477
1282 29
1833 3244
1833 1235
1833 758
1833 1078
1833 1421
1826 3192
1833 2477
1766 623
1833 2620
1826 3103
1833 2618
1833 1678
1833 2723
1833 2841
1826 2864
1833 2846
1826 2728
1833 3143
1766 1037
1340 9
1833 2832
1833 2750
1826 3337
1826 3148
1826 2919
1833 2515
1826 2950
1826 3123
1833 3271
1833 2865
1826 3344
1471 779
1792 868
1826 2997
1833 771
1711 93
1826 3232
1833 2624
1833 2777
1833 2767
1833 2536
1826 3220
1833 2507
1833 1521
1833 2076
1826 3191
1826 2809
1833 2726
1829 2897
1833 1415
1826 2867
1826 2952
1833 888
1833 3170
1522 975
1833 2726
1833 2339
1833 2702
1833 2386
1833 2986
1833 2985
1825 734
1833 1526
1825 674
1833 2865
1826 2986
1833 1194
1833 1320
1833 2813
1833 2852
1833 2988
1833 3176
1833 2699
1833 2784
1761 467
1833 2705
1833 2855
1833 2344
2517 168
1833 2873
1826 3027
1826 3429
1833 3008
1833 2948
1826 2913
1833 2792
1826 3241
1833 528
1833 2914
1833 2771
1833 3230
1833 2489
1833 2402
1833 1763
1804 488
1833 2390
1833 2637
1833 2987
1826 3156
1833 2990
1833 2968
1826 3376
1833 2586
1833 3124
1833 2105
1826 3111
1826 2801
1833 2458
1833 2561
1792 1267
1833 3273
1833 2796
1833 2759
2624 21
1833 2955
1833 3231
1833 3038
1826 3128
1833 2675
1833 3123
1826 3195
1833 2831
1833 2780
1174 150
1826 2754
1833 2958
1833 3197
1826 3179
1466 153
1833 2753
1833 2862
1826 3055
1826 3274
1829 3493
1833 3116
1766 260
1549 450
1761 1278
1894 1137
1833 2936
1833 2790
1833 2474
1833 3064
1833 2693
1826 2789
1833 2921
1833 3062
1761 1597
1833 2671
1833 3202
1826 3041
1826 2806
2169 714
1833 3201
1833 3049
1833 1747
1833 2966
2122 788
1826 3050
1833 2932
1833 3197
1833 2912
1826 3402
1833 2790
1833 2814
1826 3118
1833 2664
1833 2974
1826 2965
1829 2821
1826 3029
1833 2897
1833 3063
1833 2639
1833 2835
1833 2947
1766 367
1833 2944
1833 2479
1833 2499
1833 2649
1833 3001
1833 3043
1833 2234
1829 3465
1833 1448
1833 2146
2006 880
1833 2868
1826 3300
1584 271
1833 3122
1833 2534
1833 2325
1826 3308
1826 3060
1833 2636
1833 2594
1833 3026
1833 1400
1833 2740
1833 2798
1833 2777
1826 3177
1833 2918
1804 433
1235 17
1833 2512
1859 267
1833 3129
1833 2656
1825 677
1833 3026
1786 266
1833 2796
1833 3057
1833 3164
1792 913
1833 3206
1833 2594
1826 3341
1833 2375
1833 2799
1826 3311
1833 2256
1833 2348
1833 3126
1826 3029
1826 3114
1833 1575
1833 2336
1833 2464
1833 1508
1833 2735
1833 3275
1826 3109
1833 2936
1833 2843
1825 1553
1833 3027
1833 3039
1833 2461
1833 2908
1833 2948
1833 2778
1826 3259
1833 2933
1833 2952
1833 2512
1826 3133
1766 869
1833 2890
1833 2853
1833 2863
1833 2584
1833 2517
1833 2998
1833 3062
1833 2921
1833 2385
1833 2895
1826 3096
1833 3158
1833 3192
1826 3301
1833 1814
1833 1960
1826 2764
1833 2511
1833 2700
1833 3002
1833 3096
1829 3023
1833 2620
1833 3130
1826 2312
1826 3392
1826 2776
1833 2751
1833 3216
1826 3395
1833 2530
1833 2923
1806 279
1833 2348
1825 1566
1833 2375
1833 2453
1833 2641
1833 2491
1826 3287
1833 2775
1833 3014
1859 674
1833 3072
1826 3341
1833 2759
1833 2946
1833 1757
1826 3033
1833 1697
1833 2682
1833 2853
1833 2780
1833 3014
1833 2783
1833 2825
1792 173
1833 2752
1833 2989
1833 2740
1833 2490
1826 2812
1833 2700
1833 2730
1826 2909
1833 3024
1833 763
1833 2476
1833 3037
1833 2494
1826 3019
1833 2984
1833 3129
1833 2544
2006 782
1833 2952
1826 2840
1833 2478
1833 2509
1833 2884
1826 2937
1826 3262
1826 2884
1833 2869
1826 2917
1833 2769
1833 576
1672 382
1833 2601
1833 3179
1833 1600
1826 3017
1826 3133
1826 3129
1833 2714
1829 2874
1833 1589
1833 2979
1833 2524
1833 3188
1826 3095
2006 278
1833 2756
1833 2677
1833 1571
1826 2823
1766 317
1833 1142
1833 2541
1833 2184
1833 3106
1826 3155
2532 678
1833 2431
1833 2665
1833 2769
1833 2616
1833 2973
1518 368
1833 2979
1833 1118
1833 2839
1833 2585
1833 2663
1833 2735
1826 3234
1833 2766
1826 2797
2272 196
1826 3331
1833 2495
1826 3129
1833 2894
1826 3126
1908 419
1826 3037
1833 2945
1859 815
1744 878
1833 2798
1833 3020
1829 3215
1833 1984
1833 2911
1826 2764
1792 937
1833 2428
1833 2970
1833 1992
1833 2456
1833 2435
1826 3346
1833 2582
1624 224
1833 2567
1833 2735
1833 2740
1826 3157
1833 2726
1584 131
1826 2873
1833 1619
1826 2840
1826 3475
1833 3088
1829 3185
1833 2869
1833 2655
1826 2813
1833 2790
1829 2859
1833 1303
1833 2208
1833 2840
1833 2803
1833 2729
1833 3121
1859 666
1833 3082
1833 3065
1833 2871
1084 21
1826 3111
1833 1203
1826 2838
1833 2518
1833 2416
1833 2761
1833 2924
1833 2832
1826 3400
2272 316
1826 2934
1826 2877
1833 2605
1826 2986
1833 2698
1833 2706
1833 3021
1826 2776
1792 1015
1826 2877
1833 2457
1833 2824
1826 3226
1833 2832
1833 1824
1711 599
1469 282
1833 2732
1833 3050
1833 1269
1935 319
1833 2953
1833 2854
1826 2904
1833 804
1833 2429
1833 2810
1833 2731
1833 1336
1833 1936
1826 3052
1567 124
1758 313
1826 3054
1833 2789
1833 2897
1833 1460
1833 2772
1894 1245
1833 962
1826 3110
1833 2642
1833 2356
1766 851
1792 978
1826 2865
1833 2481
1826 3076
3213 33
1833 3060
1833 1983
1833 3107
1833 2889
1833 2830
1792 923
1826 3140
1833 2539
1833 2678
1833 1466
1833 2233
1826 3348
1826 2959
1826 2859
1833 2499
1833 2942
1833 1718
1833 2635
1826 2872
1833 3121
1833 2734
1833 3053
1833 3073
1826 3081
1826 2902
1833 1671
1833 2763
1826 2988
1935 416
1833 2558
1833 3058
1833 2543
1833 2412
1833 3004
1826 3018
1826 2771
1833 2728
1833 2909
1833 3222
1833 2987
1616 80
1833 3119
1833 2659
1826 3019
1833 1911
1833 2433
1833 1910
1833 2358
2272 378
1826 2988
1833 2580
1833 2609
1833 2184
1833 2740
2122 9
1826 3113
1833 2448
1833 2767
1833 2565
1833 1628
1833 2809
1833 2831
2532 485
1833 1793
1826 3282
1826 3280
2006 953
1833 2692
1833 2821
1826 2931
1833 2584
1826 3242
1833 2846
2335 153
2953 234
1833 2778
1833 2867
1935 308
1833 2567
1833 2577
1833 2781
1833 592
1833 2990
1826 3207
1624 191
1792 865
1833 2693
1833 2611
1825 1187
1826 3317
1833 2930
1833 2923
1826 3335
1826 3471
1801 263
1833 2797
1833 2651
1826 2777
1833 2995
1826 3131
1826 2704
1833 2109
1833 1233
2984 87
1833 2665
1833 1454
1833 2698
1833 2682
1826 2917
1833 2489
1833 2879
1766 463
1833 3273
1826 3338
1826 3396
1833 2397
1833 2979
1833 2759
1144 43
1833 3008
2953 106
1833 3049
1833 2740
1833 2593
1826 3253
1826 2879
1833 3124
1833 2888
1833 2648
1826 3222
1833 3093
2953 422
1826 3120
1340 76
1826 3009
1833 2821
1766 1044
1826 2715
1682 139
1833 2350
1833 2811
1833 1497
1833 2475
1833 3077
1825 574
1833 2493
1833 2719
1833 2777
1833 2947
1833 2503
1833 1506
1833 3013
1894 841
1744 297
1833 2936
1833 2656
2006 835
1833 3026
1833 3278
1826 3128
1894 1214
1766 793
1833 2647
1826 2912
1833 2773
1833 2880
1766 973
1826 3389
1826 3410
1792 1094
1833 1602
1833 2824
1833 3094
1833 2216
1826 3005
1833 1761
1744 510
1833 2553
1833 3186
1833 2885
1833 2941
1766 1076
1833 2596
1833 2679
1833 2615
1833 3060
1833 3043
1833 2585
1826 3483
1833 2498
1833 2615
1849 1717
1826 2768
1826 2712
1833 1654
1833 1185
1833 2490
1826 2929
1833 3130
1806 1167
1833 2748
1894 1027
1833 2508
1833 2606
1826 3435
1833 2517
1766 247
1833 2810
1826 2563
1833 2507
1833 2657
1826 3099
1826 2968
1792 648
1826 2985
1833 2802
1761 1165
1744 599
1833 3151
1833 2851
1518 194
1833 2715
1833 3024
1826 3407
1826 3256
1084 22
1826 3102
1833 3018
1833 2964
2169 672
1584 303
1826 2947
1833 2488
1833 2773
1826 3370
1833 3268
1833 2893
1833 2652
1833 2724
1833 1405
1826 3175
1833 3076
1833 3143
1833 2541
1711 651
1031 50
1833 2866
1833 3136
1826 1022
1826 3327
1833 2729
1833 2824
1792 102
1825 1219
1833 1572
1833 3270
1833 3226
1833 2699
1711 425
1833 566
1833 1312
2953 409
1833 1592
1833 1827
1833 925
1833 2856
1833 2763
1833 2671
1833 2850
1826 1946
1833 2580
1833 2564
1826 2944
1829 3456
1833 2911
1826 2806
1826 3100
1833 1833
1826 2964
1826 3393
1826 3230
1833 3092
1833 2524
1833 3034
1744 479
1833 2617
1833 2928
1825 675
1833 1132
1833 2963
1014 316
1833 2819
1833 2936
1833 1077
1833 2909
1833 710
1833 2555
1833 2727
1826 3298
1833 2823
1833 634
1833 2435
1833 2981
719 222
1833 3283
1826 3316
1833 2922
1833 3178
1833 2697
1833 2836
1804 512
1833 2657
1826 3090
1826 3125
1792 1187
1833 1904
1833 2976
2953 297
1833 2657
1825 1214
1801 354
1826 2990
1833 2728
1833 2863
1826 3357
1826 3103
1826 3496
1833 1079
1833 2516
1833 2657
1833 2879
1833 2995
1833 2764
1833 2833
1833 3094
1833 2755
2006 686
1833 2487
1833 1290
1833 3247
1833 2896
1833 2618
1833 2678
1826 3192
1833 2920
1833 2696
1908 368
1833 2685
1826 2954
1833 702
1833 2149
1833 2868
1826 3297
1908 475
1833 2098
1833 2740
1826 2814
1833 2965
1833 2503
1833 2978
1826 3293
1826 2738
1833 3280
1833 3274
859 85
1833 2962
1826 3288
1826 3250
2272 410
2122 766
1826 2898
1833 3094
1826 3290
1833 2669
1833 2319
1668 694
1833 2503
1833 2695
1833 2795
1859 298
1522 670
1833 2979
1833 2438
1833 2687
1744 204
1833 2855
1833 2930
1833 3228
1825 1193
1826 3343
1833 2871
1833 1493
1833 2498
1826 3369
1833 2842
1833 2185
1792 464
1792 1107
1833 2964
1833 1591
1826 3490
1833 2500
1826 2991
1833 1764
1825 1196
1833 3024
2006 692
1833 2926
1833 2881
1826 3205
1833 2848
1826 3138
1826 3098
1826 2904
1833 2782
1324 17
1833 2728
1833 2491
1826 3482
1833 3069
1833 2430
1833 2992
1833 2840
1833 2511
1833 3047
1806 1184
1826 2298
1826 2878
1833 3220
1826 3452
1833 2216
1865 832
1792 445
1833 2687
1833 2906
1833 2657
1826 2958
1833 2071
1851 158
1282 172
1833 3172
1833 3038
1826 2681
1833 2857
1549 341
1826 3291
1826 3461
1833 2511
1833 1498
1833 2995
1833 2658
1829 3226
1826 3365
1833 2699
1833 3077
2272 560
1833 2693
1833 846
1792 1124
1833 3278
1833 2697
1833 621
2006 789
1667 140
1833 2818
1833 2561
1833 2753
1786 232
1826 3017
1833 1790
1833 2631
1833 2652
1826 2954
1833 2872
2174 957
1833 3067
1833 1822
1826 3335
1804 446
1833 1775
1826 2922
1235 342
1833 2906
1826 3013
1833 2544
1833 1722
1833 2677
1833 2921
1826 3039
1833 599
1833 2394
1711 535
1833 3289
1833 2830
1833 2182
1833 1890
1833 1453
1833 2433
1833 2667
1833 2920
1833 2899
1833 2507
1833 2604
1833 1058
1833 2965
1833 2667
1826 2951
1833 2804
1833 517
1833 2798
1833 3056
1833 2811
1826 2988
1826 2689
1833 2889
1833 3117
1908 224
1766 775
1833 2715
1826 3424
1833 2838
1833 2622
1833 2642
1833 2627
1833 2463
1826 2765
2006 924
1833 3033
1792 915
1833 2673
1833 3300
1833 2301
1833 2860
1522 688
1833 564
1711 1694
1826 2913
1833 3012
1833 2797
1833 3015
1859 685
1833 2428
1174 201
1833 1850
1833 3221
1833 2959
1792 1112
1859 382
1833 1556
1826 3334
1826 3021
1833 2975
1833 307
1826 2763
1833 2758
1833 1870
389 8
1833 2532
1833 2570
1668 706
1826 3491
1833 2993
1833 3205
1833 2857
1833 2963
1833 2882
1833 2397
1833 2625
1826 2999
1833 2991
1833 2882
1833 3074
1833 2753
1833 1939
1833 3009
1833 2837
1833 3086
1826 2764
1826 3168
1825 337
1833 3016
1833 3061
1833 2616
1833 1262
1833 2999
1833 2624
2006 703
1833 2718
1826 3337
1833 3077
1833 2962
1833 2481
1833 2663
1826 3143
1833 2742
1875 239
1826 3397
1518 330
1833 2996
1826 2895
1826 3083
1826 2994
1806 643
1833 2641
968 15
1833 3291
1826 3364
1833 3138
1833 2698
1744 182
1833 2725
1833 3229
1826 2922
1833 2081
1826 2867
1826 2918
1833 2945
1833 2565
1826 3110
1833 2625
1826 2829
1833 2789
1826 3195
1833 3088
1833 3219
1833 2816
1833 3270
1833 2904
1833 3046
2124 84
1833 2973
1833 2449
1833 2793
1833 2423
1833 2571
1833 2881
1833 2914
1833 2754
1833 1597
1826 2862
1833 2547
1833 3211
1826 2084
2532 645
1826 3312
1833 2654
1522 571
1826 3144
1833 2860
1014 110
1833 2510
1833 2967
1833 3302
1908 1382
1833 2738
1826 3405
1829 3066
1826 2957
1584 254
1833 3137
1833 1351
1826 3113
1833 3071
1833 2758
1833 2448
1833 2918
1833 955
1826 3419
1833 2058
1825 1358
1833 547
1833 2443
1826 3241
1833 2637
1616 237
1833 2823
1806 974
1833 2914
1833 3172
1833 2966
1833 3008
1825 1094
1833 2953
2174 886
1826 3020
1826 3283
1826 2989
1833 2555
1833 1453
1833 1658
1833 2888
1428 98
1833 2963
1833 2571
1833 2851
1833 1701
1833 2676
1833 1701
1833 2761
1833 2825
1833 2956
1833 2662
1833 2951
1833 3110
1833 2544
1833 2560
1826 3162
1833 3039
1833 2834
1833 2691
1833 3213
1833 2672
1826 2866
1826 3343
1833 2748
1826 2911
1833 3037
1833 3199
1826 2955
1833 1616
1833 2137
1833 3019
1833 2405
1833 2755
1833 2921
1624 143
1833 3028
1833 2774
1833 2988
1833 2750
1826 3150
1806 1025
1833 2551
1833 2930
1833 1877
1833 2907
1833 2786
1826 2825
1826 3238
1833 2768
1833 3024
1833 2999
1833 2832
1833 2073
1568 113
1826 3084
1833 2157
1833 2670
1826 3370
1826 3334
1616 233
1833 2994
1833 1697
1833 2600
819 35
1833 2990
1849 1705
1826 3042
1833 3056
2272 324
1833 3124
1833 1699
2663 71
1826 3212
1826 1214
1833 3284
1826 3212
1833 2712
1826 2835
1826 3132
1833 2443
1826 3037
1826 3345
1826 2758
1833 2533
1894 1163
1833 2910
1826 2734
1833 2789
1829 3466
1826 2902
1833 1349
1826 2769
1826 3272
1833 2391
1826 3197
565 3
1833 1919
1833 2629
1833 2100
1826 3061
1833 2989
1390 24
1833 2641
1826 2839
1833 3012
1833 2870
1833 1864
1833 3168
1833 2878
1833 2866
2272 188
1826 3417
1833 1243
708 114
1833 2676
1833 2763
1833 2532
1833 2987
1833 843
1826 2842
2006 248
1833 2639
1833 2421
1833 2563
1833 518
1711 241
1833 3184
1943 264
745 38
1630 120
1833 2987
1833 3125
1833 2890
1833 2619
1833 3242
1833 2090
1833 2866
1833 2780
1859 690
1826 3363
1833 3076
1833 2882
2006 926
1833 2863
1826 2815
1833 2712
1710 227
1833 2802
1792 293
1833 2649
1833 2985
1833 1523
1833 3051
1833 2774
1833 2427
1792 890
1833 2764
1833 2996
1833 1058
1833 2139
1833 3098
1826 2876
1833 1548
1826 3276
1833 3221
1833 2961
1833 2244
1826 3054
1826 2441
1826 3095
1833 2971
1833 2875
1833 2695
1826 1980
1833 3189
1826 3262
1833 2964
1833 3021
1833 3310
1833 2467
1833 2437
1792 1048
1833 3195
1833 2419
1792 468
2231 585
1833 3222
1833 3029
1833 1593
1826 2737
1833 2730
1826 3427
1833 2749
644 183
1833 2690
1833 2719
1826 2719
1826 3142
1711 592
1833 1830
1826 2842
1833 2609
1826 2769
1826 3404
1833 2689
1833 2877
1682 145
1833 2413
2169 616
1792 708
1833 2393
1833 2639
1833 2820
1833 2838
1833 3240
1856 122
1833 2797
1829 3093
629 123
1833 2350
1833 2731
1833 2648
1826 3081
1833 2440
1826 2693
1833 2500
1826 3131
1833 2680
1833 2770
1826 3445
1833 1572
1826 2852
1826 2876
1826 3096
1833 2437
1833 2961
1766 1044
1833 1735
1833 2737
1826 1781
1833 3028
1826 3073
1766 1038
1833 2995
1833 1775
1766 473
1833 3236
1826 3008
1833 517
1833 2766
1833 2869
1833 2990
1833 3306
1833 2823
1549 463
1833 732
1826 2696
1833 2681
1833 2852
1833 1766
1833 2517
1833 3233
1826 2942
1833 2454
1826 1858
1833 1830
1833 2755
1833 2713
397 35
1833 3043
1833 2480
1833 1661
1833 2572
1833 2829
1826 1156
1833 1847
1833 1565
1833 2641
1826 3208
1833 2908
1826 2698
1833 1323
1826 2974
1833 2206
1833 2507
2122 201
1801 271
1833 2328
1833 2899
1833 2578
1833 2606
1826 3060
1833 3064
1833 2574
1833 3088
1833 1222
1833 2897
1833 3037
1833 2679
1833 3164
1833 2470
1806 834
1833 1180
1833 2520
1826 2749
1833 3097
1833 2571
1833 2907
1833 2958
1833 2765
1826 3098
1833 2674
1859 702
1859 366
1833 2932
2006 877
1826 3172
1833 1905
1833 2515
1833 2847
1826 3191
1469 254
1833 2242
1833 2191
1833 2870
1826 2889
1894 868
2006 690
1833 183
1826 2930
1826 1993
1833 2579
2105 237
1833 1210
1833 2352
1826 3124
1833 2858
1856 151
1833 2904
1833 807
1826 2953
1833 3275
1829 2846
1833 2075
1833 3244
1826 3255
1833 1174
1833 2681
1826 3265
1833 2450
1833 2928
2006 877
1885 86
1766 560
1833 2684
1833 1844
1833 2797
1833 2502
1833 3147
1518 366
1833 2604
1833 3110
1833 2075
1471 805
1859 499
1833 2510
1833 3009
1833 2504
1833 2795
1833 3186
1826 3430
1826 2905
1833 1573
1833 2901
1833 2965
1833 3030
1833 1547
1826 2760
1792 1264
1833 2936
1833 2777
1908 1059
1833 2476
1826 3072
1825 487
1825 998
1833 3271
1833 2801
1833 2278
1833 2784
1792 1003
1948 332
1833 2958
1833 3064
1792 1018
1792 838
1833 1901
1826 3179
1826 3046
1833 2899
1826 2702
1908 1425
1833 2455
1833 2893
1833 946
1826 2776
1833 2532
1833 2957
1935 2087
1833 1026
1833 2948
1833 2705
1833 3018
1833 3105
2559 115
1833 2594
1833 1826
1833 2479
1826 3378
1833 3206
1833 3162
1833 3022
1833 3309
1833 2566
1833 1319
1833 2628
1826 2738
1826 3015
1833 2964
2272 405
1833 2676
1833 351
1833 2908
1826 3167
1826 3333
1833 2774
1826 3225
1825 751
1833 2916
1833 3061
1833 2099
2532 426
1833 1975
1833 2776
1766 709
1826 3336
1833 2829
1826 3044
1833 2070
1806 1043
1833 2970
1833 3282
1833 2962
1711 1695
1833 2547
1833 2428
1833 3150
1833 3107
1826 3379
1833 2752
1833 3117
1829 3216
1833 3044
1833 3201
1826 3211
1833 479
1833 2675
1833 3100
1833 2968
1833 2736
1826 2981
1833 2851
1833 2405
1833 2465
1833 3195
1833 2805
1833 2601
1833 2983
1833 3247
1833 3302
1833 3266
1711 580
2169 659
1826 2855
1826 3432
1826 3368
1826 3135
1908 1441
1833 1040
1833 2354
1833 3064
1766 592
1833 3101
1833 1376
1833 2776
1833 3175
1833 3049
1833 3185
1826 3018
1826 3227
2006 808
1792 390
2272 262
1833 3153
1833 2516
1826 3026
1833 1744
1833 1835
1826 2737
1833 2689
1833 2982
1833 2644
1829 2923
1833 2655
1833 1716
1833 2641
1833 3024
1833 2679
1833 3235
1833 2843
1833 1833
1826 2874
1833 3017
1833 1010
1833 2807
1833 2819
1826 3022
1908 1329
1833 2772
1826 3220
1833 1297
1833 2243
1833 3175
1908 1456
1833 2737
1833 2620
1833 3058
1826 2766
1833 2615
1826 3307
1833 2480
1833 2861
1833 2008
1833 2999
1829 3178
1826 3367
1833 2690
1833 2448
1826 2997
1833 2874
1833 3135
1826 3007
1826 3106
1833 3130
1833 2827
1833 2340
1833 3177
1826 2981
1826 2876
1826 2729
1833 2136
1833 2918
1826 3403
1833 2918
1833 924
1826 2693
1829 3059
1833 2955
1833 2845
1833 2456
1826 3336
1792 1013
1833 2722
1833 3182
1829 3334
1833 2762
1833 3065
1833 2564
1833 2965
1826 2963
1833 3338
1833 2507
1826 3125
1668 606
1826 3288
1833 2710
1833 1842
1833 2655
1833 2779
1826 2891
1833 2768
1833 2502
1826 2971
1833 2717
1833 2924
2124 262
2169 681
1833 3148
1833 3285
1833 2496
1833 3054
1833 2930
1833 2905
1826 3185
1833 2904
1833 2923
1833 2830
1833 2511
1826 2924
2006 446
1833 2858
1833 2658
1833 2659
1806 820
1833 1892
1833 2816
1833 1788
1826 3148
1833 3045
1833 2878
1833 1843
1833 3251
1833 2683
1833 2836
2006 1286
1908 610
1833 2941
1826 2779
1833 2724
1833 2866
1833 2883
1833 2559
1833 3015
1826 3281
1833 2324
1833 2782
1833 3103
1833 2806
1826 3283
1833 2739
1826 2814
1833 2853
1833 2683
1826 3092
1833 2677
1766 273
1031 56
1833 3107
1833 3033
1833 421
1647 310
747 109
1826 3270
1826 3269
1833 3276
1833 1605
1826 3435
1833 2805
1826 3010
1833 2712
1826 3159
1792 1070
1833 3082
3231 8
1833 2754
1833 2829
1826 3285
1833 2894
1833 3181
2532 97
1826 2842
1833 3275
1825 559
1833 2944
1833 3224
1833 2589
1833 3003
1833 2772
1826 3071
1826 2951
1833 2805
1833 2894
1833 2870
1826 3138
1826 2919
1826 2866
1833 2352
1833 2924
1833 2379
2006 812
1833 2845
1826 3443
1833 1331
1826 2257
1833 1023
1826 3179
1826 2752
1826 2756
1833 2860
1833 2951
1833 1088
1258 156
1833 3151
1833 2979
1833 1934
1826 3395
1833 2935
1833 3017
1829 3169
1672 54
1833 2616
629 86
1833 2736
1833 1708
1833 2696
1833 2543
1826 3052
1833 1776
1826 2883
1826 3046
1833 3040
1826 3255
1833 2853
1833 2556
1668 404
1833 2758
1833 2664
1833 2872
1833 2963
1813 491
1826 2842
1833 3001
1833 3036
1833 2725
1833 2812
1833 3023
1766 666
1792 593
1833 2541
1833 3046
1833 2881
1833 634
1833 3348
1833 2595
1833 2840
1833 1279
1826 2846
1833 3067
1833 3097
1826 2979
1833 3098
1826 3370
1833 2760
1833 2973
1833 2939
1833 2528
1766 973
1833 2775
1833 2427
1833 2842
1833 2458
1833 2942
1518 196
1833 2887
1833 3098
1833 2984
1833 2758
1826 2832
1833 2415
1833 3102
1833 2973
2006 700
1833 3042
1826 3288
1761 1600
1833 2875
1833 3234
1908 1288
1826 3422
1826 3225
1826 3018
1833 2687
1833 2751
1507 338
1833 2954
1833 3064
1833 2655
1833 2982
1826 2920
1833 2939
1826 2924
1826 3325
1833 2499
1833 1065
1833 2588
1851 213
1826 3268
1833 1505
1833 2467
1813 256
1826 3039
1826 2945
1744 327
1833 2545
1833 1593
1833 2742
1833 2956
1833 2763
1833 2746
1833 2979
1826 2972
1826 3382
1568 115
1833 3350
1833 3241
1282 127
1826 3210
1766 186
1833 2765
1833 2776
1833 3170
2231 688
1833 2902
1833 2937
1894 234
1826 3250
1826 2759
1833 2526
1792 748
1833 3217
1833 3115
1833 2796
2006 1010
2532 627
1518 115
1833 1641
1833 3013
1833 3275
1833 2897
1833 2877
1826 3134
1668 655
1826 3240
1833 2592
1833 2988
2532 668
1833 3294
1833 3205
1825 1045
1833 2856
1833 2436
1833 2669
1833 2392
1833 3050
1829 3172
1833 1588
1833 2723
1833 2857
1833 2986
1833 2489
1833 2934
1833 2139
1833 2541
1833 2754
1766 640
1833 2945
1826 3392
1826 3026
1833 2415
1833 2218
1833 2517
1833 2579
1826 3344
1826 2787
1833 2835
1711 146
1833 2403
1833 2018
1711 150
1826 2714
1744 1014
1826 3452
1833 2512
1833 2729
1833 2511
1833 2818
1826 3232
1826 3212
1833 2407
1833 2776
1833 2950
1833 2955
1826 3318
1766 1364
1833 3251
1833 3081
1826 3345
1833 903
1833 2600
747 39
1833 3244
1833 3157
1833 2445
1833 3240
1833 2816
1833 2877
1826 3197
1833 2234
1833 2506
1833 2960
1833 3203
1833 2712
1833 2231
1833 3015
1833 3022
1833 2758
1833 1601
1833 2624
1826 3019
1833 2686
1826 2828
1833 2655
1833 1653
1826 2836
1833 3112
1833 2799
1833 2942
1833 2537
1833 2776
1826 3043
1235 203
1833 2821
1833 2880
1826 3212
1833 3024
1826 3351
1833 2964
1833 2887
1833 3124
1826 3294
1833 2823
1833 2721
1833 3052
1833 2455
1393 91
1826 3176
1014 229
1590 15
1826 3253
1826 2802
1418 722
1826 3509
1833 2643
1833 2756
1833 2561
1833 2762
1833 2611
1833 2457
1833 2983
1833 2821
1826 2763
1833 2813
1424 111
1826 3170
1826 2874
1826 2105
1833 2912
1833 2968
1766 682
1826 3137
1401 191
1833 2966
2122 617
1568 161
1826 3147
1826 2980
1833 2801
1833 3016
2272 236
1833 2702
1935 1926
1826 3352
1833 3087
2006 643
1826 2980
1825 1527
1833 2882
1833 2602
1826 3180
1833 2658
1833 3060
1833 3019
1826 2818
1833 2108
1833 2941
1849 1693
1826 3234
1792 1179
1833 2855
1826 3351
1833 1587
1833 2900
1668 800
1833 3161
1826 3402
1833 1175
1833 2614
1826 1155
1833 2986
1833 2529
1833 1877
1826 3203
1826 3013
1833 2797
1833 2901
1833 2481
1833 2553
1826 3133
1833 1731
1833 2115
1833 2767
1833 3043
1833 2559
1833 3004
1833 2797
1829 3080
1833 2043
1826 3209
1833 2984
1833 1822
1826 2819
1833 3153
1833 2437
1833 3131
1218 176
1833 2647
1833 2745
1826 3480
1833 2725
1744 373
1833 529
1804 574
1833 2656
1833 2703
1833 3141
1833 2696
1826 3276
1833 3200
1826 3038
1833 1982
1833 3167
1833 2659
1833 1010
1833 1341
1833 2690
1826 3105
1833 2806
1833 3010
1833 2818
1833 1309
1829 2969
1833 3036
1833 3142
1826 2792
1833 3181
1826 3494
1826 1931
1833 2978
1826 1454
1826 2855
1833 2619
1833 3248
1833 2992
1833 908
1833 1474
1518 564
1833 1209
1826 3375
1826 2869
1833 3000
1833 2889
1833 2726
1826 1956
1833 1444
1826 3027
1833 2629
1859 700
1826 3235
1826 3193
1833 790
1833 3092
1833 3007
1833 1277
1833 1920
1833 3039
1711 438
1825 1260
1833 2539
1833 2728
1826 2987
1833 3018
1766 367
1826 3463
1833 2592
1833 3108
1833 2623
1826 3001
1826 3021
2272 448
1826 3118
1833 2285
1859 581
1833 3029
1833 2666
1833 2872
1833 2477
1826 3214
1826 3325
1833 2150
1833 2347
1833 2755
1833 2789
1833 3074
1507 230
1766 792
1833 2807
1833 3064
1826 3149
1711 157
2615 21
1833 2947
1833 2690
1766 653
1826 2753
1616 29
1833 2612
1833 2973
1833 2826
1833 3135
1833 2648
1833 2639
1833 1602
1826 3269
1068 345
1833 3038
1833 2618
1833 2693
1758 399
1833 2801
1833 2664
1833 3060
1833 2588
1833 2929
1833 537
1833 3247
1826 3217
1833 2628
1833 2929
1833 1224
1833 1624
1833 3019
1833 2838
1833 1401
1833 3101
1833 1047
1833 2866
1826 2982
1833 827
1826 2965
1826 3260
1833 2804
1833 2776
1522 603
1068 445
1826 2803
1833 3123
1833 3078
1826 2827
1833 2797
1826 3274
1826 3232
1833 2812
1833 2972
1833 2706
1826 2419
1833 3131
2006 857
1826 2968
1833 1472
1833 2863
1833 2612
1584 330
1826 3373
1829 3130
1894 375
1833 2922
1833 2916
1833 2918
1826 3182
1833 2389
1833 3171
1833 1613
1833 2453
1833 2393
1766 365
1833 2827
1833 3285
1518 498
1826 2825
1806 659
1826 3091
1833 3237
1833 2362
1833 2978
1833 3137
1826 3279
1826 2558
1833 1973
1833 2416
1826 3341
719 242
1826 2855
1833 2304
1833 2572
1833 2688
1833 2617
1518 925
1833 808
1833 1811
1833 2945
1908 1475
1833 1203
1833 2944
1833 2281
1826 2881
1833 2933
1833 3078
1833 3067
1833 2844
1833 3113
1833 2556
1806 1364
1833 3002
1833 2714
1825 1441
1826 2898
1826 3397
1833 2055
1833 2961
1833 2680
1825 673
1826 2933
1833 2952
1833 2732
1826 3170
1766 965
1649 305
1826 3396
1826 2792
1711 670
1826 3091
1833 2473
1833 3109
1833 2435
1826 3110
1826 2811
1833 2570
1568 93
1833 2893
1766 569
1826 2886
1833 1474
1826 2960
1833 3298
1826 3222
1833 2499
1833 2600
1826 2767
1833 2910
1833 1144
1826 2804
1826 3434
1833 912
1826 2836
1833 2595
1833 3144
1833 1718
1833 3031
1826 3108
1833 340
1833 2922
1826 3184
1833 1928
1833 2888
1826 2890
1826 3041
1833 2412
1833 2875
1833 2485
2124 219
1833 1320
1833 2562
1908 1179
1766 987
1826 3124
1826 2936
1833 3061
1833 2355
1826 3444
1833 2837
1894 1033
1826 2550
1833 2972
1471 1219
1711 758
1833 2350
1833 2883
1833 2830
1833 2575
1833 3259
1833 2909
1833 1734
1833 2767
1826 2980
1833 556
1833 2945
2540 19
1833 1316
1833 2773
1826 2991
1833 3180
1833 2732
1833 2712
302 3
1833 2493
1833 2869
1766 1108
1833 1925
1833 2642
1826 3343
1826 2912
1833 2037
1833 3039
1826 3284
1833 3033
1711 1091
1833 2358
1833 2827
1833 3229
1833 2651
1792 503
1833 2962
1235 47
1833 3112
1833 2275
1833 2850
1826 2904
1833 2678
1826 3361
1833 3056
1833 2815
1826 1836
1833 2529
1826 3364
1833 1455
1826 2867
1833 2610
1833 3261
1833 3051
1833 2751
1833 2923
1833 1141
1833 2239
1826 3152
1826 3189
1833 3085
1826 1072
1826 2844
1825 1428
1833 2909
1826 3109
1826 3092
1833 2887
1826 3385
1833 3043
1833 1509
1833 2829
1833 2473
1833 3163
1833 2709
1826 3073
1833 2858
1826 2808
1826 2895
1826 3143
1833 2933
1826 3073
1833 2656
1804 258
1833 2629
1833 1187
1833 2730
1833 1764
1833 3026
1833 2997
1833 2963
1833 2516
1833 3056
1833 3095
1833 2528
1833 674
1833 2496
1833 2558
1826 2766
1826 3390
1826 2858
1826 2885
1833 2472
1833 1593
1806 745
1833 2868
1826 3249
1826 3281
1833 2629
1833 2845
1833 1655
1833 2803
1833 2761
1833 2582
1833 682
1833 2822
1833 2482
1833 2537
1711 227
2532 329
1833 1587
1833 2984
1833 2588
1833 2823
1833 3227
1826 2886
1792 938
1825 462
1826 3235
1833 2745
1833 2862
1833 3264
1833 3206
1833 1697
1935 1926
1833 2548
1826 3060
1833 2720
1829 3364
1833 2698
1833 3047
1833 3125
1826 3417
1826 3150
1826 3058
1833 3280
1833 2958
1744 208
1833 3353
1833 2136
1833 2744
1833 2880
1833 3043
1833 3129
1826 2742
1833 1802
1826 2807
1826 3223
1826 3393
1826 3326
1833 3123
1833 2655
1826 3182
1833 2981
1833 3155
1833 2773
1825 679
1826 2812
1833 2346
1833 3011
1744 247
2046 28
1833 3299
1833 2734
1826 3211
1826 3019
1833 3125
1833 3101
1833 2790
1833 1992
1826 2901
1833 2700
1761 1469
1833 3090
1522 159
1829 2981
1833 3023
1826 3059
1833 1396
1833 2854
1833 2943
1826 2836
1826 2661
1833 2117
1833 3097
1826 3243
1833 2626
1833 3077
1826 3385
1826 3166
1826 3329
1826 2711
1668 422
1826 3439
1833 3056
1833 469
1826 2837
1825 384
1833 2125
1833 3192
1826 3437
1826 3202
1833 2427
1833 3239
1792 426
1833 3179
1833 2698
1894 1270
1826 3362
1833 2548
1833 3003
1833 2530
1833 1238
1833 3352
1826 2934
1833 2813
1711 54
1833 2917
1833 3116
1833 2773
1833 3231
2006 210
1826 3023
1833 1385
1833 2838
1833 3052
1826 2329
1833 2645
1833 2804
1833 727
1833 1403
1826 1871
1833 2466
1833 2510
1833 3071
1833 3226
1804 482
1826 3065
1894 1091
1833 2600
1894 349
1826 3402
1826 2820
1833 2575
1826 3173
1826 2941
629 59
1833 3179
1833 3004
1833 3028
1826 2567
1833 3108
1833 2617
1833 2706
1766 910
1826 3295
1826 3370
1833 1527
1826 3233
1833 3037
1833 2633
1826 3399
1826 3308
1833 2458
1833 2611
1826 3207
1833 2698
1806 898
1833 3013
1826 3247
1833 2907
1826 2944
1711 1110
1833 3234
1826 2869
1826 3400
1833 2782
1833 2736
1833 2970
1833 2518
1833 2843
1826 3338
1826 2810
1826 3331
1826 2768
1833 2977
1833 2853
1682 198
1833 2752
1522 607
1833 2993
2006 1012
1833 2900
1833 2626
1801 242
1833 3221
1833 2630
1833 3279
1826 2758
1833 2471
1833 2174
1833 3036
1833 2833
1833 2814
1833 1175
1833 2690
1833 2199
1833 2255
1833 2230
1833 2003
1833 1957
1833 2820
1833 2501
1894 1152
1833 3265
1826 2805
1833 2910
1833 1628
1833 3053
1833 2610
1833 2755
1833 3164
1826 3366
1833 3204
1826 3379
1833 3310
1833 2829
1792 557
1833 2706
1833 1921
1833 3114
1833 2579
1833 3039
1833 2785
1826 2861
1761 460
1833 2509
1833 2702
1833 2397
1833 2560
1833 3000
1833 2531
1826 3355
1833 2714
1833 2589
1826 3192
1833 2982
1522 436
2006 789
1833 2888
1792 705
1826 2967
1833 2605
1833 2173
1826 3452
1833 1497
1761 1347
1833 3098
1792 1308
1826 2811
1833 2487
1826 2871
1833 2636
1833 2717
1833 1315
1833 3164
1833 2664
1833 2696
1833 2060
1833 2782
859 32
1826 2847
1792 279
1826 3167
1833 2779
1833 2646
1826 2958
1826 2896
1833 2904
1826 3126
1833 2927
1833 2747
1833 2967
1826 3435
1833 2762
1833 2643
1833 2423
1826 2887
1833 1320
1744 411
1826 2845
1766 858
1833 2664
1826 2929
1833 2738
1833 3012
1826 2926
1826 3095
1833 2933
1826 2987
1833 2806
1833 3125
1833 2863
1833 2469
1833 3032
1833 2790
1833 2370
1833 3192
1833 2654
1833 2732
1761 655
1826 3216
1826 2836
1825 883
1833 2934
1833 681
2272 315
1833 3189
1826 3212
1833 2885
1833 2536
1826 2845
1833 2326
1826 3473
1833 2744
1826 3322
1833 3267
1833 1464
1826 2934
1833 2953
1833 1233
1833 2553
1826 2815
1833 2827
1826 2915
1518 1411
1826 3173
1833 2705
1833 2895
1766 1388
1833 2605
1826 3086
1833 2509
1833 2888
1833 2740
1833 2653
1833 3211
1833 2693
1833 3115
1833 1582
1833 3077
1833 2530
1833 2487
1833 2590
1833 2733
1826 3435
1833 3002
1833 2957
1766 1465
1826 3408
1833 1681
1833 2849
1833 993
1826 2968
1833 2696
1031 33
1826 3141
2272 422
1826 2852
1990 33
1744 326
1833 2691
1833 2059
1711 353
1833 2371
1833 2820
1826 2919
1829 3226
1833 2693
1833 2919
2953 426
1833 2775
1833 2808
1826 2927
1833 2723
1833 2676
1826 2766
1825 885
1833 2425
1792 414
1792 960
1826 1710
1833 1521
1833 2817
1833 2756
1833 2466
1833 2688
1833 2580
1826 2844
1833 1964
1833 2753
1826 3218
1826 3327
1833 2466
1833 2605
1766 16
1766 154
1833 3268
2953 125
1833 2595
2532 353
1833 2319
1833 2957
1833 2836
1935 1772
1833 2590
1833 2514
1833 2715
1833 2758
1792 541
1428 104
1833 2579
2949 149
1833 2876
1859 573
1833 2533
1824 1587
1833 3007
1833 2831
1833 2580
1833 3064
1990 555
1826 2780
1833 3018
1833 3212
1833 2453
1833 2715
1833 2856
1833 2643
1833 2587
1826 3391
1833 1284
1833 2970
1826 3322
1833 3014
1908 1337
1833 2984
1833 2716
1826 2823
1833 2783
1833 2876
1833 2800
1833 3027
1826 3187
1833 1795
1833 2843
1833 2736
1833 2461
1833 2875
1833 2588
1833 2917
1833 2992
1833 2484
1833 3054
1792 436
1826 3246
1826 3119
1826 2865
1833 1554
1833 2087
1833 2953
1833 2918
1804 371
1833 2943
1833 2474
1826 3190
1833 2713
1833 3069
1469 449
1826 3274
1518 787
1826 3377
2272 588
1826 3070
1826 3201
1766 484
1833 3141
1833 2499
1833 2777
1833 2485
1826 3336
1833 2741
1833 2820
1826 2990
1833 2903
1833 2607
1826 2918
1833 3059
1826 2763
1825 1270
1833 3299
1908 1078
1826 3379
1833 1271
1833 2788
1833 1734
1833 2656
1833 3029
1833 2703
1833 2859
1825 774
2006 937
1826 3086
1833 1865
1833 2998
1833 2733
1826 2726
1833 2785
1612 18
1389 95
1833 2671
1833 3297
1801 304
1833 2550
1282 56
1744 519
1833 2611
1833 2988
1826 3183
1833 2544
1826 3205
2532 82
1833 3242
1833 2791
1833 3138
1826 2802
1833 3110
1826 3251
1833 2886
1833 659
1833 2900
1833 2577
1833 2359
1826 3182
1833 2466
1826 2906
1833 2730
1833 2968
1833 3066
1833 1862
1826 3411
1826 2954
1833 2574
1833 3062
1833 3025
1826 3327
1518 828
1833 2244
1833 2682
1833 2940
1833 3043
1833 2457
1833 3125
1833 2783
1826 3030
1829 2929
1833 2700
1826 3464
1826 3087
1833 1076
1833 2451
1826 2794
1833 1885
1833 2768
1833 2856
1829 3404
1804 274
1833 2704
1829 3432
1833 1691
2174 994
1833 2648
1833 3175
1833 1194
1833 1243
1833 3023
1833 1685
1833 2914
1806 881
1833 2575
1833 2922
1792 450
1833 2779
1616 60
1826 3169
1833 3108
1826 3192
1833 2922
1833 3242
1792 830
1833 2296
1833 2777
1833 1737
1826 2840
1833 2223
1792 1181
1833 2422
1833 2640
1833 3048
1766 665
1833 2971
2097 7
1833 2943
1833 2059
1826 3354
1507 250
1833 3054
1833 2813
1833 2827
1826 3208
1833 2494
1833 2794
2006 853
1833 3279
1833 1833
1766 982
1833 3109
1833 2781
1833 2746
1833 1173
1833 3271
1833 2694
1833 2629
1833 2743
1826 3324
1833 2781
1833 1392
1833 2428
1833 2466
1859 753
1833 2596
1826 3453
1833 3116
1833 2631
1833 2836
2532 314
1833 2648
1833 2923
1833 2582
1833 2522
1833 2932
1826 3133
2006 1035
1826 3445
1833 2717
2006 798
1833 2811
1833 944
1766 475
1833 2595
1766 787
1833 2703
1766 1213
1682 163
1833 1984
1833 2490
1826 2786
1826 3243
1826 2846
1826 3030
1833 3198
1833 1419
1826 2744
1826 3044
1766 1128
1833 2318
1833 3037
1833 2664
1833 2840
2953 73
1833 655
1792 203
1826 1915
1826 3152
1826 3121
1833 3004
1833 3139
1833 2670
1826 2927
1833 3055
1833 2791
1833 2542
1766 467
1833 2493
1908 658
1829 3004
1833 2729
1833 1796
1833 3259
1826 3358
1833 3070
1826 2324
1833 3086
1833 2690
1668 448
1833 1965
1833 2734
1833 2749
1744 156
1801 168
1792 430
1833 2655
1833 3006
1833 2589
1518 346
1826 3455
1826 3220
1859 474
2589 40
1518 26
1518 709
1826 3198
1833 1714
1804 453
1792 905
1829 2913
1826 2764
1833 2694
1833 3089
1833 2967
1833 2903
1826 3160
1833 2988
1833 2813
1833 2930
1833 2854
1826 3364
1833 1916
1826 3266
1792 890
1833 2689
1833 2890
1766 554
1833 3063
1833 2961
1826 2941
1833 2876
1826 2615
1826 2722
1833 2978
1833 3266
1833 2994
1833 2811
1833 2126
1833 2436
1833 2788
1806 1059
1833 2493
1833 2684
1826 2989
1833 2966
1833 2836
1833 1510
2532 393
1826 2700
1826 2814
1994 535
1833 3211
1833 2777
1235 256
1826 3499
1833 2826
1833 1691
1833 2611
1833 3079
367 7
1833 2503
1826 3242
2122 854
1825 429
1826 2976
1833 1755
1833 2612
1833 2769
1826 2868
1826 3011
2006 142
1826 3050
1833 2877
1833 2789
1826 2894
1833 2931
1833 2774
1833 2549
1833 2981
1833 2470
1833 2728
1833 2677
1833 2882
1833 1814
1833 3250
1833 2639
1833 2996
1833 2680
1711 252
1826 2939
1833 2361
1833 2754
1833 2578
1766 1124
1833 2702
1833 2600
1833 2980
1711 1643
1792 1190
1833 2568
1826 3369
1826 2886
1833 2732
1833 2834
1833 2594
1833 2552
1829 3156
1826 3196
1833 2504
1833 2822
1833 2684
1833 3112
1833 2512
1833 2880
1826 3141
1833 738
1693 23
1710 62
1833 2827
1833 2846
1833 2840
1833 3060
1833 1780
1833 2964
1258 123
1826 3334
1833 2848
1833 2958
1833 3285
1833 2820
2006 1091
1833 2588
1833 2928
1744 970
1792 435
1825 691
1826 3283
1833 2642
1833 3211
1833 2454
1826 2870
2532 515
1833 2768
1833 2551
1833 2992
1833 2749
1833 2615
1833 1078
1833 2689
1833 2824
1833 2631
1806 851
1833 3061
1826 2946
1833 2569
1833 2435
1826 3180
1826 3129
1833 2979
1826 3426
1826 2938
1833 1044
1833 2624
1833 1645
1826 3402
1826 2907
1833 2441
1833 2917
1833 2476
2122 240
1833 2801
1826 2969
1833 2664
1826 3211
1833 1734
1833 3015
1826 2910
1833 3222
1833 3176
1826 3293
1833 2736
1826 3092
1833 2595
1833 2967
1826 2818
1833 2900
1825 726
1825 665
1826 3180
1833 3037
1833 2689
1833 2762
1833 2771
1833 2720
1833 2883
1826 3133
1833 3004
1833 2861
1826 2986
1826 3428
1826 2804
1833 2904
1826 2888
1833 2673
1833 3055
1833 2651
1833 1895
1826 2912
1826 2969
1833 2638
1833 3265
1833 3062
1833 2527
1826 3343
1833 2532
1833 2839
1792 573
1826 2323
1833 1549
1833 2981
1826 3093
1826 2900
1833 3126
1766 944
1833 2756
1833 3202
2532 467
1826 3015
1826 3193
1833 2343
1826 3292
1833 2656
1833 2069
1833 2840
1826 3144
1833 2800
1833 1972
1826 2795
1826 3378
1833 2132
1833 2323
1833 3124
1833 2967
1826 1854
1833 939
1826 2877
1471 1139
1826 2992
1833 2828
1829 3516
1833 3043
1833 2648
1826 3319
1833 2997
1833 2807
1826 2894
1826 2880
1833 3252
1833 2864
1826 2829
1469 231
1908 1258
1833 2879
1833 1634
1833 2792
1833 910
1833 2452
1826 2939
1792 200
1833 2882
1826 3420
1833 2988
1833 1716
1826 3360
1833 2980
1833 2981
1826 2799
1833 3101
1833 2649
1833 2624
1826 2793
1826 2952
1829 3048
1833 2547
1833 2149
1833 2841
1833 3096
1833 3303
1833 2948
1826 3094
1833 2564
1829 3236
1833 2761
1826 3366
1833 3294
1826 3100
1833 2794
1833 1883
1859 616
1826 3134
1833 2519
1829 3481
1833 2581
1833 3041
1833 1381
1826 2887
1833 2924
1833 2098
1833 2787
1833 2689
1826 2819
1826 3260
1833 3075
1833 2621
1833 2959
1833 2881
1833 2637
1859 658
1826 3090
1744 270
1826 2901
1833 2857
1833 2982
1826 2924
1792 1009
1826 3037
1833 2964
1833 3120
1833 2518
1826 3227
1792 683
1833 2576
1833 2697
1833 2903
1826 3267
1833 2984
1833 2597
1766 383
2124 286
1833 2935
1826 3413
1833 2954
1833 3299
1833 3010
1826 2916
1833 2421
1826 3139
1833 2955
1825 440
1833 3087
1833 2493
1833 2518
1826 2896
1711 285
1826 2352
1833 2692
1792 8
1792 1231
1833 3169
1833 2917
1833 1193
2272 201
1894 1133
1833 2886
1833 1466
1826 2981
1833 2881
362 2
1833 2552
1711 219
1833 2809
1833 2955
1668 510
1833 3069
1829 3009
1826 2785
1826 2866
1806 607
1833 958
1829 3374
1833 1445
1826 2909
1833 2261
1507 319
1826 2776
2122 182
1833 2725
1833 3255
1826 2982
1833 3132
1361 101
1833 1081
2006 615
1833 1464
1833 3124
1826 2814
1833 3132
1833 2079
1833 2827
1826 2952
1833 3023
1469 410
1833 2518
1833 2498
1806 1383
1833 3142
1833 1397
1833 3273
1826 2767
1833 3075
1829 3141
1833 2634
1826 2988
1668 113
1833 3035
1833 3109
1826 3372
1833 2952
1833 2482
1833 1493
1833 1192
1804 457
1471 1268
1833 3105
1826 3246
1833 2973
1833 3101
1833 2733
1825 1212
1833 3276
1894 1062
1766 959
1943 141
1908 1373
1833 2834
