3886
401 3722
316 3974
34 3706
30 3633
173 3604
677 3446
96 3728
257 3902
56 3667
321 3848
104 3994
2106 2777
377 3915
142 3814
130 3921
282 3894
317 3832
1453 2692
381 3638
354 3771
2627 3190
474 1964
247 3983
291 3900
1459 3859
139 3647
112 3904
248 3926
3338 3727
253 3733
275 3811
277 3823
257 3781
1231 1484
75 3771
374 3745
357 3825
385 3698
334 3816
191 3732
1352 3194
181 3935
255 3938
2335 3411
81 3661
16 3605
139 3644
270 3747
1451 2596
315 1459
1726 2664
61 3912
256 3862
1935 2788
132 3688
398 3804
368 3866
150 3634
3449 3582
250 3682
2663 2997
369 3603
102 3778
249 3887
327 3875
319 3629
415 3808
131 3101
395 3693
81 3645
8 3689
273 3994
294 3899
86 3778
64 3861
85 3756
304 3876
369 3764
335 3998
42 3205
358 3691
124 3803
94 3817
1926 3653
932 3707
26 3907
159 3933
76 3970
96 3715
356 3789
214 3772
823 2456
782 1293
124 3761
98 3657
301 3814
330 2468
332 3930
321 3716
76 3857
378 3810
331 3601
176 3905
204 3669
364 3890
2996 3277
331 3639
378 3749
257 3911
229 3926
76 3909
1215 2960
821 3519
3119 3647
248 3764
123 3653
199 3686
295 3634
357 3662
315 3922
121 3899
48 3743
151 3806
63 3954
236 3900
344 3961
265 3839
1256 1574
1138 3718
195 3859
51 3704
7 3971
1626 2772
879 2813
290 3968
21 3893
294 3897
315 3824
372 3625
223 3906
149 3966
327 3761
151 3888
1789 2563
263 3734
266 3635
604 3299
386 3738
167 3943
6 3660
1849 3540
130 3967
181 3719
100 3731
121 3765
239 3846
87 3968
88 3840
308 3999
22 3935
292 3763
289 3938
175 3731
39 3788
22 3729
111 3762
277 3852
370 3982
42 3922
3197 3545
2038 3744
1755 2456
82 3843
138 3708
231 3716
197 3757
180 3261
170 3835
154 3784
281 3709
350 3838
300 2633
363 3982
239 3705
137 3929
336 3723
223 3713
316 3660
37 2842
146 3656
304 3923
176 3918
242 3823
139 3659
190 3608
41 3750
34 3997
146 3698
13 3928
213 3697
1873 3120
459 1137
258 3807
114 3900
208 3827
1045 2779
209 3047
1434 3463
370 3849
132 3827
218 3636
81 3905
141 3844
64 2301
1238 3686
256 3738
374 3626
292 3842
58 3901
310 3993
243 942
96 3846
41 3748
644 3626
301 3941
12 3897
247 3738
1093 2152
272 3684
297 3926
38 3648
2091 3264
2154 3296
118 3741
268 3896
392 3966
319 3885
143 3908
88 3880
797 865
25 3630
30 3972
378 3797
126 741
43 3880
1803 2054
187 3780
75 3765
209 3755
1392 1681
1278 2135
399 3843
2124 2135
377 3828
316 3869
181 3771
61 3801
145 3936
193 3915
1731 2941
11 3742
342 3384
968 1145
211 3725
395 3635
2947 3616
356 3655
48 3988
324 3870
114 3965
305 3621
349 3899
393 3696
1422 2676
292 3703
1908 2448
138 3669
938 1377
4 3811
269 3668
191 3972
374 3772
289 3849
110 249
262 3676
362 3981
243 3742
250 3629
31 3819
38 3719
362 3842
389 3947
238 3972
152 3816
191 3891
77 3603
139 960
69 3821
228 3754
38 3784
188 3814
2236 2735
204 3798
344 3673
390 3926
15 3955
243 3963
2723 3104
204 3755
30 3909
198 3994
232 3959
397 3778
192 3834
170 3865
17 3692
115 3859
129 3796
303 3749
282 3876
295 3642
396 3643
334 3859
1528 2392
40 3763
232 3724
1421 2517
179 3903
128 3847
197 3830
1824 3839
286 3830
181 3741
379 3680
2203 2409
423 3158
343 3846
385 3907
356 3604
343 3973
311 1780
29 3821
2848 3012
216 3824
288 3658
100 3895
1379 2060
277 3842
374 3734
83 3698
342 3894
118 3669
80 3702
376 3948
3190 3800
225 3754
339 3724
43 3992
77 3742
178 3977
83 3670
120 3931
295 3918
84 3671
213 3789
58 3804
274 3927
201 3602
294 3992
85 3784
333 3822
86 3623
42 3675
404 443
86 3857
270 3690
109 3817
21 3800
314 3886
90 3712
134 3968
292 3666
18 3617
388 3739
110 3711
675 1371
362 3797
151 3732
157 3813
266 3917
250 3859
98 3980
99 3604
3648 3968
141 3858
979 1939
4 3745
198 3827
159 3759
4 3942
224 3618
691 2528
383 3917
113 3779
1452 2301
112 3740
251 3991
117 3626
2374 3866
139 3772
166 3627
385 3970
322 3693
263 3611
44 3941
1518 2210
131 3815
470 901
32 3738
113 3930
253 3993
3 3674
299 3878
167 3673
11 3788
56 3850
110 3796
178 3689
26 3809
575 2029
236 3772
325 3684
339 3613
340 3990
2925 3970
1724 2026
242 562
342 3764
318 3728
290 3696
107 3764
107 3542
64 3783
563 1590
225 3794
258 3808
43 3716
734 2554
87 3604
237 3916
280 3766
200 3901
324 3783
265 3951
1505 2876
161 3602
373 2973
171 3820
283 3932
102 3787
98 3741
171 3796
327 3642
120 979
1186 2169
1806 3853
246 2176
386 3638
388 2362
268 3705
42 3955
357 3606
68 3948
524 1603
116 3764
308 3886
289 3834
67 3823
1584 3151
73 3770
298 3863
27 3918
394 3849
106 3982
338 3924
74 3888
360 3625
302 3866
339 3602
290 3609
55 3838
328 3847
1466 3199
558 1675
310 3981
142 3890
20 3617
819 1292
304 3666
162 3839
5 3818
212 2927
366 3777
45 3799
299 3623
274 3941
77 3803
249 3954
74 3700
158 3944
795 2362
373 3667
286 3628
167 3982
291 1675
327 3671
186 3625
859 1640
93 3655
48 3842
48 3618
132 3749
398 3953
154 3953
336 3607
32 3808
118 3879
389 3611
278 3773
325 3677
70 3792
407 1518
172 3926
197 3883
313 3963
146 3804
331 1481
2174 3500
383 3776
162 3640
176 3949
755 1194
268 3693
187 3963
193 3842
64 3920
1467 1909
1992 3718
25 3836
131 3680
331 3809
315 3949
112 3935
1994 3606
337 3932
178 3607
61 3695
14 3644
255 3852
283 3676
66 3838
236 3958
408 2425
164 3967
339 3944
113 2091
1085 3291
259 3862
366 3961
50 3652
3112 3972
183 3885
3898 3930
287 3707
2938 3805
396 3872
268 3843
92 3763
559 919
393 3656
130 3753
233 3810
47 3757
26 3666
311 3719
374 3621
358 3813
177 3786
3213 3768
366 3799
2151 3713
1471 2987
534 3904
1130 1253
193 3737
116 3851
210 3995
365 3905
2849 3202
381 3703
160 3875
765 900
367 3861
371 3971
42 3671
73 3842
261 3997
260 3942
184 3830
22 3837
205 3867
229 3815
3184 3465
334 3640
343 3767
71 3859
119 3711
169 3770
351 3605
326 3795
72 3728
177 3835
92 3955
274 3811
127 3822
365 3658
1174 3061
295 3750
80 3996
276 1444
340 3767
358 3773
174 3806
219 3893
136 3855
342 3917
280 3685
278 3619
2826 3570
187 3998
233 3898
173 3792
328 3756
267 3934
171 3955
375 3718
1885 2126
258 3936
1246 2165
306 3923
368 3725
319 3892
36 3798
258 3674
30 3758
370 3795
269 3731
44 3600
120 3909
1675 2558
384 3625
126 3724
237 3997
359 3696
253 3804
254 4000
383 3892
270 3969
392 3759
253 3612
169 3910
335 3996
357 3745
2472 2689
219 3732
181 3790
109 3706
257 3637
192 3893
41 3920
2006 3827
199 3608
203 3952
346 3785
399 3865
223 3829
311 2293
62 3990
228 3862
172 3941
124 3870
161 3750
160 3821
73 3912
114 3882
227 3888
299 3712
197 3739
90 3660
190 3602
91 3614
187 3853
234 3645
140 3644
200 3937
343 3672
221 3681
381 3881
94 3796
59 3855
385 3712
132 3797
190 3764
206 3679
217 3692
122 3920
349 3669
3172 3822
173 3822
304 3877
309 3787
262 3958
37 3613
78 3879
60 3675
84 3875
101 3783
1710 1925
245 3684
338 3772
400 3978
188 3612
351 3724
135 2319
96 3970
101 3879
209 3915
214 3841
95 3679
2428 2885
364 3650
253 3906
202 3637
111 3630
39 3977
312 3935
166 3820
145 3911
195 3824
97 3836
378 3794
304 3764
398 3701
173 3788
136 3910
211 3709
174 3794
280 3728
246 3678
54 3896
203 3997
157 3664
3315 3844
142 3964
1045 2953
137 3689
6 3629
129 3814
374 3626
248 3606
363 1379
165 3968
364 3832
2169 2331
327 3641
280 3841
3287 3287
326 3815
320 3760
144 3701
120 3700
386 3834
254 3732
358 3618
325 3694
1098 2496
323 3713
862 1345
181 3639
347 3712
166 3761
208 3797
1340 3343
257 3755
42 3871
128 206
400 3825
349 3909
375 3941
249 3851
251 3814
324 3983
380 3770
293 3795
358 3989
1471 2613
56 3795
240 3697
516 1853
3564 3643
16 3856
205 3880
231 3730
1323 3573
89 3818
258 3606
278 3703
1390 3941
2700 2900
216 3649
334 3637
1070 3976
2359 3666
343 3965
211 3786
142 3693
386 3901
367 3635
256 3859
264 2636
857 3270
233 3839
241 3802
142 3962
295 3987
139 3921
158 3834
118 3715
365 3784
203 3705
82 3901
241 3663
280 3785
203 3632
27 3694
113 3678
249 3694
1621 2020
312 3761
366 3738
269 3848
318 3970
212 3750
1209 2771
285 3956
190 3601
716 2681
349 3765
207 3922
369 3999
369 3919
460 1525
217 3647
396 3713
164 3741
229 3854
225 3870
11 3651
305 3721
330 3978
378 3657
151 3855
281 3730
285 3838
1990 2948
1055 2457
83 3904
348 3943
133 3891
25 3620
67 3642
140 3736
263 3680
212 3725
369 3943
216 3794
222 3826
2046 3243
262 3971
362 3739
917 2310
63 3966
153 3833
261 3670
177 3784
299 3832
291 3909
358 3757
397 3727
389 3760
210 3771
2492 3636
281 3994
155 3869
255 3985
337 3977
392 3931
244 256
2164 2554
357 3831
2272 2604
85 3855
390 3731
760 1077
251 3894
863 981
125 1176
3476 3667
393 3738
5 3113
337 1373
395 3974
3273 3814
45 3803
184 3999
377 3947
1 3748
369 3906
325 3860
376 3900
51 3689
242 3753
47 3952
328 3975
72 3767
177 3860
63 2699
142 3976
309 3703
79 3918
116 3804
229 3789
2559 3490
295 3775
1124 3966
323 3670
125 3748
112 3606
280 3810
139 3960
145 3964
45 3914
45 3880
29 3668
194 3756
117 3620
298 3876
262 3882
42 3904
392 1554
1 3660
122 3878
221 3875
349 3902
9 3893
2119 3913
2231 3025
168 3981
389 3863
1018 3936
290 3760
325 3771
79 3603
380 3686
28 3918
68 3645
149 3937
90 3991
118 3732
382 3836
64 3635
231 3897
187 3914
147 3619
1418 1421
5 3892
32 3682
2953 3340
306 3974
2753 3767
109 3700
385 3865
67 3933
117 3928
275 3937
274 3750
316 3835
160 3609
347 3828
293 3601
143 3657
187 3650
167 469
117 3865
103 3780
258 3784
99 3992
373 3990
102 3686
179 3949
59 3869
131 3624
211 3864
2 3698
211 3927
264 3996
337 3917
73 3714
289 3753
397 3618
43 3917
67 3897
2517 2608
268 3807
311 3699
253 3699
243 3946
117 3812
55 3607
299 3779
185 3841
153 3686
361 3693
1549 2854
130 3976
232 3628
169 3716
396 3688
334 3788
87 3973
55 3918
130 3888
46 3807
114 3935
270 3905
314 3734
368 3650
317 3663
2153 2161
106 3872
299 3810
72 3924
431 3567
217 3814
308 3668
252 3854
263 3656
2931 3463
282 3957
60 3931
395 3645
394 3678
817 3340
296 3712
208 3686
190 3963
62 3798
235 3806
2694 3597
149 3680
182 3681
260 3727
105 3976
26 3804
297 3677
51 3799
101 3637
39 3633
1324 2140
213 3990
362 3846
60 3876
354 3836
50 3671
74 3721
99 3727
897 1635
236 3877
299 3706
267 3666
52 3727
334 3729
172 3971
2949 3808
70 3779
197 3777
275 3977
377 3784
26 3691
286 3632
395 3719
66 3682
18 3873
56 3800
50 3681
229 3972
238 3962
374 3692
2532 3325
327 3749
392 3013
44 3608
400 3741
2899 3030
307 3988
195 3656
2400 2885
371 3751
55 3606
157 3819
153 3844
1261 3913
275 3749
295 3822
108 224
362 3640
297 3824
125 3690
206 3839
71 3668
78 3928
372 3667
206 3786
387 3851
132 3865
186 3772
160 3751
2159 3970
88 3859
162 3746
293 3602
1579 3354
185 3689
244 3912
276 3206
270 3781
1859 2262
315 3869
261 3621
270 3618
674 3164
15 3963
270 3829
242 3775
317 3734
390 3824
278 3871
154 3765
187 3784
219 3653
273 3700
86 3609
61 3914
259 3781
273 3846
47 3933
232 3937
168 3915
190 3722
30 3947
355 3764
24 3906
225 3736
115 3817
365 3895
286 3914
85 3746
195 3673
35 3711
350 3897
181 3606
156 202
285 3716
307 3807
33 3938
179 3831
24 3867
120 3763
171 3601
300 3786
119 3908
360 1703
238 3666
395 3625
1099 3592
359 3860
65 3819
291 3756
511 2716
385 3904
184 3924
370 3673
376 3943
238 3846
193 3731
162 3650
256 3821
111 3898
381 3980
1555 3754
245 3874
92 3866
132 3631
83 3920
2482 3331
200 3787
349 3624
2122 3907
141 3663
313 3982
289 3872
208 3632
101 3978
329 3764
8 3935
1325 3185
1169 1389
345 3791
113 3894
1393 3311
229 3721
2463 3786
1806 2312
150 3607
202 3984
407 1301
77 3944
584 1874
33 3866
207 3916
274 3733
384 3644
197 3607
323 3847
557 1526
14 3990
488 3998
294 3837
1469 2433
202 3940
567 2143
3150 3624
61 1579
241 3926
42 3951
289 3901
392 1269
341 3960
274 3868
100 3750
1258 1564
331 3834
273 3722
266 3917
796 2007
233 3819
150 3860
242 3773
318 3830
272 3752
295 3887
205 3866
68 3935
10 3999
364 3685
316 3648
143 3824
257 3833
360 3729
135 3615
22 3769
367 3726
22 3764
174 3680
372 3332
178 3693
32 3886
103 3765
1031 3056
254 3710
69 3750
4 3805
308 3601
236 3885
391 3669
2938 3500
255 3730
660 2954
223 3760
698 1061
127 3717
14 3775
838 2217
296 3740
838 1298
149 3616
30 3820
131 3671
3065 3973
10 3657
219 3877
613 1072
58 3837
211 3926
805 1757
1762 3279
93 3759
250 3936
48 3630
129 3667
307 3945
256 3764
249 3977
55 3784
522 3371
274 3630
157 3966
327 3654
294 3978
305 3880
330 3672
7 3905
316 3739
236 3671
1097 3786
83 3818
15 3922
1374 2230
244 3796
302 3848
643 3624
208 3607
400 3810
148 3766
353 3757
307 3899
1894 2381
355 3822
111 3679
47 3701
197 3890
679 2438
3084 3228
952 3582
61 3950
1669 2783
21 3950
386 3602
201 3748
367 3764
222 3963
2111 3661
47 3933
3656 3853
175 3962
1721 3876
9 3706
202 3917
337 3901
311 3692
341 3940
19 3689
225 3966
379 3872
2744 3648
385 3976
301 3883
225 3964
45 3875
334 3694
1763 3743
308 3720
298 3963
388 3766
2271 2358
78 3708
930 1731
3918 3930
266 3638
117 3957
108 3975
244 3863
361 3759
103 3815
205 3863
320 3761
2374 3023
1396 1993
1131 3032
81 3720
97 3774
29 3603
216 3623
71 3994
1583 2108
242 3838
1779 3332
216 3693
393 3766
242 3637
322 3987
79 3950
381 3866
48 3736
364 3931
351 3732
314 3954
300 3930
350 3937
89 3741
112 3729
621 1481
85 3714
82 3636
300 3852
272 3736
116 3623
961 3619
26 3694
279 3795
90 3884
182 3664
136 3738
139 3939
4 3887
205 3910
259 3826
104 3992
668 3743
134 3859
307 3905
300 3727
302 3915
116 3693
283 3923
382 3792
382 3761
327 3806
344 3923
187 3708
122 3761
341 3769
218 3959
185 3821
213 3898
1218 3947
349 3796
328 3714
121 3956
290 3958
331 3780
148 3932
151 3713
288 3885
312 3809
159 3991
88 3866
285 3890
253 3929
373 3995
213 3665
248 3859
211 3855
244 3696
218 3875
67 3631
2615 2771
379 3641
335 3669
194 3726
141 3949
139 3653
357 3663
146 3662
2641 2680
278 3816
124 3874
20 3952
83 3998
333 3924
309 3923
693 1689
674 3640
263 3709
208 3897
345 3662
330 3660
149 3973
28 3946
156 3889
271 3924
241 3931
237 3673
380 3827
90 3892
241 3910
247 3948
819 2780
301 3877
330 3618
185 1570
2385 3984
341 3889
82 3939
82 3940
691 3889
73 3900
78 3734
133 3816
44 3710
111 3929
5 3773
178 3631
82 3854
284 3791
330 3914
111 3704
92 3863
282 1950
20 3910
147 3968
347 3661
289 3919
120 3866
309 3734
163 3652
1735 2284
382 3802
135 3767
384 3846
307 3971
394 3995
202 3720
45 3634
68 3956
62 3862
144 3993
772 3935
151 3925
217 3677
344 3977
362 3717
308 3862
312 3627
130 3738
213 3852
62 3799
75 3794
27 3866
109 3829
105 3831
252 3797
1000 3472
112 3958
1804 2749
151 3944
228 3882
225 255
202 3983
36 3904
1 3632
245 3992
290 3820
907 1421
126 2365
368 3785
159 3832
304 3986
188 3818
378 3921
164 3823
326 3715
79 3767
142 3830
3389 3732
2107 2116
49 3774
1401 3499
317 3685
258 3806
343 3818
92 3689
140 3836
214 3814
69 3800
14 3601
113 3991
254 1972
281 3892
292 3806
2 3680
156 3690
1014 1197
316 3821
192 3772
598 617
374 3832
239 3659
268 3977
3 3643
102 3992
265 3854
2361 2509
2 3916
16 3662
2540 3308
80 3874
320 3783
1667 2089
248 3925
324 3817
242 3608
140 3767
3161 3787
640 3258
311 3750
263 3758
172 3858
251 3731
346 3686
115 3735
396 3820
197 3948
64 2847
83 3694
708 787
284 3880
275 3699
249 3665
3190 3773
2921 3555
295 3857
99 3771
576 1721
245 3707
243 3716
256 3929
319 3884
228 3687
360 3980
104 3840
118 3821
49 3657
271 3846
115 3745
283 3743
261 3901
343 3680
298 3753
109 3880
365 3722
1522 2614
189 3663
314 3639
394 3997
223 3713
270 3891
27 3902
341 3965
230 3752
316 984
147 3612
206 3919
205 3298
397 3786
173 3614
339 3804
269 3811
56 3645
56 3626
123 3700
65 3624
365 3604
19 2226
73 3916
114 3912
348 3689
8 3919
331 3775
281 3785
51 3722
36 3611
353 3761
971 2713
78 3937
225 801
108 3687
1495 1564
135 3712
319 1330
85 3915
307 3895
118 3707
261 3944
177 3821
320 3717
53 3745
311 3999
248 3629
190 3866
214 3659
480 3115
108 3745
88 1946
31 3933
187 3899
4 3905
337 3949
212 3933
363 3616
235 3757
215 3812
373 3754
131 3659
211 3863
87 3639
157 3857
290 3884
120 3730
987 2985
920 1891
180 3990
84 3903
3529 3684
202 3971
243 3924
105 3881
96 3832
28 3695
104 3774
340 3848
229 3955
61 3703
188 3878
182 3974
1567 1603
861 1110
61 3634
228 3975
209 3655
384 3938
1363 2261
230 3999
210 3840
299 3727
384 3916
308 3982
205 3802
371 3824
137 3964
116 3690
253 3759
263 3806
281 3839
1068 3791
484 2315
264 3916
273 3886
232 3729
336 3624
186 3929
123 3821
72 3800
69 3649
281 3776
170 3713
45 3834
373 3911
21 3797
259 3704
182 3695
183 3736
31 3885
2547 3956
91 3796
75 1850
605 1757
891 2585
272 3685
316 3873
147 3694
141 2871
64 3607
328 3767
52 3661
101 3682
271 3998
284 3856
313 3843
66 3639
1925 1970
175 3671
335 3866
391 3624
383 3899
29 3765
325 3743
143 3933
988 2422
315 3804
172 3845
164 3930
34 3999
103 3775
364 3650
236 3835
217 3742
94 3787
110 3884
255 3602
357 3673
169 3699
199 3965
389 3811
284 3961
241 3888
324 474
112 3862
57 3835
37 3961
348 3828
838 2722
198 3643
282 3934
217 3742
396 3759
189 3655
398 3984
369 3896
364 3967
44 3998
174 3815
1758 2791
94 3867
10 3851
381 3637
173 3695
206 3845
43 3933
2540 3038
241 3624
336 3971
233 1088
167 3855
279 3996
24 3711
3220 3974
157 3623
208 3830
58 3790
2310 2696
298 3730
297 3831
148 3621
95 3856
16 3987
364 3889
117 3818
1144 1852
383 3805
262 3959
325 3727
247 3934
239 3926
199 3748
44 2790
207 3919
341 3653
78 3834
106 3712
45 3667
358 3903
406 3024
391 3664
44 3939
222 3871
337 3886
317 3882
112 3732
248 3639
320 3880
1 3714
393 3663
151 3793
45 3993
137 3892
392 3744
159 3782
298 3765
330 3839
66 3799
733 2741
1758 2539
41 3703
611 1687
256 3928
250 3877
347 3713
213 3777
383 3763
1062 1858
19 3669
162 3752
1466 2421
155 3643
112 3944
1907 3066
204 3654
359 3739
375 3933
1826 2314
294 3618
696 2454
1235 1712
264 1360
100 3755
353 3869
290 1407
2334 2925
172 3708
81 3874
97 3775
755 3870
183 3977
894 2284
531 2242
3 3753
323 3849
57 3731
101 3729
955 1238
375 3770
44 3388
38 3809
455 2193
309 3270
36 3703
221 3902
379 3604
1549 3159
88 3603
2969 3761
371 3693
2263 3837
100 3759
232 3840
1764 2629
223 3800
197 3995
265 3927
29 3825
184 3986
334 3781
1110 2569
49 3907
138 3807
1833 2826
1545 3495
1512 2085
28 3725
29 3956
107 3867
2106 2858
344 3963
13 3996
596 3330
378 3977
334 3874
275 2783
359 3838
372 3954
88 3619
160 3616
747 1019
152 3624
390 3786
123 3855
247 3731
2382 2768
514 1378
336 3773
208 3884
33 3707
240 3900
155 3614
69 96
32 3625
176 3927
2128 3319
105 3675
326 3619
129 4000
80 3775
55 3872
22 3667
7 3640
15 3916
2386 2867
19 3668
340 3905
3 3791
320 3717
644 910
719 2258
160 3871
67 3929
305 3806
246 3771
390 3817
17 3941
126 3612
638 1981
364 3690
72 3606
517 2978
148 3737
267 3980
44 3662
3 3695
8 3988
393 3945
189 2511
2536 3076
4 3637
400 3911
33 3808
215 3850
357 3740
43 3633
564 663
35 3773
379 3720
247 3710
154 3969
254 1077
962 1712
29 3606
29 3988
322 3711
318 3752
322 3831
298 3935
200 3855
309 3764
42 3805
302 3933
321 3669
345 3830
344 3775
318 3818
1 3821
34 3675
366 3819
245 3833
390 873
170 3854
97 3928
54 3886
610 2127
214 3632
286 3724
37 3638
1038 1293
301 3640
396 3878
55 3855
205 3748
70 3614
346 3672
36 3649
2633 3541
264 3631
288 3923
213 3767
97 3797
217 3666
382 3727
253 3962
13 3685
394 3753
393 3988
209 3852
1404 3755
349 3799
30 3934
16 3985
1281 2707
268 3747
138 3686
97 3910
249 3846
296 3854
317 3603
29 3729
76 3675
324 3989
629 742
25 3843
114 3844
265 3857
197 3964
349 3870
57 3740
125 3754
386 3743
285 3777
96 3928
335 3740
148 3763
496 1840
2110 3478
180 3654
25 3606
265 3717
11 3710
283 3854
563 3507
1943 2633
95 759
211 3861
10 3780
117 3895
248 3767
597 1592
251 3769
98 3900
76 3823
37 3985
244 3851
376 1397
389 1956
88 4000
112 3620
397 3703
354 3946
204 2132
60 3821
285 3679
143 3733
12 3920
99 3756
2347 3429
352 3659
130 3964
50 3954
308 3684
2345 2767
305 3759
283 3739
17 3994
393 3977
11 762
116 3947
150 455
74 3680
245 3866
94 3959
70 3786
309 3833
199 3724
159 3774
96 3730
342 3807
144 3779
63 3747
118 3640
1856 2817
1786 2046
322 3610
110 3456
284 3802
338 3804
8 3742
2319 3688
303 3737
152 883
325 964
550 3898
314 3872
386 3674
1298 1988
255 3916
170 3656
334 3801
384 3676
16 3705
1535 3109
110 3618
1166 2392
249 2517
1617 3084
322 1199
151 2931
508 3335
210 3845
550 3614
394 3772
208 3635
103 3749
241 3603
356 3825
330 3925
4 3970
27 3702
389 3827
100 3905
309 3902
198 3721
2548 3100
237 3615
76 3618
339 3838
104 3783
30 3685
350 3807
1672 3820
3 3747
136 3901
683 960
1096 2314
366 3668
708 2307
85 3606
307 3931
112 3776
299 3683
41 3890
151 3663
157 3991
298 3886
388 3801
216 3990
104 3618
69 3740
38 3785
268 3754
20 3681
147 3745
263 3113
75 3769
845 2278
353 3708
148 3977
23 3664
169 3966
74 3711
212 3955
2984 3906
166 3900
125 3878
1414 3777
293 3624
291 3920
157 3622
90 3736
263 3933
197 3999
238 3748
134 3942
1274 3517
83 3735
374 3810
171 3855
366 3604
200 3732
396 3679
2869 3157
126 3600
1353 3034
28 3611
127 3773
281 3932
300 3994
233 3857
180 3653
143 3758
199 3889
188 3930
6 3896
53 3624
1281 3034
306 3907
132 3978
50 3722
100 3949
2590 3969
278 3981
249 3656
49 3898
177 3780
1624 3142
221 3926
354 3892
254 3923
1948 3839
164 3915
368 3627
91 3821
31 3681
258 3895
195 3950
2730 3221
27 3640
132 3723
177 3843
231 3780
169 3610
255 3789
249 3740
53 3671
53 3601
382 3723
3293 3870
290 3967
139 3874
268 3696
309 3772
251 3752
146 3647
213 3769
511 1855
236 3976
257 3627
375 3895
303 1977
1044 3842
173 825
21 3613
174 3810
99 3940
269 3878
59 3812
67 3629
45 3688
65 3807
164 3671
1071 2084
214 3767
233 3725
342 3681
256 3901
361 3630
1 3656
351 3846
157 3906
382 3887
256 3865
174 3929
41 3936
391 3995
248 3607
1535 2951
167 3646
268 3688
30 3667
869 2732
99 3788
278 3841
145 3864
57 3812
269 3701
387 3897
156 3836
349 3941
299 3616
60 3956
130 3850
115 3639
155 3685
309 3902
51 3958
1295 2805
281 3662
107 3806
397 3832
385 3609
57 3994
370 3646
3231 3784
213 3929
3214 3505
309 3870
441 3423
1446 3118
1076 1989
134 3820
450 1947
47 3993
10 3964
240 3669
2282 3118
114 3772
396 3830
1164 2280
377 3960
1266 3386
152 3603
358 3854
383 3651
142 3731
66 3966
419 719
261 3803
124 3626
234 3939
353 3674
88 3897
54 3645
71 3649
118 3839
118 3879
231 3984
110 3865
95 3890
76 3781
195 3715
63 3736
1218 2486
272 3690
3 3608
198 3657
134 3861
1203 1942
244 3692
202 3948
90 3099
321 3668
258 3804
2 3705
1792 3990
129 3880
217 3640
255 3621
90 3874
298 3951
387 3971
121 3918
58 3620
112 3778
149 3702
55 3736
46 3893
72 3603
182 3846
229 3612
22 3733
174 3688
87 3859
161 3778
213 3882
290 3644
399 3809
1084 2905
333 3892
375 3829
325 3972
190 3800
1616 1668
33 3890
120 3925
307 3848
46 3961
360 3892
128 3974
286 3603
86 3913
208 3876
68 3614
122 3821
97 3761
266 3824
153 3626
2243 3680
72 3630
1409 1909
226 3733
175 3634
1596 3065
107 3818
76 3824
461 2116
128 3816
51 3911
108 3662
99 3716
191 3717
114 1793
213 3957
346 3720
1535 2071
302 3740
283 3669
392 3681
27 3738
175 3855
205 3937
238 3886
246 3837
261 3704
2087 2863
147 3840
88 3911
269 3793
1030 1481
371 3742
788 1174
215 3683
164 3656
312 3655
327 3830
302 448
373 3671
106 3949
57 3978
237 3807
142 3802
108 3776
322 3635
170 3932
382 3730
87 3639
65 3854
168 3767
380 3612
44 3681
125 3908
838 3782
369 3827
1071 2483
2173 3293
348 3944
202 3657
369 3625
52 3815
117 403
145 3786
336 1101
53 3874
229 3967
105 3762
246 3635
318 3867
337 3811
54 3795
320 3848
77 3851
96 3892
387 3674
82 3749
318 3641
207 3619
2097 3011
199 3637
185 3614
232 3983
203 3635
385 3624
1753 2694
2186 2357
389 3765
304 3860
187 3824
52 411
357 1543
105 3862
356 3624
1300 3458
931 2030
372 3650
263 3793
124 3925
351 3795
227 3714
103 3616
315 3678
1253 3264
114 3999
1027 3620
36 3988
3042 3443
415 2229
52 3842
350 3644
3177 3637
216 3768
1212 2674
193 3959
20 3838
589 3763
1 3783
338 3836
820 1189
680 1874
2701 3122
243 3841
319 3901
86 3728
91 3889
277 3817
1766 3340
282 3744
334 3896
15 2330
998 2317
223 3804
128 3803
1618 2561
385 3658
168 3968
819 2825
320 3714
350 3711
101 3738
106 3753
1428 3164
78 3651
360 3735
1117 1861
391 3694
317 3601
129 3967
343 3616
395 3851
628 1914
279 3944
209 4000
122 3668
34 3692
294 1575
269 3623
372 3712
244 3930
378 3751
63 3663
295 3732
178 3998
2895 3702
278 3816
276 3706
35 3917
51 3780
368 3696
350 3609
1177 1961
277 3984
295 3743
440 3453
4 3950
367 3837
149 3833
137 3955
56 3843
216 3883
173 3684
457 1548
211 3634
161 3734
199 3765
364 3853
22 3764
362 3820
155 3600
316 3747
387 3744
427 3844
132 3944
146 3691
182 3645
302 3745
121 3861
141 3763
341 3750
46 3889
197 3771
262 3780
122 3828
208 3966
367 3978
131 3986
20 3703
265 3994
252 3691
1668 1982
36 3603
1929 2474
295 3788
71 3840
381 3816
154 3879
301 3642
1361 2496
168 3711
1318 1737
42 3692
281 3899
273 3999
85 3281
222 3548
3 3735
1865 2444
254 3846
1065 2939
30 3649
1682 2767
475 2991
297 3678
192 3776
301 3756
1137 2869
60 3855
1204 1794
167 3840
176 3772
133 3899
66 3703
165 3850
49 3939
1319 3769
132 3964
188 3896
15 3951
79 3774
954 1177
88 3982
3358 3581
202 3729
224 3816
870 1362
103 3969
83 3817
442 756
90 3837
311 3644
195 3603
388 3919
30 3655
292 3177
276 3623
10 3633
114 3754
47 3955
14 3912
218 3850
234 3898
1363 2671
1154 2377
141 3795
96 3801
104 3872
101 3722
49 3868
58 3618
51 3970
46 3997
10 3748
299 3866
239 3721
336 3912
177 3911
320 3735
279 3850
362 3822
116 3679
91 3731
107 3909
305 3895
2 3615
161 3637
267 3759
219 3611
81 3958
1630 2114
252 3994
52 3810
373 3739
189 3648
124 3663
368 3684
222 3695
590 678
34 3680
202 3956
196 3945
323 3986
61 3734
85 3793
368 3916
351 3998
105 3786
14 3963
143 3726
186 3777
140 3620
321 3869
58 3760
2463 3801
153 3853
2107 2752
347 3980
253 3829
207 3959
271 3804
235 3707
292 3751
394 3640
21 3641
172 3873
249 3543
361 3990
134 3792
132 3913
186 3852
169 3658
342 3725
223 3656
3162 3393
47 3992
379 3694
238 3854
46 2035
178 3603
382 3977
298 3643
212 3670
33 3900
388 3644
212 3922
984 3607
377 3862
346 3999
222 3911
136 3950
80 3657
94 3767
121 3798
57 3874
260 3780
183 3807
110 3909
315 3826
1589 2693
321 3735
158 3642
333 3751
342 3717
40 3907
150 3901
352 3737
1466 2935
162 3889
21 3136
82 3863
937 1044
113 3670
213 3912
2903 2976
117 3798
337 3741
99 3738
363 3766
124 3614
316 3680
100 3657
117 3632
172 1869
103 3972
2285 2687
2485 3755
1711 1949
118 3686
255 3846
86 3987
258 3984
400 3618
347 3671
280 3720
46 3931
354 3945
187 3938
324 3885
565 3584
245 3866
232 3877
154 3707
1372 2811
161 3914
22 3624
157 3657
809 3537
1419 2759
39 3980
60 3812
236 3739
170 1771
324 3870
397 3932
383 3945
246 3658
1693 3924
209 3893
383 3957
8 3740
104 3754
134 3725
139 3806
2404 2865
234 3723
1744 2043
264 3829
38 3849
120 3678
256 3715
1182 3831
148 3854
255 3778
1309 2057
288 3991
327 3962
270 3853
22 3655
104 3745
304 3616
78 3686
367 3734
115 3651
2803 3468
21 3668
139 3977
169 3678
91 3633
90 3680
281 3680
197 3641
253 3825
299 3875
1812 2776
262 1592
393 3736
137 3921
249 3807
204 3938
316 1470
135 3926
221 3780
659 787
199 3782
127 3947
335 3861
273 3781
126 3701
263 3887
39 3975
216 3985
42 3661
135 2407
43 3708
242 3955
247 2534
692 1870
30 3784
339 3976
310 3643
38 3729
193 3885
365 3660
251 3967
312 3821
43 3665
336 3795
164 3751
259 3950
303 3864
270 3818
391 3894
2471 2851
262 3644
340 3437
257 3833
232 3981
34 3632
256 3840
120 3813
162 3697
131 3680
2624 3031
9 3988
207 3677
745 2810
335 3758
78 3885
3216 3931
332 3870
6 3649
142 143
298 3881
152 3781
327 3738
133 3732
63 3912
76 3622
49 3804
1371 2750
267 3723
46 3742
218 3768
1424 1549
260 3968
343 3648
284 3887
92 3661
352 3713
64 3627
259 3992
10 3997
302 3801
174 3972
265 3882
1507 2913
121 3648
342 3817
32 3630
161 3762
218 3991
1387 2654
259 3775
1343 1612
117 3631
191 3668
66 3705
248 3670
304 3648
175 3980
141 3911
2080 2216
113 3731
236 3773
129 3892
282 3725
228 3779
1323 2418
68 3718
233 3852
268 3670
79 3893
196 3733
163 3807
196 3790
177 3925
266 3931
719 3542
2105 3327
2 3603
314 3644
204 3953
358 3159
95 3866
150 3913
325 3696
2064 3044
160 3701
227 3773
349 3926
362 3616
60 3915
96 3927
1299 3458
16 3723
63 3818
177 3724
389 3779
993 1306
52 3710
140 3923
1647 1745
48 3953
134 3910
60 3738
322 3821
563 1883
99 3943
93 3616
24 3712
381 3923
279 3853
142 3676
140 3885
153 3792
1590 2677
44 3698
2333 2372
1 3980
16 3705
294 3772
353 3703
257 3836
287 3835
14 3780
192 3678
471 651
719 1532
31 3717
230 3854
1507 3266
124 3630
200 3731
216 3693
226 3813
285 3780
27 3660
380 3974
1137 2520
131 3744
377 3633
248 3841
326 3936
200 3943
29 4000
218 3757
53 3885
250 3972
32 3911
2722 3113
85 3828
174 3934
295 3891
274 911
59 3743
177 3650
377 3610
152 3972
355 3887
236 3722
255 3940
246 3706
195 3976
351 3994
632 1563
313 3613
47 3954
353 3834
3657 3918
373 3795
136 3960
1278 3030
1537 2117
99 3708
317 3697
365 3929
333 3776
140 3792
21 3961
1813 2787
3317 3887
162 3907
62 3774
201 3666
43 3723
60 3994
1253 2594
373 3745
202 3904
2721 2851
287 3829
99 3908
61 3879
251 3884
357 3897
29 3699
398 3855
150 3809
195 3910
136 3870
712 2863
90 3903
300 3956
331 3641
59 3632
304 3716
190 3978
2198 2341
122 3698
166 3764
184 3808
1580 3721
131 3776
71 3901
148 3692
387 3636
236 3865
991 2670
2589 2856
1127 3936
364 3682
602 1096
381 3854
291 3613
203 3949
383 3962
398 3984
23 3677
71 3796
27 3978
213 3889
75 3636
262 3612
2582 3782
198 3824
113 3642
893 2028
292 3995
13 3844
210 3990
132 3787
384 3949
370 3654
55 3891
264 3749
117 3767
348 3842
237 3870
283 3724
860 2895
4 3698
208 3848
1885 1903
26 3947
270 3924
9 730
2947 3092
33 3656
2877 3583
144 3906
108 3828
40 3908
5 3726
73 2525
171 3836
181 3935
375 3743
381 3897
42 3640
397 3968
52 3727
351 3899
929 2243
56 3882
93 3854
226 3783
255 3703
287 3986
2652 3525
386 3735
30 3992
79 3705
62 1804
1222 1865
1801 3483
143 3671
165 3645
1170 3907
79 3767
37 3957
219 3858
190 3629
286 3814
154 3759
2355 2547
127 3715
3003 3040
33 3908
342 3988
89 3677
363 3645
42 3704
1282 3857
2671 3528
174 3658
75 3799
87 3991
390 3610
851 3523
304 3822
480 1375
286 3625
1875 2227
240 3998
125 3000
71 3719
136 3848
104 3610
144 3821
60 3874
585 1582
855 1836
277 3622
68 3731
311 3762
334 3894
369 3851
306 3693
101 3623
172 3909
373 3756
23 3630
325 3985
262 3747
276 3718
99 2252
101 3804
347 3798
115 3929
340 3600
282 3925
47 3649
1761 2861
194 3803
974 1891
14 3679
1576 3997
2994 3065
937 1748
1977 3006
1321 3316
1642 1901
142 3657
178 3627
2526 3433
136 3702
994 2756
379 3986
372 3936
136 3614
1483 3200
799 2565
193 3776
293 3701
35 3769
264 3894
55 3790
515 845
85 3987
111 3828
386 3657
297 3908
781 3903
114 3746
1389 3891
345 3904
392 3784
70 3832
143 3807
309 3805
159 3610
178 3957
1668 2469
333 3735
105 3616
1334 3832
385 3783
322 3623
305 3630
34 3624
157 3602
234 3653
241 3985
81 3946
123 3703
179 3878
228 3818
313 3941
239 3629
184 3908
289 3659
295 3768
130 3614
373 3622
19 3990
329 3924
225 3810
396 3795
8 727
120 3971
166 3758
272 3999
295 3718
365 4000
315 3782
24 3881
204 3826
1323 2464
1313 3107
235 3749
1378 3393
25 3979
2899 3018
379 3906
326 3753
3010 3369
395 3682
344 3947
189 2081
663 2019
338 3964
239 3773
111 3946
2149 2749
209 3759
286 3856
118 3617
24 3732
322 3653
2320 3592
875 3089
284 3659
1026 2862
300 3660
265 3997
289 3911
1314 2744
340 3616
53 3981
301 3642
198 3819
131 3685
304 3868
318 1627
158 3879
858 1408
24 3638
314 3833
218 3700
395 3982
218 3728
27 3804
60 3643
313 3706
1277 1684
46 3720
395 3891
183 3630
890 2171
393 3969
179 3766
98 3819
88 3867
117 3652
144 3972
169 3929
27 363
380 3859
202 3995
142 3608
10 3973
207 3792
48 3812
35 3904
1758 3589
1647 2570
1376 2350
267 3887
291 3653
94 3711
11 3867
24 3626
1851 1875
319 3864
229 3623
113 3770
461 2601
361 3760
113 3773
2359 3032
289 3696
400 3715
65 3942
5 3710
396 3831
365 3643
193 3717
21 3816
41 3909
164 3699
120 3892
143 3639
241 3819
320 3984
205 3692
51 3738
253 3652
177 3811
222 3757
321 3834
500 3670
134 3937
3222 3627
22 3790
299 3695
97 3600
227 3663
235 3732
115 3838
135 3814
1523 3022
90 3810
114 3811
304 3723
152 3820
348 3793
46 3620
1825 2358
325 3700
149 3619
34 3679
21 3812
209 3774
351 3690
610 1090
2861 3508
1559 3599
273 3758
380 3785
251 3711
131 3941
1418 3281
1267 3084
245 3939
11 3633
214 3812
376 3826
135 3759
258 3758
1381 3994
171 3631
201 3663
296 3947
179 3708
32 3847
225 3600
369 3856
278 3954
66 3716
97 3721
54 3728
14 3887
31 3692
1612 3619
152 3868
75 3821
27 3946
329 3682
207 3935
162 3704
375 3933
97 3659
83 3778
387 3629
57 3906
155 3637
262 3935
213 3820
244 3929
111 3851
302 3825
180 3951
178 3961
3817 3941
375 3957
340 3763
379 3628
35 3987
1649 2351
2243 3336
381 3945
201 3725
275 3868
226 3982
270 3954
4 3714
83 3857
155 3966
50 3963
93 3839
82 2605
436 1562
123 3743
228 789
196 3791
326 3861
244 3692
238 3633
271 3690
108 3989
278 3790
95 1881
288 3700
243 3889
363 3973
241 3623
321 3740
386 3603
154 3863
1 3651
242 3628
322 3921
62 3693
336 3943
2 3427
25 3825
3014 3932
259 3859
147 3907
232 3961
1711 2878
330 3954
1432 3406
124 3836
21 3722
138 3716
374 3617
217 3989
61 3634
629 1265
91 3837
87 598
319 3871
226 3968
270 3900
235 3749
486 1845
317 3898
201 3796
76 3600
354 3833
242 3636
88 3647
248 3751
131 3697
86 3837
328 3977
324 3921
1172 2260
1393 2821
2631 3779
86 3670
222 3717
2894 3017
350 3971
216 3863
107 3642
322 3645
91 3988
38 3763
1080 1155
184 897
69 3756
356 3867
195 3744
360 3827
404 3048
130 3702
2668 2909
276 3167
70 3857
30 885
201 3786
1103 3580
2908 3690
41 3939
3032 3701
344 3810
289 3673
794 2001
3 3640
275 3725
396 3663
2614 3700
156 3715
331 3748
187 3936
7 3868
143 3800
358 3936
106 3919
228 3707
81 3746
192 3755
25 3615
399 3703
260 3921
242 3992
332 3818
3259 3317
299 3697
66 3842
455 3116
15 3683
388 3881
398 3883
164 3726
193 3855
28 3747
282 1831
116 3993
393 3727
185 3667
207 3613
193 3794
290 3720
323 3922
399 3617
162 3805
894 3606
297 3882
204 3893
212 3603
305 3893
87 3669
196 3868
1159 2141
1113 2780
289 3736
95 3664
384 3918
378 3946
345 1800
1199 1859
38 3789
298 3600
2901 3505
3465 3801
290 3887
56 3627
46 3643
783 3011
23 3997
605 3076
278 3712
723 850
36 3632
137 3885
255 3809
252 3706
227 3821
65 3912
30 3937
755 3607
255 3842
378 3715
389 3906
121 3721
282 3949
186 3620
314 3676
400 3911
31 3635
99 3830
24 3725
128 3704
63 3859
1118 2945
366 3782
184 3906
188 3763
106 3777
476 1251
332 3880
93 3799
148 3738
5 3731
229 3674
66 3932
388 3830
260 3956
306 3946
700 2879
297 3945
170 3790
131 3727
389 3700
117 2698
382 3673
114 3701
182 3985
1568 3372
172 3625
2 3843
26 3807
62 4000
393 3742
171 3863
399 3763
31 3965
190 1764
33 3879
288 3676
290 3705
51 3811
298 3620
273 3666
189 3745
298 3718
1323 1706
12 3714
285 3733
255 3896
273 3786
5 3632
299 4000
93 3916
362 3983
561 1788
369 3614
116 3201
90 3844
315 3869
1926 3074
242 3674
1018 3285
63 3943
3384 3489
87 3723
201 3859
883 3839
336 3902
74 3888
137 3953
258 3785
27 3683
96 3642
71 3879
251 3744
7 3812
323 3775
866 1099
3005 3895
126 3816
59 3659
110 3960
129 3925
22 3738
271 3966
147 3733
77 3995
92 3827
286 3811
701 2571
296 3944
395 3882
253 3671
290 3897
214 3731
61 3993
9 3873
274 3928
376 3967
148 4000
277 3891
361 3705
1223 1369
233 3719
24 3682
377 1179
1393 1768
89 3625
153 3611
314 3628
139 3887
1829 2399
159 3898
17 3742
276 3880
232 3829
110 3853
123 3852
161 3990
335 3710
3806
731 3529
481 3883
72 3679
300 3627
277 3332
1980 2726
554 3432
582 3812
719 3766
772 3609
586 3515
207 3767
670 3547
181 3482
656 3443
416 3761
991 3741
265 3849
1582 3136
321 3338
40 3643
539 3347
226 3600
1051 3801
2070 3180
262 3531
505 3748
576 3802
514 3845
522 3741
736 3396
456 3766
1071 3260
632 3886
1343 2599
776 3761
451 3446
798 1477
117 3822
2527 3019
346 3684
673 3442
293 3740
293 3748
2141 3151
633 3354
3272 3304
96 3667
1265 2618
1505 2340
1093 2281
1744 3305
273 3787
720 3443
2533 3214
751 3628
360 3774
682 3554
451 2304
345 3343
380 3507
703 3851
525 3654
732 3731
82 3543
2218 3351
788 797
554 3667
426 3454
109 3784
401 3865
592 3797
563 3328
604 3842
275 3715
4 3606
359 3511
86 3769
469 1330
2106 3050
579 3875
1666 2506
3622 3726
281 3838
248 3136
566 3616
662 3701
642 3426
215 3765
571 3328
811 2480
705 2980
207 3724
666 3753
357 3358
700 3884
681 2242
590 3742
620 3861
1132 2106
174 3665
735 1808
559 3554
737 3310
499 3473
1 2634
391 3678
89 3377
2986 3795
1799 3476
3001 3747
333 3488
512 3798
783 2099
1401 2839
481 3573
216 3362
99 3389
138 3634
363 3335
566 3624
3223 3738
687 3654
443 3581
1085 3656
887 1071
414 3572
419 3752
98 3876
136 3451
322 3563
604 3800
257 3334
216 3788
1432 2008
463 3669
665 3709
122 3681
578 3314
728 3369
1408 3339
1289 1820
735 3364
514 3418
200 3494
396 3868
27 3323
134 3402
47 3767
714 3554
82 3522
379 2696
392 3815
686 3763
697 3396
638 3451
2108 3496
18 3622
326 3402
367 3402
2990 3012
384 3633
77 3632
256 3599
380 3822
495 3441
108 3546
256 3774
340 3457
269 3332
500 667
768 3796
199 3462
69 3586
274 3775
1755 1917
648 3668
534 3685
481 3845
237 3846
32 3882
244 3678
2448 2730
1643 2135
2466 3868
417 1674
319 3548
576 3639
634 3352
281 3649
400 3365
738 3804
166 3385
142 3515
2125 3876
667 3598
105 3628
465 3810
662 3745
742 1528
139 3663
287 3639
1491 3406
129 3395
610 1473
427 3784
344 3566
65 3581
148 3359
81 3828
240 3316
506 3601
318 3751
743 3671
236 3513
618 3875
777 3880
393 3727
177 3370
116 3490
597 3495
577 3694
316 3556
2469 2867
59 3304
698 3421
645 3387
542 3457
266 3567
269 3615
702 3153
61 3878
1172 2761
935 3289
219 1195
292 3450
89 3724
243 544
195 3634
514 3306
720 3273
179 3823
404 3772
216 3119
457 3313
302 3628
1348 2876
453 3469
333 3413
556 3606
306 3800
385 3594
1272 1743
1922 1939
635 3392
1136 1431
254 3700
651 3563
2928 3677
330 3658
2151 2438
240 3322
285 3645
85 3566
1756 2757
29 3560
685 3533
148 3829
764 3376
309 3387
76 3723
1123 3596
761 3346
251 3695
382 3717
312 3739
1762 3491
859 3429
727 3435
1198 2849
305 3315
68 3673
301 3723
302 3533
377 3506
1982 3690
121 3456
166 3515
727 3432
362 3559
63 3310
517 3571
245 3835
335 3561
248 3500
630 3387
307 3756
2207 3147
444 3621
460 3598
545 3695
758 3598
776 3542
256 3555
7 3382
128 3348
768 3391
346 3531
464 3874
111 3586
42 3557
224 3862
388 2387
990 3134
771 3810
713 3473
590 3554
111 3418
218 3627
558 3883
288 3168
186 3631
1180 3720
18 3758
682 3730
400 3428
61 3600
64 3800
733 3514
292 3509
1173 1480
740 3322
2009 3725
720 3329
854 3550
536 3444
563 3304
184 3805
340 3394
179 3500
870 1614
204 3586
117 3795
519 3553
80 3325
1687 3611
436 3774
484 2358
709 3653
347 3487
352 3411
219 3541
333 3396
550 3653
2279 2460
291 3320
202 3497
603 3607
567 3307
684 3772
678 3640
427 3432
662 3857
334 3660
1696 2531
610 3327
89 3434
605 3344
466 3788
382 3665
159 3604
755 3551
288 1153
351 3597
656 3775
733 3458
570 3329
266 3443
515 3751
210 3804
635 3800
249 3410
553 3762
332 3380
1416 2045
2018 2434
539 3399
20 3523
273 2041
414 3735
363 3809
396 3839
618 3593
724 3884
800 2546
154 3437
725 3499
161 3673
346 3753
606 903
305 3340
683 3619
1100 2821
739 3844
2462 2807
827 2086
776 3566
809 3207
11 3435
299 3771
791 1537
683 3354
531 3466
646 3688
744 3616
369 3638
343 748
208 3492
1132 2360
532 3654
700 3539
746 3674
651 3649
148 3713
513 3556
653 3724
729 945
157 3827
571 3316
313 3757
251 3440
298 3739
126 592
522 3864
236 3483
881 1778
2874 3840
326 3404
290 3610
341 3881
1205 3383
433 3635
677 3714
1957 2979
663 3328
268 3537
818 3003
670 3368
657 3330
92 3778
575 3413
2283 2520
605 3423
294 3306
420 3435
316 3789
590 3581
392 531
677 3833
543 2330
750 3875
38 3866
296 3696
371 3878
224 3386
579 3497
729 3820
621 3685
738 3883
1959 3388
1083 3507
417 3542
405 3491
356 3360
141 3576
1025 1753
68 3463
33 3411
140 3305
2446 2466
319 3744
1931 3250
724 3844
743 3511
669 3322
346 3383
143 3366
468 3581
47 3792
705 1050
538 3767
590 3753
575 3440
550 3834
667 3626
627 3596
113 3442
715 3767
2096 3204
672 3833
695 3393
474 3579
219 3776
232 3357
734 2742
2626 3280
1214 1525
532 3539
158 3518
1700 3086
19 369
369 3615
518 3657
666 3856
1663 2541
740 3411
209 3308
659 3654
1911 3381
612 2737
435 3794
1718 1847
3432 3775
490 3853
561 3624
500 3690
1917 3523
524 3571
350 1723
1544 2602
344 3766
649 3547
773 3365
2230 3150
1944 3013
567 3719
690 3414
397 3782
557 595
255 3621
874 3051
125 3546
282 3463
306 3420
1725 2738
418 3876
567 3361
656 3592
1275 2876
277 2737
116 3801
593 3844
692 3833
678 3423
292 3530
629 2512
560 3459
687 3841
56 3494
161 3171
219 3581
326 3709
336 3727
585 3774
801 2639
603 3632
566 3853
3 459
640 3449
284 3646
614 3403
744 3395
217 3529
430 3754
765 3812
693 3691
273 3477
56 3602
182 3474
2438 2523
35 3472
470 3396
552 3874
562 2664
668 3342
594 2690
696 3285
683 1095
532 3821
560 3396
462 3336
1210 3606
502 3517
1217 1225
405 3832
666 3356
521 3563
716 3535
1285 3064
516 3605
560 3672
657 1182
1635 3600
182 3797
189 3803
140 1191
391 3356
306 3410
511 3739
765 3604
243 3814
269 3401
44 205
881 1135
606 3651
323 3479
15 353
562 3384
665 3495
518 3575
1694 2347
125 3419
309 3837
2235 2436
2003 2942
547 3509
590 3460
2303 3599
183 3838
179 3407
154 3375
130 3801
23 3849
3088 3380
287 3366
658 3565
731 3784
315 3607
417 3863
750 3724
117 2442
961 2318
2217 2307
586 3514
1756 3353
367 3339
541 3492
602 3804
592 3325
257 3428
2516 3020
61 3664
36 3715
108 3849
772 3408
107 3387
471 3508
1866 1909
173 3488
968 1079
304 3656
347 3363
602 3450
148 3732
688 3851
109 3548
482 3658
737 3645
325 3871
65 3471
937 1401
306 3741
756 840
550 3859
320 3425
2343 3485
764 3752
2587 2737
69 2659
481 3571
1440 3073
803 3522
166 3555
3105 3741
718 3460
655 3637
411 3468
64 3310
452 3204
1033 2683
226 3546
560 1488
2737 3056
286 3516
739 3657
189 1117
204 3538
49 3658
336 3779
316 1657
2431 3301
668 3571
618 3814
296 3351
450 3615
2186 3245
51 3784
69 3823
2132 3328
1896 3656
204 3317
201 3609
734 3167
481 3788
1749 3682
2722 3281
493 3306
24 3535
141 3320
360 3592
2556 3737
714 3564
453 3400
670 3541
214 3584
362 3711
578 3419
6 3846
638 3380
578 3453
79 1972
676 3717
752 3735
977 2788
1169 2466
701 3438
508 3732
127 3571
447 1735
604 3616
544 1677
596 3352
613 3474
41 3825
759 3526
2467 2739
555 3641
952 3766
627 3379
512 3439
410 3819
493 3762
2084 2786
562 3846
445 3527
2556 3834
2798 3459
43 3515
192 3338
347 558
585 3565
277 3603
58 3809
276 3861
2444 2465
409 3823
259 3579
149 3416
751 1493
308 644
604 3839
601 3334
632 3677
19 3733
92 3693
430 3611
428 3349
621 3608
520 2072
264 3761
280 3663
92 3552
703 3495
2638 3353
1288 1342
524 3680
142 3593
811 1934
178 3844
690 3689
203 3316
2336 2442
2264 3592
896 2628
13 3613
64 3612
731 3699
2665 3124
1639 2264
531 1978
893 1344
473 2236
1224 3226
1313 2328
378 3520
325 3367
740 3678
533 3668
1705 3839
490 3333
559 3378
489 3730
73 3880
330 3534
752 3838
424 3836
1673 3684
619 3875
129 3865
256 3811
107 3512
709 3484
320 3656
2877 3406
777 3650
80 3307
2819 3559
1334 2572
124 3387
1411 1750
266 3371
82 3317
889 2079
377 3574
1260 2037
510 3323
618 3608
201 3837
77 3183
1615 2315
774 3453
317 3594
1990 2236
83 3700
136 3788
381 3594
126 3623
455 3424
574 3693
1320 1874
528 3454
425 3826
295 3734
2115 3416
1151 3235
35 3315
877 1197
541 3465
2241 3563
3195 3584
519 3808
487 3491
459 3607
138 3836
458 3875
13 3865
1080 2269
711 3477
610 3525
364 3532
157 3459
419 3462
550 3663
169 3575
288 3320
310 1069
672 3402
607 2024
89 3662
411 3595
517 3398
730 3674
282 3794
184 3401
722 3687
108 510
668 3613
471 3723
1246 2017
1048 3406
466 3619
212 3847
259 784
289 2601
420 3436
746 3840
281 3543
764 3516
278 3554
240 3868
753 3765
72 3685
37 3641
476 566
428 3690
159 3782
228 3809
528 980
603 1444
564 3753
96 3503
126 3752
741 3675
33 2593
3121 3886
688 3437
374 3343
438 3513
1078 1409
1064 1797
229 3513
847 3528
549 3503
2751 2968
296 3440
227 3458
71 3622
2398 3707
50 3733
498 3655
1249 2883
659 3400
28 3743
445 3568
946 3345
2162 2664
2125 3340
328 3587
1345 3083
23 3869
581 3327
519 3809
1595 3532
2281 3585
326 3650
235 1007
416 3633
236 3411
180 3713
250 3387
270 3725
358 3767
648 3836
489 3550
1066 1083
406 3409
676 3411
28 3865
310 3688
742 3413
66 3362
361 3487
694 3453
98 3455
617 1911
1206 3730
690 3852
12 3559
46 3850
892 3332
2671 3579
2079 2561
580 3532
457 3651
774 3697
466 3722
896 3172
3390 3560
3121 3314
214 3711
335 3681
771 3721
436 3577
1688 2063
238 3864
25 3839
576 3338
1296 2933
171 3472
636 3552
334 3886
11 3721
557 3523
149 3539
457 1075
722 3683
1087 2018
2098 3328
65 3673
362 3332
1664 2347
258 1133
1542 1696
346 3448
519 3340
308 3340
2177 2426
435 3758
684 2650
564 3459
566 3484
617 3860
305 3466
514 1569
292 3666
542 2548
142 3815
1277 1763
1316 3256
559 3772
1769 2148
314 3511
490 3806
733 3530
1333 3215
760 3706
407 3618
498 3844
1374 2028
367 2997
2672 3255
87 3710
339 3455
332 2736
208 2300
1797 3392
433 3107
452 3386
362 3571
426 3613
719 3474
806 3667
1074 2241
438 3701
453 3387
628 3868
584 3664
1460 2026
407 3488
306 3667
296 3389
485 3775
839 3794
311 3490
114 3546
183 430
2544 3395
393 3381
8 3782
272 3396
437 3323
741 3642
737 3622
745 3454
759 3799
17 1040
27 3371
2168 3160
498 3442
34 3669
772 3304
243 3394
1054 1807
1683 2305
1993 3852
600 3797
322 3634
553 3625
384 3704
969 1718
747 3417
507 729
1163 3188
7 3555
309 3561
1716 2929
984 1407
1285 2985
196 3872
496 3820
363 3633
1788 2126
760 3798
445 3480
260 2328
288 295
686 3467
601 3423
3069 3848
2 3850
324 3614
51 3578
159 3309
169 3435
244 3420
749 3384
615 3496
504 3804
147 3444
290 3463
286 3667
378 3407
1424 3545
121 3436
288 3410
37 3439
702 3741
351 3837
3365 3732
127 3451
34 3408
465 3346
1100 2481
222 3526
551 3437
25 800
400 3391
84 3761
247 3634
278 3538
588 3315
562 3491
363 3821
499 3516
3285 3545
10 3756
370 734
303 3597
593 3773
419 3810
564 3857
1126 1826
624 3522
254 270
20 3644
109 3813
139 3592
383 3355
2832 3028
392 3391
77 3629
552 3766
679 2960
687 3836
613 3816
347 3584
593 3410
343 3766
714 3597
735 3847
173 3245
288 3803
190 3590
75 3616
586 3682
93 3696
115 3314
169 3525
203 296
244 3519
629 3318
274 3352
686 3348
503 3335
505 3677
250 3462
378 3409
491 2259
681 3824
738 3538
122 3656
1500 3786
576 1284
153 3800
640 3551
1236 1861
374 3835
160 3313
1489 1606
669 3426
51 3320
71 3708
202 1730
575 3582
7 3761
509 3885
584 3834
249 527
3 3462
628 2113
427 3854
88 3471
540 3570
626 3314
449 3657
1273 2322
69 3834
1173 3432
2205 3689
1388 1980
648 3328
237 3807
746 3642
2302 2555
555 3655
667 1737
200 3413
30 3524
192 3463
377 3689
2392 3587
425 3675
468 1448
468 3791
122 3740
584 3868
665 3471
940 2532
1837 3657
446 3620
2622 2724
145 3410
677 3500
485 3620
274 2155
488 3434
491 2369
525 3561
530 3637
130 3385
548 3477
79 3330
158 3582
546 3346
636 3448
246 3729
271 3613
586 3702
449 3410
34 3571
470 3411
719 3869
182 3865
587 3604
532 3737
308 3646
20 3545
482 3735
814 2592
1089 3434
218 3545
212 2860
667 3694
489 3706
2275 2427
152 3489
274 3328
234 3525
637 3653
261 3730
786 1910
591 3393
220 3452
1537 3593
296 3496
310 3375
730 3836
169 3739
526 3569
187 3519
160 3466
493 3608
243 2529
3706 3822
463 3858
1172 3539
716 3647
71 3782
45 3719
2316 2564
123 3421
339 2217
710 3564
1504 1540
371 3659
90 1970
367 3716
130 3496
681 1033
90 3531
1289 3148
5 81
253 3790
629 1961
88 3706
277 3811
470 3456
686 3798
342 3788
695 3378
503 3847
138 3822
705 3736
542 3328
312 1593
489 3694
729 3734
404 3474
60 3878
679 3866
1675 3149
718 3763
208 3813
765 3394
340 3859
2889 2891
908 3016
494 3388
721 3024
379 3750
129 3422
807 833
437 3346
718 3839
356 3668
391 3548
95 2156
173 3660
525 3694
249 3406
774 980
96 3859
1218 2584
1573 1701
509 3456
446 3487
693 3474
256 3544
1238 2168
701 3823
544 816
733 3630
744 3405
664 3479
1683 2255
3480 3744
166 3675
1905 2206
2968 3009
2745 2870
251 3540
57 3499
213 3398
685 3558
19 3589
1149 3442
282 3437
551 3605
968 1722
95 3797
243 3628
314 3486
446 1468
233 3388
686 3778
526 3511
586 834
298 3381
2167 2478
617 3523
67 3356
675 2351
313 3668
288 3343
658 3322
1911 2888
627 3659
215 3517
1430 2586
84 2443
31 3446
596 3756
1673 3370
264 3873
136 3686
399 3654
1132 3590
438 3797
1115 3793
396 3800
102 3375
158 3326
640 3596
1563 3741
40 3552
209 3802
318 3576
78 3405
29 3678
678 3386
988 3659
2047 3188
139 3656
660 3316
2008 2517
548 1188
6 3555
26 3366
1341 3080
726 3734
406 3411
1 3778
422 3449
1996 2198
693 3644
317 3310
749 3741
325 3783
2590 3235
529 2545
744 3869
660 3523
751 3795
51 3799
624 3572
508 3675
2712 2865
658 3308
758 1441
2077 2844
720 3352
572 3475
335 3441
412 3535
88 3653
2147 2280
466 3543
472 3878
2023 2154
319 2901
381 3386
668 3572
337 3728
641 3319
751 3714
739 3489
347 3791
659 3599
539 3583
38 3834
1610 3338
732 3867
598 3758
456 3863
728 3406
48 3312
2216 3356
1323 3219
676 3683
1869 3825
282 3611
370 3754
2199 3331
243 3542
1378 3321
2503 3019
60 3620
484 3794
1899 2467
645 3683
298 3456
384 3675
59 3701
528 3632
1588 2098
1850 2657
755 3721
751 3700
363 3501
294 2247
647 3410
105 3665
607 3837
881 3577
1760 3798
303 2324
661 3688
430 3417
1645 1680
198 3551
735 3463
689 2510
498 3330
309 3421
694 1963
288 2328
869 2593
579 3483
252 3785
276 3479
749 3717
1815 3267
567 3838
1174 3592
718 3475
1145 1366
3119 3420
752 3313
260 3454
672 3503
678 3539
404 3772
25 3401
739 3566
111 3512
1909 3252
497 3688
10 3360
382 3333
150 3634
757 3475
724 1646
1361 2653
563 3337
762 3786
37 3451
595 3418
417 3613
159 3419
357 3398
373 3783
631 3563
987 1755
1101 1502
415 3639
247 1216
289 3780
1562 3651
624 3384
485 3615
220 3738
1229 1508
189 2663
673 3074
166 3330
540 3719
633 1582
395 1158
1814 2018
542 3766
1535 3723
748 3580
2978 3241
666 1995
744 3331
317 3756
343 3489
2133 2298
243 3444
1622 2503
616 3858
26 3632
750 3881
553 2833
103 3677
168 3757
1340 2626
718 3664
217 3815
667 3359
448 3668
417 1391
3152 3246
2344 2946
656 3600
1432 3452
266 3348
583 3334
207 3675
341 744
700 3558
9 3439
565 2844
455 1345
1126 1672
584 3344
289 3598
670 3420
611 3681
128 3635
44 3823
587 3780
480 2222
483 3676
222 3491
178 3516
1706 3400
697 3729
2073 3459
466 3698
305 3362
254 1429
196 2923
465 3847
2984 3523
2605 3698
27 3628
226 3315
723 3223
257 3323
1753 2848
2003 2366
175 3434
220 3595
1675 2787
1884 2803
872 2960
279 3778
468 3819
485 3677
745 3717
21 1594
702 3398
163 3354
1126 2168
685 3733
673 3455
258 3514
4 2312
1286 2411
105 3355
421 3397
22 3351
178 3597
937 1058
553 3404
1693 3698
710 3434
43 3766
29 3560
42 3525
112 3442
31 3678
539 3363
901 2358
522 3414
714 3724
399 3718
239 3506
623 1063
576 3516
1603 1988
212 3418
368 3854
157 3829
407 3462
183 3737
2757 3577
497 3708
83 3456
258 2574
734 1198
265 2442
535 3587
2517 3297
132 3805
526 3637
498 3850
663 2930
654 1797
271 3540
29 3643
215 3481
2020 3879
499 3304
738 3407
224 3697
32 3457
1 3725
664 3688
196 3628
341 3882
69 3422
92 3614
277 3810
1930 2454
446 3388
277 3691
372 3636
494 3507
599 3875
354 3492
701 3345
642 3350
32 3551
381 3469
603 3458
260 3544
2 3577
24 3660
24 3620
2588 3220
759 1487
680 3815
85 3864
153 3863
346 3794
28 1620
864 2013
723 3311
82 3459
2508 3156
124 3539
1728 3233
305 3361
146 3641
1 3363
129 3633
491 3813
259 3812
61 953
2109 2531
745 1032
120 3589
573 3342
404 3734
213 2145
678 2691
758 3769
549 3506
256 3539
656 3556
666 3878
451 3373
156 2055
459 3367
95 3426
589 3533
51 3611
457 3583
248 2276
562 3723
284 3602
1858 2963
236 3329
336 3440
499 3824
264 1731
379 3430
178 3726
1369 2785
1204 3666
148 3643
33 1643
665 3669
132 3014
177 3545
764 3805
626 3497
154 3796
898 3623
301 3451
1345 3545
10 3317
384 3883
73 3781
417 3378
657 3346
421 3720
307 3470
198 3650
407 3718
451 3869
250 3699
213 3330
736 3310
23 3523
474 3757
588 3751
723 3723
1303 3642
440 3647
9 3761
375 3583
1242 2261
777 3739
512 3881
218 3477
498 3626
638 3336
84 3760
1991 3095
623 3608
71 3571
209 3884
419 3460
50 3428
720 3537
56 3322
484 3747
12 3693
612 3365
434 3876
3203 3868
240 3863
518 3501
1626 3643
509 3432
332 3391
621 3794
355 3400
674 3423
564 3832
393 3383
110 3333
1 286
659 1410
146 3611
7 3624
633 3373
267 3625
83 3312
205 3406
360 3864
181 3381
420 3633
537 3648
726 3487
590 3801
420 910
328 3475
528 3455
684 3601
736 1643
1136 3208
610 3703
1730 3694
243 3713
253 3604
345 3511
404 2435
118 3699
609 3552
441 3559
22 1445
90 760
72 3312
702 3757
673 3663
215 3375
501 3673
449 3263
378 3697
194 3809
102 2665
381 3444
225 3642
521 3606
253 3868
327 3344
735 3829
384 3523
720 3667
320 3723
565 3509
2451 2750
1279 1339
217 3639
31 3374
1835 2303
2996 3343
1962 2084
185 3788
272 3871
36 3642
1790 3550
44 3829
350 3438
456 3769
659 3633
360 3836
2147 3317
240 3633
2385 2392
541 3567
424 3537
255 3874
400 3581
129 3628
1105 1206
711 3835
90 3698
2940 3556
275 3516
84 3632
735 3578
351 3651
271 3323
359 3738
567 3812
222 3315
215 3404
151 3315
256 3713
617 3821
678 3826
736 3322
143 3366
693 3307
231 1135
377 3508
50 3843
1863 3324
1259 3733
881 2011
271 3771
755 3782
708 3737
211 3365
389 3634
1912 3105
1178 1350
186 3655
72 3355
687 2809
77 3815
386 3613
186 3511
391 3880
2187 2244
568 3447
2105 2202
399 3410
1795 3669
338 3307
757 3552
408 3768
396 2356
689 3856
518 3873
192 3542
193 3781
172 3316
717 3525
3002 3450
372 3407
694 3616
389 3548
188 3455
2935 3480
603 3723
198 3507
307 3644
481 3482
432 3526
269 3594
2267 2985
2020 2667
692 3484
72 3427
486 3654
1651 2347
9 3700
463 3320
461 3584
774 2191
704 3832
223 3601
29 3444
570 3848
246 3655
117 3828
557 3588
104 3379
372 3604
686 3463
2383 3451
490 3544
769 3440
434 3560
658 3358
388 3622
330 544
403 3577
232 3644
103 3389
637 3663
626 3736
659 3311
135 3550
112 3386
308 1082
176 3526
138 3761
2113 3866
450 3610
144 3708
204 1629
23 3793
194 3751
548 3867
372 3331
682 3704
2939 3314
264 3516
166 3542
484 3406
165 3453
560 3771
134 3372
522 3742
135 3796
647 3389
1522 2687
530 3379
3370 3599
161 3763
1349 2991
623 3333
2915 3196
393 3738
604 3837
2748 3098
535 3339
1487 3229
424 3443
146 3402
333 3375
675 3692
286 3561
444 3716
95 3818
3723 3844
2 3695
9 3578
3169 3311
339 3874
2488 2691
284 3327
355 3410
171 3661
472 1227
386 3577
227 3466
1261 1515
206 3787
686 3717
470 3249
1962 2780
120 3660
27 3462
457 3534
243 1365
566 1258
332 457
1895 3702
167 3489
69 3675
449 3634
364 3530
384 3834
3161 3883
306 3872
626 3472
32 3325
587 1324
60 3689
178 3710
2506 3653
292 3435
658 3334
514 3454
705 3335
140 3500
385 3878
925 2666
353 3352
450 3590
368 3650
618 3352
98 3330
1034 3380
620 3409
592 3613
2486 3185
72 3316
89 3824
524 3855
667 3319
262 2706
612 3375
587 3422
42 3727
698 3761
593 3708
3623 3784
696 3338
974 3183
3597 3762
753 3739
2758 3869
32 3836
615 3372
620 3612
586 3347
501 3600
302 3859
252 3789
721 3367
420 3476
459 3707
386 3636
91 3747
2255 3748
12 3592
90 3485
171 3857
1490 2476
664 3518
1984 2026
87 3657
189 3667
731 3419
122 3692
552 3645
437 3601
333 3853
191 2657
590 3345
240 3502
65 3588
522 3507
602 3046
230 3552
239 3566
519 3552
408 2180
753 3636
427 3752
692 3639
622 3727
662 3573
1550 3366
736 3855
50 3480
590 3662
221 3466
759 3548
618 3662
418 3768
1852 2081
539 3639
164 3341
181 3721
51 3382
137 3828
285 3545
129 3310
165 3605
172 3799
352 3460
404 3398
74 3435
662 3359
3645 3748
361 3856
1500 1749
3086 3101
181 3766
792 3874
862 1661
2 3869
393 3304
479 3512
490 3311
614 3642
619 3486
687 3384
79 3366
272 3378
699 3734
603 3692
2944 3063
371 3860
619 3775
1441 3750
474 3681
299 3562
2448 3192
397 3850
1410 1610
432 3698
631 1309
3671 3843
297 3762
432 3714
445 3525
280 3597
743 1002
699 3666
31 2164
47 3742
21 3425
171 880
584 3859
2043 3717
208 3384
454 3318
234 3739
720 3638
332 3701
315 3633
629 3724
1067 3380
420 3652
59 1924
308 3866
2036 3327
561 3701
154 3847
972 2711
474 3665
2979 3860
125 3604
119 3865
1498 2783
710 3579
684 1950
330 3613
763 3544
605 2664
336 3861
480 3795
519 3594
350 3541
670 3394
585 3389
387 3835
1206 3102
1263 3577
578 3615
335 3687
672 3484
171 3483
343 3421
493 3885
1256 3496
201 3741
210 3499
1578 3576
635 3730
135 3605
705 3382
65 3512
1402 1587
767 3680
549 3564
24 3859
560 3554
2783 3189
1657 2241
1270 1892
422 3347
586 3554
105 3562
452 3419
258 3865
115 3636
481 3824
674 2847
203 3694
449 3375
1152 2264
957 2429
357 3317
445 3861
408 3497
368 3682
339 3442
1306 2740
621 3882
321 3659
145 3604
723 3791
132 3631
9 3860
1650 3767
157 3440
352 1955
704 3841
493 3377
18 3595
169 3468
1355 2351
641 2264
385 1012
1098 2425
16 3736
644 3793
213 3519
400 3576
489 3491
1645 3788
1522 3100
481 3811
516 3410
900 1675
184 3751
206 3725
1485 2354
244 3647
239 3551
1304 2701
359 2471
33 3382
2703 3180
2197 3568
535 3331
424 3427
467 3756
349 3668
2551 2947
37 3853
748 3596
7 3433
662 3541
577 3877
470 3794
492 988
394 3825
837 3351
1040 1677
172 3509
632 3556
305 3466
704 3426
188 3730
124 3786
349 2715
768 3352
336 3369
512 3579
29 3418
2947 3199
2601 3469
405 3495
187 3561
332 3797
2732 2900
1459 1479
298 3540
596 3548
2522 3234
692 3717
2444 2472
444 3319
100 3375
332 3444
139 3589
501 3416
667 3562
385 2156
158 3761
1464 1835
130 3477
756 3632
676 3629
3333 3768
456 3538
539 3470
335 3705
752 3595
432 3652
1752 2344
57 3629
246 3789
679 3562
402 3622
1889 3231
527 2323
28 3358
439 3559
1723 3257
217 3631
1355 2496
497 3648
576 3854
1770 2677
605 3860
165 3759
419 3505
353 3408
1151 1809
1420 1897
706 3786
5 3449
92 3484
732 3840
585 3655
122 3728
271 3829
611 3699
146 3421
373 3354
1137 3791
166 3613
456 1408
489 3758
933 2546
207 3364
455 3329
253 623
38 3756
434 3881
1262 1669
335 3550
218 3433
103 3318
342 3845
769 3396
92 3581
1812 3580
863 3558
707 3339
2604 2995
277 3388
85 3704
390 944
667 3770
1177 1896
432 3835
9 3573
733 3330
235 3516
249 3706
260 3872
1055 3863
848 3013
681 3336
168 3851
1968 2239
590 3727
1105 3630
701 3525
500 3460
550 3428
301 1326
1257 2145
1281 3264
273 3515
72 1700
899 2233
333 3570
573 3076
636 3798
410 3635
214 3604
332 3709
175 3310
205 3632
747 3555
345 1845
108 3414
349 3338
1997 3573
683 3865
104 3847
1431 3683
443 3703
423 3373
2810 3548
596 3816
157 3410
377 3383
368 3857
2452 3511
3498 3829
105 3847
734 3803
2655 3387
438 3839
721 3440
95 3518
645 3318
297 3721
688 3776
757 3580
3721 3817
450 3629
2539 3160
704 3877
848 2468
497 3757
28 3660
265 3811
644 3386
461 3323
686 3725
98 3305
1784 3036
752 3836
50 3834
1512 2507
633 3749
597 3448
199 3664
1039 2919
82 3422
428 3850
1666 2038
458 3674
341 3847
1327 3440
134 3316
591 3767
480 3827
589 3236
390 3552
675 3402
83 320
1243 2689
501 3321
203 1508
2443 3525
352 3789
557 3785
267 3633
108 2703
24 3818
434 3555
323 1465
1020 3817
261 3534
505 1847
2585 3416
768 3355
165 3345
447 3558
495 3330
86 3675
175 3380
1254 3150
298 3345
550 3827
1595 2213
374 3612
1847 1867
1084 2527
315 3367
583 3870
151 3651
343 3352
60 3042
2677 2679
704 3444
226 3388
2265 3476
738 2851
631 3531
187 3873
602 3798
345 2588
53 3400
93 3712
298 3632
2617 3809
710 3303
292 3402
87 3640
774 3691
1955 2503
409 3668
1890 1941
66 3493
474 2974
192 3336
655 3843
757 3704
153 3856
340 3705
460 3556
1720 3735
634 3410
162 3869
1956 3551
694 3843
749 3615
81 3672
43 3405
396 3424
108 3327
998 2253
462 2923
404 3875
216 3731
83 3483
752 1932
628 3753
2099 3661
142 3350
357 3778
437 3840
124 3306
104 3833
103 3456
514 2188
412 3524
616 3332
84 3565
380 3363
469 3852
354 3499
722 3807
562 3748
348 3805
322 3548
433 3815
123 3045
1402 1679
643 3529
779 2088
314 3318
1422 3355
112 3446
110 3411
178 3444
635 3396
267 3627
126 3535
715 3494
1798 2536
688 3429
715 3525
743 3784
35 3770
637 3776
603 3770
698 3413
1338 3077
1056 1871
423 3575
161 3743
124 3739
434 3328
328 3461
1410 3217
389 3474
272 3313
694 3530
1292 2041
465 3567
685 3410
741 3530
2677 2919
869 1223
855 2605
419 3704
526 3375
390 3497
120 3673
535 3713
2044 3064
3140 3647
293 3854
688 3704
461 3608
3 3598
33 3563
604 2463
25 2156
614 3410
412 3780
452 3446
171 3879
332 3304
336 3691
51 3494
44 3808
355 3820
381 3749
42 3652
182 3443
2749 2970
7 3704
238 2597
549 3563
540 3709
255 3603
256 3703
711 3725
689 2668
735 3820
281 3828
132 3868
116 3779
66 3504
453 3375
274 3778
248 3532
128 3601
617 3658
2961 3711
670 3760
995 3564
368 3683
2743 3007
869 896
18 3650
598 3598
323 3857
552 3874
215 3657
45 3463
280 3353
1374 3554
580 3768
452 3424
2204 3806
15 3421
1625 1793
606 3880
180 3511
445 3809
889 2427
513 3651
173 3416
600 3715
846 3772
655 2973
79 3491
173 3748
601 3485
120 3509
133 3861
373 3858
139 3805
763 3748
3356 3814
57 3846
173 3539
1942 2455
622 3737
3121 3545
1314 3639
114 3626
6 3793
238 3767
734 3401
78 3642
2133 2597
85 3583
590 3552
323 1724
126 3830
543 3347
316 3616
613 3389
1083 2441
16 3711
626 3849
511 3605
3598 3655
241 3456
276 3708
640 3686
66 3620
525 755
413 3742
1453 2965
515 3637
234 3593
1259 3811
602 3506
450 3535
1199 1998
642 2190
1661 3714
605 3312
559 3319
122 3504
17 3569
1397 1914
441 3813
452 1658
521 3382
1302 1682
97 3844
752 3854
532 3368
247 3744
603 3832
2096 2159
57 3556
5 3317
321 3649
1032 3850
268 3691
521 3400
500 3479
2424 3421
241 3871
158 3872
1849 3529
215 3779
76 3422
615 3505
9 3757
100 3745
753 3457
128 3001
188 3723
657 3615
919 1899
101 3420
191 3770
223 3428
510 3753
2620 3834
128 3692
718 3874
72 3815
268 3333
464 3477
180 3454
661 3426
495 3621
153 3831
630 3717
107 3776
739 3783
129 3407
410 3548
2579 2791
580 3601
1234 1895
199 3499
169 1291
480 3670
445 3337
3121 3389
143 3693
658 3544
83 3696
728 3761
762 3481
379 2772
341 3684
411 3529
580 3671
1211 2499
428 3388
398 2817
161 2650
502 2953
1495 3693
360 2512
342 3447
617 3363
279 1549
69 3661
672 3755
497 3702
306 2102
238 3600
671 3537
633 3654
70 3552
51 3760
45 3571
64 3784
66 3711
281 3394
1943 2554
341 3320
859 2968
13 3447
572 3407
290 3630
638 3697
660 3800
3290 3793
589 3348
427 3400
741 3376
636 3448
295 3594
648 3426
51 3749
465 3453
500 3352
294 3806
64 3349
1237 1715
231 1109
459 3635
2139 2901
595 3854
758 3620
785 3170
21 3825
1162 2801
2379 3855
3 3418
2027 3462
683 3770
672 3402
557 3715
672 3564
389 3379
989 2430
10 3498
770 3701
590 3550
71 2347
409 3472
515 549
620 3748
2194 2488
229 3721
22 3081
601 3506
568 3820
634 3813
471 3666
350 3789
390 3608
419 3443
351 3612
62 3844
284 3324
515 3426
661 3321
622 3791
1446 2887
2810 3259
710 3837
2386 3326
661 3583
593 3809
665 3671
72 3388
502 3723
450 3856
414 3639
446 3732
618 3699
92 3534
210 3367
658 3369
93 3433
226 3304
716 3321
4 3521
532 3455
485 3493
3086 3807
197 3744
649 3763
2620 3584
145 3378
1347 2094
648 991
46 3557
317 3852
493 3668
754 3542
743 3871
272 2832
6 3834
371 3390
190 3852
108 3707
1458 3056
499 3728
186 3442
1027 2379
722 3526
626 3718
450 3558
576 3780
333 1887
383 3877
684 3650
358 3542
2220 3735
531 3398
342 3738
708 3466
278 3459
667 3676
424 3346
157 3696
478 3443
253 3685
788 2527
236 3623
547 3332
671 3401
466 3317
436 3445
53 3837
84 3391
80 3340
2181 3782
87 3840
217 2079
256 3393
894 1989
534 3799
411 3378
1282 1317
410 3866
567 1031
605 3736
843 876
2856 3214
667 3618
1247 3506
2629 3009
698 3304
192 3303
517 3730
334 3886
677 3630
22 3236
948 1416
389 3444
565 3649
498 3721
674 3664
34 2979
717 3759
2813 3785
741 3406
2085 2532
1770 2821
1884 3765
712 2385
554 3648
414 3449
636 3345
571 3527
642 3475
728 3855
1504 3655
610 3628
285 3826
113 3778
598 3307
759 3621
2602 2619
2484 2654
55 3650
966 1097
104 2960
873 1262
1156 3701
138 3395
193 3320
54 2011
573 3421
761 3525
584 3564
548 3578
2221 2801
2575 2685
727 3559
1049 1206
185 3357
1045 1674
670 3453
158 1908
401 3711
230 3354
545 3382
334 3708
844 1457
660 3714
364 3687
60 3593
661 3356
349 3339
379 3521
469 3378
766 3608
5 3744
821 2240
366 3630
105 3765
156 3478
93 1565
52 3342
340 3331
749 3854
652 3708
363 3528
450 3531
347 3678
268 3777
328 2311
502 3627
393 3403
609 3311
358 3520
750 3592
245 3460
386 3681
744 3476
209 3571
2140 2615
228 3805
293 3726
582 3730
950 2655
426 2724
380 3626
182 3397
1372 1773
135 3377
698 3416
241 3757
458 3445
323 3701
1039 1530
226 3835
393 1265
70 3788
492 1141
396 3775
210 3739
2426 2949
171 3628
649 3390
344 3398
706 3437
83 3759
322 3341
480 3580
521 3810
440 3630
449 3318
544 3755
164 3535
688 3723
2236 3618
11 3644
218 1418
107 3828
1966 3363
584 3644
1738 3638
547 3469
261 3593
553 3524
561 3706
2716 3563
67 1100
337 3733
1264 3308
249 3550
473 3483
748 3748
531 3593
3553 3570
3355 3455
365 3306
27 3658
3135 3473
686 3487
3264 3324
2738 3308
534 3407
210 3503
235 3744
618 3410
293 3819
1101 1186
8 3578
287 3360
184 3639
728 3807
44 3472
197 3781
507 3685
1548 2277
114 3310
458 3296
730 3323
368 3870
746 3458
518 3718
386 3391
234 3505
186 3562
770 2817
109 3865
484 3736
777 3604
228 3601
96 3428
105 3770
363 1278
470 2936
564 3513
128 3368
6 3362
480 3181
33 3478
270 3336
461 3795
666 3884
528 3500
39 3856
418 3815
1558 2742
707 3399
676 3746
830 2897
276 3324
528 3670
128 3879
1398 1691
692 3659
101 3882
654 2506
495 1591
534 3450
186 3687
731 2049
1659 3016
142 3473
1776 3623
460 3666
656 1624
699 3528
332 3547
1983 2475
473 3532
2462 2526
317 3802
229 3651
362 3876
488 3706
70 3637
1884 2795
1189 3711
415 3472
1699 3601
609 3727
563 3004
2152 3445
731 3393
400 3307
309 3659
2413 3134
407 3679
2562 2568
319 3555
797 3054
131 3824
3027 3307
114 3479
567 3658
276 3388
264 3795
667 3405
273 3352
7 952
43 3652
143 2173
2344 3417
179 3602
302 3364
423 3447
1233 2518
17 3619
396 3362
616 3501
676 3690
72 3732
602 3651
1324 2843
668 3337
724 3434
958 1781
480 3340
57 3860
49 3484
438 3335
464 3583
869 1208
445 3360
421 3635
530 3373
669 3440
405 3628
350 3796
70 1208
63 3856
627 3607
151 1036
263 3361
1129 2169
2521 3037
660 3509
2551 3414
693 3659
2422 3753
2589 2765
789 2965
680 3414
731 3793
208 3782
640 3765
463 3797
110 3628
1450 2998
718 3734
437 3787
2460 3701
771 3321
239 3583
500 3432
566 3691
917 996
1577 2301
2417 2636
1748 3850
319 3787
375 3808
145 3456
194 3650
169 3109
640 3854
304 3663
362 3433
504 3304
2413 2916
757 3499
142 867
582 3884
694 3693
1239 3206
5 3593
32 3732
299 3679
1305 3855
289 3687
654 3604
3017 3512
484 2650
511 3520
566 3586
2814 2980
3251 3436
2118 2587
702 3615
36 3351
468 3318
335 716
18 3825
175 3723
1120 1638
3177 3218
393 421
344 1128
217 3744
201 2099
1380 1870
2040 3025
685 3885
758 3797
681 3637
107 3509
405 3669
354 3547
244 3726
109 3399
618 3707
291 3515
552 3692
127 3833
1205 3310
195 3794
1949 2921
351 3311
495 3677
2543 3146
118 3492
442 3702
634 3863
514 3682
925 3793
761 3757
88 3369
112 3710
117 3414
595 3683
1353 3686
708 3384
521 3586
598 1761
612 3351
482 3438
494 3785
51 3319
460 3578
1937 3592
796 1220
765 3735
743 3837
27 622
117 3649
533 3586
1865 2150
16 3874
607 3710
1228 3078
512 3386
260 3647
2658 2664
579 3330
210 3783
575 1516
3148 3619
548 3820
1737 3660
574 3446
132 3179
704 3856
485 3798
525 684
378 3734
354 3519
400 3470
672 3852
197 3429
475 3527
518 3324
46 3333
655 3367
397 3398
388 3337
247 3423
215 2227
42 3620
734 3632
270 3565
643 3581
3502 3778
602 3829
459 3053
559 3584
601 3431
2241 3468
468 3443
469 3333
89 3372
2043 3845
2098 3400
615 3433
63 3772
606 3774
676 3677
458 3573
553 3405
721 3524
407 3882
307 3823
674 3425
581 3683
757 3710
84 3512
244 3009
495 3664
316 3772
1797 2610
2893 2915
676 739
399 3510
448 3575
229 3362
107 3478
1179 3128
117 3381
1221 1358
159 3833
253 3389
255 3512
6 3623
303 3404
49 1255
293 3138
268 3492
2763 3826
2247 2715
2972 3735
186 3802
768 3674
13 3550
644 3340
588 3744
606 1165
438 3485
676 3478
190 3489
442 3468
11 2892
1222 2407
494 3456
314 3422
484 3380
694 1630
332 3703
531 3775
538 3366
681 3357
275 3777
353 3795
78 3361
38 3812
557 3787
1075 2227
764 3646
948 2753
97 3845
652 3845
751 3436
219 3435
735 3458
1122 1388
403 3487
579 3842
695 3617
328 3862
675 2580
213 3536
665 3861
115 3660
156 3651
163 3791
303 3314
409 3812
475 3333
416 3683
682 3777
337 3529
2934 3736
2816 3546
302 3800
236 3579
390 3352
474 3514
591 3632
391 3384
527 3701
408 3857
100 3409
165 3319
462 3751
16 3793
652 3730
261 3461
596 3768
722 3657
9 3377
733 3644
1047 3122
547 3752
566 3832
739 3637
13 3608
245 3614
553 3334
168 3853
673 3455
554 3676
2241 2855
1253 3800
1882 3582
241 3524
361 3765
656 3840
148 3589
2371 3403
297 3333
75 3599
634 1142
433 3754
340 3855
727 3304
172 3797
767 3690
1071 3343
554 3678
324 3784
550 3625
1162 3325
741 3813
38 3761
982 3321
765 3320
19 3464
364 3625
1682 3717
1012 2042
681 3841
499 1757
534 3827
595 3701
9 3885
267 3613
588 3498
150 3806
92 3393
215 3311
647 3824
570 3740
19 3601
222 3379
713 3822
1044 1295
119 1507
349 3516
1065 2853
506 3576
1528 2524
633 3324
509 3746
2424 2641
200 3378
54 3821
358 3642
1222 3101
56 3758
23 3309
70 3355
716 3792
11 3430
461 3377
651 3531
664 3731
539 3786
529 3885
603 3397
1140 3497
586 3709
26 3440
23 3660
161 3410
468 3875
765 3581
316 3878
330 3370
4 3715
59 3689
416 3828
312 3385
1373 3436
934 1607
356 3803
643 3407
51 3886
241 3081
23 3375
1821 3341
544 3720
119 3342
860 3165
288 3357
645 3593
757 3858
201 3794
17 3406
553 3436
332 3586
354 3523
719 3613
1009 1727
353 3755
2824 3117
574 3764
370 3514
225 3512
495 3715
2160 3259
517 3860
416 3680
208 3643
874 3641
320 3871
1955 2703
624 3453
537 3506
213 3413
129 3727
345 3624
710 3561
2518 2931
9 321
298 3527
66 3823
439 3691
58 3693
368 3682
637 3839
726 3386
305 3760
232 3491
3118 3602
266 3662
660 3396
597 3363
553 3739
3501 3810
1263 3841
382 3347
2437 2444
2044 3392
120 3607
194 3410
1932 3241
709 931
277 1529
242 3423
1722 3330
532 3813
286 3457
1552 1553
734 3539
3502 3743
435 3526
136 3391
3289 3847
66 3447
568 3879
724 3785
678 3825
1212 1877
1064 2116
162 3881
511 2108
603 3795
777 3260
2936 3291
789 3840
1180 1383
595 3584
47 3629
505 3787
50 3501
2644 2752
1506 2689
243 929
888 2498
160 3600
704 3795
217 3668
1290 3567
602 3707
487 3737
270 3595
1086 1535
746 3514
575 3321
384 1906
52 3513
875 2416
36 3639
777 3818
15 3403
423 3881
652 3542
554 3840
3308 3430
143 3488
230 3654
24 3742
182 3435
710 3439
897 2540
1016 2327
1358 1853
445 1840
286 3704
251 3826
399 3669
126 3541
585 3585
2374 3704
91 3700
284 1459
2470 3523
2117 2273
160 1678
331 3452
